3.0,3.0,-34.93,138.6,58.0,20.3
3.0,12.0,-34.93,138.6,58.0,34.9
3.0,9.0,-34.93,138.6,58.0,30.3
3.0,15.0,-34.93,138.6,58.0,33.7
3.0,3.0,-34.93,138.6,58.0,19.2
3.0,12.0,-34.93,138.6,58.0,35.0
3.0,9.0,-34.93,138.6,58.0,25.8
3.0,15.0,-34.93,138.6,58.0,31.3
3.0,3.0,-34.93,138.6,58.0,17.9
3.0,12.0,-34.93,138.6,58.0,34.5
3.0,9.0,-34.93,138.6,58.0,23.1
3.0,15.0,-34.93,138.6,58.0,33.9
3.0,3.0,-34.93,138.6,58.0,17.5
3.0,12.0,-34.93,138.6,58.0,27.9
3.0,9.0,-34.93,138.6,58.0,24.3
3.0,15.0,-34.93,138.6,58.0,27.0
3.0,3.0,-34.93,138.6,58.0,15.7
3.0,12.0,-34.93,138.6,58.0,26.6
3.0,9.0,-34.93,138.6,58.0,19.8
3.0,15.0,-34.93,138.6,58.0,25.3
3.0,3.0,-34.93,138.6,58.0,17.1
3.0,12.0,-34.93,138.6,58.0,27.8
3.0,9.0,-34.93,138.6,58.0,18.6
3.0,15.0,-34.93,138.6,58.0,25.4
3.0,3.0,-34.93,138.6,58.0,17.9
3.0,12.0,-34.93,138.6,58.0,30.8
3.0,9.0,-34.93,138.6,58.0,22.6
3.0,15.0,-34.93,138.6,58.0,25.4
3.0,3.0,-34.93,138.6,58.0,18.1
3.0,12.0,-34.93,138.6,58.0,28.9
3.0,9.0,-34.93,138.6,58.0,23.0
3.0,15.0,-34.93,138.6,58.0,25.5
3.0,3.0,-34.93,138.6,58.0,16.3
3.0,12.0,-34.93,138.6,58.0,28.1
3.0,9.0,-34.93,138.6,58.0,23.4
3.0,15.0,-34.93,138.6,58.0,26.2
3.0,3.0,-34.93,138.6,58.0,14.3
3.0,12.0,-34.93,138.6,58.0,28.7
3.0,9.0,-34.93,138.6,58.0,19.5
3.0,15.0,-34.93,138.6,58.0,25.6
3.0,3.0,-34.93,138.6,58.0,17.0
3.0,12.0,-34.93,138.6,58.0,30.2
3.0,9.0,-34.93,138.6,58.0,24.5
3.0,15.0,-34.93,138.6,58.0,29.3
3.0,3.0,-34.93,138.6,58.0,17.1
3.0,12.0,-34.93,138.6,58.0,22.1
3.0,9.0,-34.93,138.6,58.0,19.1
3.0,15.0,-34.93,138.6,58.0,20.1
3.0,3.0,-34.93,138.6,58.0,16.5
3.0,12.0,-34.93,138.6,58.0,23.6
3.0,9.0,-34.93,138.6,58.0,18.7
3.0,15.0,-34.93,138.6,58.0,22.5
3.0,3.0,-34.93,138.6,58.0,14.1
3.0,12.0,-34.93,138.6,58.0,27.4
3.0,9.0,-34.93,138.6,58.0,20.6
3.0,15.0,-34.93,138.6,58.0,25.9
3.0,3.0,-34.93,138.6,58.0,20.2
3.0,12.0,-34.93,138.6,58.0,33.4
3.0,9.0,-34.93,138.6,58.0,26.3
3.0,15.0,-34.93,138.6,58.0,31.9
3.0,3.0,-34.93,138.6,58.0,18.5
3.0,12.0,-34.93,138.6,58.0,22.9
3.0,9.0,-34.93,138.6,58.0,19.3
3.0,15.0,-34.93,138.6,58.0,21.6
3.0,3.0,-34.93,138.6,58.0,13.2
3.0,12.0,-34.93,138.6,58.0,26.7
3.0,9.0,-34.93,138.6,58.0,17.0
3.0,15.0,-34.93,138.6,58.0,22.7
3.0,3.0,-34.93,138.6,58.0,11.4
3.0,12.0,-34.93,138.6,58.0,29.9
3.0,9.0,-34.93,138.6,58.0,19.3
3.0,15.0,-34.93,138.6,58.0,27.1
3.0,3.0,-34.93,138.6,58.0,13.3
3.0,12.0,-34.93,138.6,58.0,32.2
3.0,9.0,-34.93,138.6,58.0,23.4
3.0,15.0,-34.93,138.6,58.0,30.7
3.0,3.0,-34.93,138.6,58.0,22.7
3.0,12.0,-34.93,138.6,58.0,29.5
3.0,9.0,-34.93,138.6,58.0,27.1
3.0,15.0,-34.93,138.6,58.0,27.1
3.0,3.0,-34.93,138.6,58.0,20.6
3.0,12.0,-34.93,138.6,58.0,29.3
3.0,9.0,-34.93,138.6,58.0,23.7
3.0,15.0,-34.93,138.6,58.0,28.7
3.0,3.0,-34.93,138.6,58.0,19.3
3.0,12.0,-34.93,138.6,58.0,22.5
3.0,9.0,-34.93,138.6,58.0,20.5
3.0,15.0,-34.93,138.6,58.0,21.6
3.0,3.0,-34.93,138.6,58.0,17.4
3.0,12.0,-34.93,138.6,58.0,29.1
3.0,9.0,-34.93,138.6,58.0,19.1
3.0,15.0,-34.93,138.6,58.0,24.5
3.0,3.0,-34.93,138.6,58.0,19.0
3.0,12.0,-34.93,138.6,58.0,31.4
3.0,9.0,-34.93,138.6,58.0,24.0
3.0,15.0,-34.93,138.6,58.0,28.0
3.0,3.0,-34.93,138.6,58.0,20.4
3.0,12.0,-34.93,138.6,58.0,24.9
3.0,9.0,-34.93,138.6,58.0,22.2
3.0,15.0,-34.93,138.6,58.0,23.7
3.0,3.0,-34.93,138.6,58.0,20.4
3.0,12.0,-34.93,138.6,58.0,33.9
3.0,9.0,-34.93,138.6,58.0,23.0
3.0,15.0,-34.93,138.6,58.0,29.5
3.0,3.0,-34.93,138.6,58.0,20.7
3.0,12.0,-34.93,138.6,58.0,23.2
3.0,9.0,-34.93,138.6,58.0,21.2
3.0,15.0,-34.93,138.6,58.0,22.3
3.0,3.0,-34.93,138.6,58.0,17.4
3.0,12.0,-34.93,138.6,58.0,24.3
3.0,9.0,-34.93,138.6,58.0,17.8
3.0,15.0,-34.93,138.6,58.0,23.3
3.0,3.0,-34.93,138.6,58.0,14.3
3.0,12.0,-34.93,138.6,58.0,23.4
3.0,9.0,-34.93,138.6,58.0,19.9
3.0,15.0,-34.93,138.6,58.0,16.5
3.0,3.0,-34.93,138.6,58.0,11.6
3.0,12.0,-34.93,138.6,58.0,20.4
3.0,9.0,-34.93,138.6,58.0,15.1
3.0,15.0,-34.93,138.6,58.0,19.0
3.0,3.0,-34.93,138.6,58.0,8.3
3.0,12.0,-34.93,138.6,58.0,19.6
3.0,9.0,-34.93,138.6,58.0,13.5
3.0,15.0,-34.93,138.6,58.0,18.7
