6.0,3.0,-34.93,138.6,58.0,2.9
6.0,12.0,-34.93,138.6,58.0,14.5
6.0,9.0,-34.93,138.6,58.0,10.0
6.0,15.0,-34.93,138.6,58.0,14.1
6.0,3.0,-34.93,138.6,58.0,2.4
6.0,12.0,-34.93,138.6,58.0,16.3
6.0,9.0,-34.93,138.6,58.0,9.9
6.0,15.0,-34.93,138.6,58.0,14.9
6.0,3.0,-34.93,138.6,58.0,2.9
6.0,12.0,-34.93,138.6,58.0,17.4
6.0,9.0,-34.93,138.6,58.0,9.6
6.0,15.0,-34.93,138.6,58.0,14.8
6.0,3.0,-34.93,138.6,58.0,1.8
6.0,12.0,-34.93,138.6,58.0,15.4
6.0,9.0,-34.93,138.6,58.0,8.0
6.0,15.0,-34.93,138.6,58.0,14.6
6.0,3.0,-34.93,138.6,58.0,5.1
6.0,12.0,-34.93,138.6,58.0,17.4
6.0,9.0,-34.93,138.6,58.0,9.9
6.0,15.0,-34.93,138.6,58.0,17.1
6.0,3.0,-34.93,138.6,58.0,8.6
6.0,12.0,-34.93,138.6,58.0,17.0
6.0,9.0,-34.93,138.6,58.0,13.0
6.0,15.0,-34.93,138.6,58.0,16.2
6.0,3.0,-34.93,138.6,58.0,2.7
6.0,12.0,-34.93,138.6,58.0,14.7
6.0,9.0,-34.93,138.6,58.0,9.0
6.0,15.0,-34.93,138.6,58.0,14.0
6.0,3.0,-34.93,138.6,58.0,3.8
6.0,12.0,-34.93,138.6,58.0,16.7
6.0,9.0,-34.93,138.6,58.0,8.3
6.0,15.0,-34.93,138.6,58.0,14.2
6.0,3.0,-34.93,138.6,58.0,5.9
6.0,12.0,-34.93,138.6,58.0,15.0
6.0,9.0,-34.93,138.6,58.0,11.3
6.0,15.0,-34.93,138.6,58.0,14.4
6.0,3.0,-34.93,138.6,58.0,7.8
6.0,12.0,-34.93,138.6,58.0,15.4
6.0,9.0,-34.93,138.6,58.0,12.5
6.0,15.0,-34.93,138.6,58.0,14.8
6.0,3.0,-34.93,138.6,58.0,3.3
6.0,12.0,-34.93,138.6,58.0,15.5
6.0,9.0,-34.93,138.6,58.0,8.1
6.0,15.0,-34.93,138.6,58.0,14.9
6.0,3.0,-34.93,138.6,58.0,7.0
6.0,12.0,-34.93,138.6,58.0,17.2
6.0,9.0,-34.93,138.6,58.0,12.3
6.0,15.0,-34.93,138.6,58.0,16.4
6.0,3.0,-34.93,138.6,58.0,6.4
6.0,12.0,-34.93,138.6,58.0,16.3
6.0,9.0,-34.93,138.6,58.0,11.8
6.0,15.0,-34.93,138.6,58.0,15.7
6.0,3.0,-34.93,138.6,58.0,5.4
6.0,12.0,-34.93,138.6,58.0,18.8
6.0,9.0,-34.93,138.6,58.0,12.3
6.0,15.0,-34.93,138.6,58.0,18.6
6.0,3.0,-34.93,138.6,58.0,8.5
6.0,12.0,-34.93,138.6,58.0,18.4
6.0,9.0,-34.93,138.6,58.0,12.2
6.0,15.0,-34.93,138.6,58.0,18.0
6.0,3.0,-34.93,138.6,58.0,9.7
6.0,12.0,-34.93,138.6,58.0,15.3
6.0,9.0,-34.93,138.6,58.0,12.3
6.0,15.0,-34.93,138.6,58.0,15.2
6.0,3.0,-34.93,138.6,58.0,4.7
6.0,12.0,-34.93,138.6,58.0,17.1
6.0,9.0,-34.93,138.6,58.0,10.3
6.0,15.0,-34.93,138.6,58.0,16.4
6.0,3.0,-34.93,138.6,58.0,7.1
6.0,12.0,-34.93,138.6,58.0,16.0
6.0,9.0,-34.93,138.6,58.0,10.9
6.0,15.0,-34.93,138.6,58.0,14.8
6.0,3.0,-34.93,138.6,58.0,4.5
6.0,12.0,-34.93,138.6,58.0,19.3
6.0,9.0,-34.93,138.6,58.0,10.2
6.0,15.0,-34.93,138.6,58.0,16.1
6.0,3.0,-34.93,138.6,58.0,3.5
6.0,12.0,-34.93,138.6,58.0,19.0
6.0,9.0,-34.93,138.6,58.0,11.3
6.0,15.0,-34.93,138.6,58.0,18.7
6.0,3.0,-34.93,138.6,58.0,4.0
6.0,12.0,-34.93,138.6,58.0,18.1
6.0,9.0,-34.93,138.6,58.0,10.2
6.0,15.0,-34.93,138.6,58.0,15.6
6.0,3.0,-34.93,138.6,58.0,4.9
6.0,12.0,-34.93,138.6,58.0,18.9
6.0,9.0,-34.93,138.6,58.0,12.1
6.0,15.0,-34.93,138.6,58.0,17.8
6.0,3.0,-34.93,138.6,58.0,6.3
6.0,12.0,-34.93,138.6,58.0,18.2
6.0,9.0,-34.93,138.6,58.0,12.2
6.0,15.0,-34.93,138.6,58.0,16.4
6.0,3.0,-34.93,138.6,58.0,4.1
6.0,12.0,-34.93,138.6,58.0,15.8
6.0,9.0,-34.93,138.6,58.0,10.3
6.0,15.0,-34.93,138.6,58.0,15.1
6.0,3.0,-34.93,138.6,58.0,7.1
6.0,12.0,-34.93,138.6,58.0,14.0
6.0,9.0,-34.93,138.6,58.0,10.5
6.0,15.0,-34.93,138.6,58.0,13.6
6.0,3.0,-34.93,138.6,58.0,7.7
6.0,12.0,-34.93,138.6,58.0,15.4
6.0,9.0,-34.93,138.6,58.0,10.2
6.0,15.0,-34.93,138.6,58.0,14.3
6.0,3.0,-34.93,138.6,58.0,9.0
6.0,12.0,-34.93,138.6,58.0,16.4
6.0,9.0,-34.93,138.6,58.0,12.9
6.0,15.0,-34.93,138.6,58.0,15.0
6.0,3.0,-34.93,138.6,58.0,5.8
6.0,12.0,-34.93,138.6,58.0,15.4
6.0,9.0,-34.93,138.6,58.0,10.8
6.0,15.0,-34.93,138.6,58.0,11.7
6.0,3.0,-34.93,138.6,58.0,4.6
6.0,12.0,-34.93,138.6,58.0,14.7
6.0,9.0,-34.93,138.6,58.0,11.6
6.0,15.0,-34.93,138.6,58.0,14.2
6.0,3.0,-34.93,138.6,58.0,3.9
6.0,12.0,-34.93,138.6,58.0,15.0
6.0,9.0,-34.93,138.6,58.0,8.8
6.0,15.0,-34.93,138.6,58.0,13.8
