4.0,3.0,-34.93,138.6,58.0,13.4
4.0,12.0,-34.93,138.6,58.0,21.5
4.0,9.0,-34.93,138.6,58.0,14.8
4.0,15.0,-34.93,138.6,58.0,20.1
4.0,3.0,-34.93,138.6,58.0,12.9
4.0,12.0,-34.93,138.6,58.0,21.3
4.0,9.0,-34.93,138.6,58.0,16.6
4.0,15.0,-34.93,138.6,58.0,20.5
4.0,3.0,-34.93,138.6,58.0,10.3
4.0,12.0,-34.93,138.6,58.0,21.9
4.0,9.0,-34.93,138.6,58.0,16.2
4.0,15.0,-34.93,138.6,58.0,21.0
4.0,3.0,-34.93,138.6,58.0,8.8
4.0,12.0,-34.93,138.6,58.0,23.4
4.0,9.0,-34.93,138.6,58.0,18.5
4.0,15.0,-34.93,138.6,58.0,23.0
4.0,3.0,-34.93,138.6,58.0,14.2
4.0,12.0,-34.93,138.6,58.0,28.2
4.0,9.0,-34.93,138.6,58.0,22.9
4.0,15.0,-34.93,138.6,58.0,23.8
4.0,3.0,-34.93,138.6,58.0,10.7
4.0,12.0,-34.93,138.6,58.0,28.6
4.0,9.0,-34.93,138.6,58.0,22.4
4.0,15.0,-34.93,138.6,58.0,27.7
4.0,3.0,-34.93,138.6,58.0,16.2
4.0,12.0,-34.93,138.6,58.0,29.7
4.0,9.0,-34.93,138.6,58.0,23.0
4.0,15.0,-34.93,138.6,58.0,28.3
4.0,3.0,-34.93,138.6,58.0,14.3
4.0,12.0,-34.93,138.6,58.0,28.6
4.0,9.0,-34.93,138.6,58.0,24.0
4.0,15.0,-34.93,138.6,58.0,21.8
4.0,3.0,-34.93,138.6,58.0,14.1
4.0,12.0,-34.93,138.6,58.0,17.9
4.0,9.0,-34.93,138.6,58.0,15.8
4.0,15.0,-34.93,138.6,58.0,16.0
4.0,3.0,-34.93,138.6,58.0,12.2
4.0,12.0,-34.93,138.6,58.0,19.2
4.0,9.0,-34.93,138.6,58.0,17.3
4.0,15.0,-34.93,138.6,58.0,16.6
4.0,3.0,-34.93,138.6,58.0,8.2
4.0,12.0,-34.93,138.6,58.0,21.1
4.0,9.0,-34.93,138.6,58.0,15.3
4.0,15.0,-34.93,138.6,58.0,19.7
4.0,3.0,-34.93,138.6,58.0,9.1
4.0,12.0,-34.93,138.6,58.0,21.4
4.0,9.0,-34.93,138.6,58.0,17.3
4.0,15.0,-34.93,138.6,58.0,20.8
4.0,3.0,-34.93,138.6,58.0,8.9
4.0,12.0,-34.93,138.6,58.0,24.0
4.0,9.0,-34.93,138.6,58.0,18.8
4.0,15.0,-34.93,138.6,58.0,22.6
4.0,3.0,-34.93,138.6,58.0,9.1
4.0,12.0,-34.93,138.6,58.0,21.9
4.0,9.0,-34.93,138.6,58.0,18.9
4.0,15.0,-34.93,138.6,58.0,21.9
4.0,3.0,-34.93,138.6,58.0,8.8
4.0,12.0,-34.93,138.6,58.0,22.7
4.0,9.0,-34.93,138.6,58.0,16.4
4.0,15.0,-34.93,138.6,58.0,21.6
4.0,3.0,-34.93,138.6,58.0,14.6
4.0,12.0,-34.93,138.6,58.0,23.3
4.0,9.0,-34.93,138.6,58.0,18.0
4.0,15.0,-34.93,138.6,58.0,21.7
4.0,3.0,-34.93,138.6,58.0,11.9
4.0,12.0,-34.93,138.6,58.0,25.3
4.0,9.0,-34.93,138.6,58.0,20.5
4.0,15.0,-34.93,138.6,58.0,23.2
4.0,3.0,-34.93,138.6,58.0,17.4
4.0,12.0,-34.93,138.6,58.0,30.0
4.0,9.0,-34.93,138.6,58.0,23.1
4.0,15.0,-34.93,138.6,58.0,29.1
4.0,3.0,-34.93,138.6,58.0,21.0
4.0,12.0,-34.93,138.6,58.0,31.1
4.0,9.0,-34.93,138.6,58.0,25.5
4.0,15.0,-34.93,138.6,58.0,28.5
4.0,3.0,-34.93,138.6,58.0,19.2
4.0,12.0,-34.93,138.6,58.0,22.0
4.0,9.0,-34.93,138.6,58.0,19.6
4.0,15.0,-34.93,138.6,58.0,21.4
4.0,3.0,-34.93,138.6,58.0,18.3
4.0,12.0,-34.93,138.6,58.0,21.8
4.0,9.0,-34.93,138.6,58.0,19.7
4.0,15.0,-34.93,138.6,58.0,20.6
4.0,3.0,-34.93,138.6,58.0,10.6
4.0,12.0,-34.93,138.6,58.0,22.5
4.0,9.0,-34.93,138.6,58.0,17.3
4.0,15.0,-34.93,138.6,58.0,21.5
4.0,3.0,-34.93,138.6,58.0,14.0
4.0,12.0,-34.93,138.6,58.0,23.6
4.0,9.0,-34.93,138.6,58.0,19.8
4.0,15.0,-34.93,138.6,58.0,21.3
4.0,3.0,-34.93,138.6,58.0,15.1
4.0,12.0,-34.93,138.6,58.0,20.4
4.0,9.0,-34.93,138.6,58.0,17.9
4.0,15.0,-34.93,138.6,58.0,20.0
4.0,3.0,-34.93,138.6,58.0,16.7
4.0,12.0,-34.93,138.6,58.0,20.9
4.0,9.0,-34.93,138.6,58.0,18.7
4.0,15.0,-34.93,138.6,58.0,18.3
4.0,3.0,-34.93,138.6,58.0,11.4
4.0,12.0,-34.93,138.6,58.0,17.1
4.0,9.0,-34.93,138.6,58.0,14.1
4.0,15.0,-34.93,138.6,58.0,15.9
4.0,3.0,-34.93,138.6,58.0,9.6
4.0,12.0,-34.93,138.6,58.0,18.4
4.0,9.0,-34.93,138.6,58.0,12.9
4.0,15.0,-34.93,138.6,58.0,16.7
4.0,3.0,-34.93,138.6,58.0,12.6
4.0,12.0,-34.93,138.6,58.0,18.1
4.0,9.0,-34.93,138.6,58.0,14.2
4.0,15.0,-34.93,138.6,58.0,17.8
4.0,3.0,-34.93,138.6,58.0,13.7
4.0,12.0,-34.93,138.6,58.0,18.7
4.0,9.0,-34.93,138.6,58.0,15.1
4.0,15.0,-34.93,138.6,58.0,17.7
4.0,3.0,-34.93,138.6,58.0,15.1
4.0,12.0,-34.93,138.6,58.0,19.0
4.0,9.0,-34.93,138.6,58.0,16.9
4.0,15.0,-34.93,138.6,58.0,18.7
