12.0,3.0,-34.93,138.6,58.0,10.8
12.0,12.0,-34.93,138.6,58.0,22.1
12.0,9.0,-34.93,138.6,58.0,16.9
12.0,15.0,-34.93,138.6,58.0,18.8
12.0,3.0,-34.93,138.6,58.0,11.0
12.0,12.0,-34.93,138.6,58.0,23.0
12.0,9.0,-34.93,138.6,58.0,17.9
12.0,15.0,-34.93,138.6,58.0,20.4
12.0,3.0,-34.93,138.6,58.0,9.8
12.0,12.0,-34.93,138.6,58.0,26.2
12.0,9.0,-34.93,138.6,58.0,18.3
12.0,15.0,-34.93,138.6,58.0,23.3
12.0,3.0,-34.93,138.6,58.0,17.6
12.0,12.0,-34.93,138.6,58.0,29.6
12.0,9.0,-34.93,138.6,58.0,23.6
12.0,15.0,-34.93,138.6,58.0,26.2
12.0,3.0,-34.93,138.6,58.0,13.5
12.0,12.0,-34.93,138.6,58.0,20.3
12.0,9.0,-34.93,138.6,58.0,17.7
12.0,15.0,-34.93,138.6,58.0,19.2
12.0,3.0,-34.93,138.6,58.0,12.7
12.0,12.0,-34.93,138.6,58.0,20.9
12.0,9.0,-34.93,138.6,58.0,19.1
12.0,15.0,-34.93,138.6,58.0,18.8
12.0,3.0,-34.93,138.6,58.0,12.0
12.0,12.0,-34.93,138.6,58.0,29.8
12.0,9.0,-34.93,138.6,58.0,20.7
12.0,15.0,-34.93,138.6,58.0,25.9
12.0,3.0,-34.93,138.6,58.0,15.1
12.0,12.0,-34.93,138.6,58.0,19.4
12.0,9.0,-34.93,138.6,58.0,16.5
12.0,15.0,-34.93,138.6,58.0,18.7
12.0,3.0,-34.93,138.6,58.0,12.2
12.0,12.0,-34.93,138.6,58.0,19.5
12.0,9.0,-34.93,138.6,58.0,15.3
12.0,15.0,-34.93,138.6,58.0,18.5
12.0,3.0,-34.93,138.6,58.0,8.5
12.0,12.0,-34.93,138.6,58.0,22.7
12.0,9.0,-34.93,138.6,58.0,17.4
12.0,15.0,-34.93,138.6,58.0,20.4
12.0,3.0,-34.93,138.6,58.0,10.9
12.0,12.0,-34.93,138.6,58.0,26.9
12.0,9.0,-34.93,138.6,58.0,18.3
12.0,15.0,-34.93,138.6,58.0,25.3
12.0,3.0,-34.93,138.6,58.0,14.5
12.0,12.0,-34.93,138.6,58.0,35.2
12.0,9.0,-34.93,138.6,58.0,26.7
12.0,15.0,-34.93,138.6,58.0,33.8
12.0,3.0,-34.93,138.6,58.0,21.9
12.0,12.0,-34.93,138.6,58.0,34.0
12.0,9.0,-34.93,138.6,58.0,29.5
12.0,15.0,-34.93,138.6,58.0,30.9
12.0,3.0,-34.93,138.6,58.0,16.0
12.0,12.0,-34.93,138.6,58.0,23.8
12.0,9.0,-34.93,138.6,58.0,17.0
12.0,15.0,-34.93,138.6,58.0,22.1
12.0,3.0,-34.93,138.6,58.0,12.3
12.0,12.0,-34.93,138.6,58.0,22.4
12.0,9.0,-34.93,138.6,58.0,15.6
12.0,15.0,-34.93,138.6,58.0,19.7
12.0,3.0,-34.93,138.6,58.0,9.7
12.0,12.0,-34.93,138.6,58.0,24.5
12.0,9.0,-34.93,138.6,58.0,18.4
12.0,15.0,-34.93,138.6,58.0,23.1
12.0,3.0,-34.93,138.6,58.0,15.7
12.0,12.0,-34.93,138.6,58.0,20.2
12.0,9.0,-34.93,138.6,58.0,17.2
12.0,15.0,-34.93,138.6,58.0,19.4
12.0,3.0,-34.93,138.6,58.0,9.0
12.0,12.0,-34.93,138.6,58.0,26.6
12.0,9.0,-34.93,138.6,58.0,16.2
12.0,15.0,-34.93,138.6,58.0,20.0
12.0,3.0,-34.93,138.6,58.0,16.2
12.0,12.0,-34.93,138.6,58.0,36.3
12.0,9.0,-34.93,138.6,58.0,26.6
12.0,15.0,-34.93,138.6,58.0,34.5
12.0,3.0,-34.93,138.6,58.0,15.4
12.0,12.0,-34.93,138.6,58.0,20.9
12.0,9.0,-34.93,138.6,58.0,17.8
12.0,15.0,-34.93,138.6,58.0,19.4
12.0,3.0,-34.93,138.6,58.0,12.9
12.0,12.0,-34.93,138.6,58.0,26.2
12.0,9.0,-34.93,138.6,58.0,17.9
12.0,15.0,-34.93,138.6,58.0,20.8
12.0,3.0,-34.93,138.6,58.0,14.0
12.0,12.0,-34.93,138.6,58.0,30.2
12.0,9.0,-34.93,138.6,58.0,20.9
12.0,15.0,-34.93,138.6,58.0,23.6
12.0,3.0,-34.93,138.6,58.0,19.6
12.0,12.0,-34.93,138.6,58.0,36.0
12.0,9.0,-34.93,138.6,58.0,29.6
12.0,15.0,-34.93,138.6,58.0,30.3
12.0,3.0,-34.93,138.6,58.0,18.0
12.0,12.0,-34.93,138.6,58.0,31.5
12.0,9.0,-34.93,138.6,58.0,26.0
12.0,15.0,-34.93,138.6,58.0,25.9
12.0,3.0,-34.93,138.6,58.0,14.4
12.0,12.0,-34.93,138.6,58.0,38.9
12.0,9.0,-34.93,138.6,58.0,27.4
12.0,15.0,-34.93,138.6,58.0,34.3
12.0,3.0,-34.93,138.6,58.0,21.5
12.0,12.0,-34.93,138.6,58.0,26.4
12.0,9.0,-34.93,138.6,58.0,21.7
12.0,15.0,-34.93,138.6,58.0,24.2
12.0,3.0,-34.93,138.6,58.0,21.4
12.0,12.0,-34.93,138.6,58.0,30.6
12.0,9.0,-34.93,138.6,58.0,23.1
12.0,15.0,-34.93,138.6,58.0,24.1
12.0,3.0,-34.93,138.6,58.0,22.1
12.0,12.0,-34.93,138.6,58.0,26.2
12.0,9.0,-34.93,138.6,58.0,23.3
12.0,15.0,-34.93,138.6,58.0,24.8
12.0,3.0,-34.93,138.6,58.0,18.5
12.0,12.0,-34.93,138.6,58.0,29.5
12.0,9.0,-34.93,138.6,58.0,23.1
12.0,15.0,-34.93,138.6,58.0,27.9
12.0,3.0,-34.93,138.6,58.0,18.0
12.0,12.0,-34.93,138.6,58.0,22.2
12.0,9.0,-34.93,138.6,58.0,19.2
12.0,15.0,-34.93,138.6,58.0,21.2
12.0,3.0,-34.93,138.6,58.0,18.1
12.0,12.0,-34.93,138.6,58.0,22.1
12.0,9.0,-34.93,138.6,58.0,19.2
12.0,15.0,-34.93,138.6,58.0,21.7
