2.0,3.0,-34.93,138.6,58.0,16.5
2.0,12.0,-34.93,138.6,58.0,23.4
2.0,9.0,-34.93,138.6,58.0,19.5
2.0,15.0,-34.93,138.6,58.0,22.0
2.0,3.0,-34.93,138.6,58.0,14.3
2.0,12.0,-34.93,138.6,58.0,24.0
2.0,9.0,-34.93,138.6,58.0,18.8
2.0,15.0,-34.93,138.6,58.0,22.8
2.0,3.0,-34.93,138.6,58.0,12.9
2.0,12.0,-34.93,138.6,58.0,25.1
2.0,9.0,-34.93,138.6,58.0,19.3
2.0,15.0,-34.93,138.6,58.0,23.1
2.0,3.0,-34.93,138.6,58.0,17.3
2.0,12.0,-34.93,138.6,58.0,29.1
2.0,9.0,-34.93,138.6,58.0,24.4
2.0,15.0,-34.93,138.6,58.0,25.1
2.0,3.0,-34.93,138.6,58.0,20.5
2.0,12.0,-34.93,138.6,58.0,25.2
2.0,9.0,-34.93,138.6,58.0,23.8
2.0,15.0,-34.93,138.6,58.0,25.2
2.0,3.0,-34.93,138.6,58.0,17.5
2.0,12.0,-34.93,138.6,58.0,19.9
2.0,9.0,-34.93,138.6,58.0,17.6
2.0,15.0,-34.93,138.6,58.0,19.2
2.0,3.0,-34.93,138.6,58.0,14.5
2.0,12.0,-34.93,138.6,58.0,30.9
2.0,9.0,-34.93,138.6,58.0,19.5
2.0,15.0,-34.93,138.6,58.0,25.5
2.0,3.0,-34.93,138.6,58.0,19.4
2.0,12.0,-34.93,138.6,58.0,41.7
2.0,9.0,-34.93,138.6,58.0,30.9
2.0,15.0,-34.93,138.6,58.0,36.7
2.0,3.0,-34.93,138.6,58.0,25.2
2.0,12.0,-34.93,138.6,58.0,39.2
2.0,9.0,-34.93,138.6,58.0,28.7
2.0,15.0,-34.93,138.6,58.0,33.3
2.0,3.0,-34.93,138.6,58.0,22.7
2.0,12.0,-34.93,138.6,58.0,33.4
2.0,9.0,-34.93,138.6,58.0,25.8
2.0,15.0,-34.93,138.6,58.0,31.3
2.0,3.0,-34.93,138.6,58.0,22.7
2.0,12.0,-34.93,138.6,58.0,32.9
2.0,9.0,-34.93,138.6,58.0,25.5
2.0,15.0,-34.93,138.6,58.0,29.6
2.0,3.0,-34.93,138.6,58.0,17.4
2.0,12.0,-34.93,138.6,58.0,22.3
2.0,9.0,-34.93,138.6,58.0,18.3
2.0,15.0,-34.93,138.6,58.0,20.3
2.0,3.0,-34.93,138.6,58.0,16.3
2.0,12.0,-34.93,138.6,58.0,22.8
2.0,9.0,-34.93,138.6,58.0,17.8
2.0,15.0,-34.93,138.6,58.0,21.2
2.0,3.0,-34.93,138.6,58.0,15.6
2.0,12.0,-34.93,138.6,58.0,24.4
2.0,9.0,-34.93,138.6,58.0,18.0
2.0,15.0,-34.93,138.6,58.0,22.0
2.0,3.0,-34.93,138.6,58.0,18.0
2.0,12.0,-34.93,138.6,58.0,32.0
2.0,9.0,-34.93,138.6,58.0,24.2
2.0,15.0,-34.93,138.6,58.0,27.2
2.0,3.0,-34.93,138.6,58.0,17.2
2.0,12.0,-34.93,138.6,58.0,24.3
2.0,9.0,-34.93,138.6,58.0,21.6
2.0,15.0,-34.93,138.6,58.0,22.9
2.0,3.0,-34.93,138.6,58.0,15.0
2.0,12.0,-34.93,138.6,58.0,22.7
2.0,9.0,-34.93,138.6,58.0,18.9
2.0,15.0,-34.93,138.6,58.0,21.4
2.0,3.0,-34.93,138.6,58.0,16.6
2.0,12.0,-34.93,138.6,58.0,20.7
2.0,9.0,-34.93,138.6,58.0,17.4
2.0,15.0,-34.93,138.6,58.0,17.6
2.0,3.0,-34.93,138.6,58.0,12.7
2.0,12.0,-34.93,138.6,58.0,20.7
2.0,9.0,-34.93,138.6,58.0,15.2
2.0,15.0,-34.93,138.6,58.0,19.7
2.0,3.0,-34.93,138.6,58.0,12.6
2.0,12.0,-34.93,138.6,58.0,21.7
2.0,9.0,-34.93,138.6,58.0,17.0
2.0,15.0,-34.93,138.6,58.0,20.4
2.0,3.0,-34.93,138.6,58.0,10.8
2.0,12.0,-34.93,138.6,58.0,28.0
2.0,9.0,-34.93,138.6,58.0,18.3
2.0,15.0,-34.93,138.6,58.0,27.3
2.0,3.0,-34.93,138.6,58.0,18.3
2.0,12.0,-34.93,138.6,58.0,29.5
2.0,9.0,-34.93,138.6,58.0,28.0
2.0,15.0,-34.93,138.6,58.0,24.7
2.0,3.0,-34.93,138.6,58.0,18.2
2.0,12.0,-34.93,138.6,58.0,23.0
2.0,9.0,-34.93,138.6,58.0,19.8
2.0,15.0,-34.93,138.6,58.0,21.9
2.0,3.0,-34.93,138.6,58.0,13.0
2.0,12.0,-34.93,138.6,58.0,24.7
2.0,9.0,-34.93,138.6,58.0,17.6
2.0,15.0,-34.93,138.6,58.0,23.5
2.0,3.0,-34.93,138.6,58.0,14.9
2.0,12.0,-34.93,138.6,58.0,24.7
2.0,9.0,-34.93,138.6,58.0,18.1
2.0,15.0,-34.93,138.6,58.0,23.0
2.0,3.0,-34.93,138.6,58.0,11.1
2.0,12.0,-34.93,138.6,58.0,23.9
2.0,9.0,-34.93,138.6,58.0,17.5
2.0,15.0,-34.93,138.6,58.0,22.4
2.0,3.0,-34.93,138.6,58.0,12.5
2.0,12.0,-34.93,138.6,58.0,33.2
2.0,9.0,-34.93,138.6,58.0,21.6
2.0,15.0,-34.93,138.6,58.0,27.3
2.0,3.0,-34.93,138.6,58.0,21.6
2.0,12.0,-34.93,138.6,58.0,37.3
2.0,9.0,-34.93,138.6,58.0,30.6
2.0,15.0,-34.93,138.6,58.0,30.9
