9.0,3.0,-34.93,138.6,58.0,7.8
9.0,12.0,-34.93,138.6,58.0,17.8
9.0,9.0,-34.93,138.6,58.0,15.0
9.0,15.0,-34.93,138.6,58.0,16.4
9.0,3.0,-34.93,138.6,58.0,8.3
9.0,12.0,-34.93,138.6,58.0,16.1
9.0,9.0,-34.93,138.6,58.0,14.7
9.0,15.0,-34.93,138.6,58.0,15.2
9.0,3.0,-34.93,138.6,58.0,11.2
9.0,12.0,-34.93,138.6,58.0,15.2
9.0,9.0,-34.93,138.6,58.0,13.2
9.0,15.0,-34.93,138.6,58.0,14.3
9.0,3.0,-34.93,138.6,58.0,11.6
9.0,12.0,-34.93,138.6,58.0,15.9
9.0,9.0,-34.93,138.6,58.0,13.4
9.0,15.0,-34.93,138.6,58.0,14.6
9.0,3.0,-34.93,138.6,58.0,6.7
9.0,12.0,-34.93,138.6,58.0,18.7
9.0,9.0,-34.93,138.6,58.0,13.6
9.0,15.0,-34.93,138.6,58.0,17.0
9.0,3.0,-34.93,138.6,58.0,7.7
9.0,12.0,-34.93,138.6,58.0,21.0
9.0,9.0,-34.93,138.6,58.0,16.7
9.0,15.0,-34.93,138.6,58.0,20.3
9.0,3.0,-34.93,138.6,58.0,11.3
9.0,12.0,-34.93,138.6,58.0,24.9
9.0,9.0,-34.93,138.6,58.0,19.7
9.0,15.0,-34.93,138.6,58.0,24.4
9.0,3.0,-34.93,138.6,58.0,15.9
9.0,12.0,-34.93,138.6,58.0,21.0
9.0,9.0,-34.93,138.6,58.0,17.8
9.0,15.0,-34.93,138.6,58.0,20.0
9.0,3.0,-34.93,138.6,58.0,11.6
9.0,12.0,-34.93,138.6,58.0,16.1
9.0,9.0,-34.93,138.6,58.0,13.9
9.0,15.0,-34.93,138.6,58.0,15.8
9.0,3.0,-34.93,138.6,58.0,11.8
9.0,12.0,-34.93,138.6,58.0,14.8
9.0,9.0,-34.93,138.6,58.0,13.0
9.0,15.0,-34.93,138.6,58.0,13.6
9.0,3.0,-34.93,138.6,58.0,7.0
9.0,12.0,-34.93,138.6,58.0,16.5
9.0,9.0,-34.93,138.6,58.0,13.1
9.0,15.0,-34.93,138.6,58.0,15.9
9.0,3.0,-34.93,138.6,58.0,11.0
9.0,12.0,-34.93,138.6,58.0,13.0
9.0,9.0,-34.93,138.6,58.0,12.8
9.0,15.0,-34.93,138.6,58.0,11.6
9.0,3.0,-34.93,138.6,58.0,9.2
9.0,12.0,-34.93,138.6,58.0,13.6
9.0,9.0,-34.93,138.6,58.0,11.2
9.0,15.0,-34.93,138.6,58.0,9.5
9.0,3.0,-34.93,138.6,58.0,9.2
9.0,12.0,-34.93,138.6,58.0,13.2
9.0,9.0,-34.93,138.6,58.0,9.9
9.0,15.0,-34.93,138.6,58.0,11.4
9.0,3.0,-34.93,138.6,58.0,9.5
9.0,12.0,-34.93,138.6,58.0,15.1
9.0,9.0,-34.93,138.6,58.0,12.8
9.0,15.0,-34.93,138.6,58.0,13.8
9.0,3.0,-34.93,138.6,58.0,7.3
9.0,12.0,-34.93,138.6,58.0,18.5
9.0,9.0,-34.93,138.6,58.0,13.0
9.0,15.0,-34.93,138.6,58.0,17.6
9.0,3.0,-34.93,138.6,58.0,12.6
9.0,12.0,-34.93,138.6,58.0,19.2
9.0,9.0,-34.93,138.6,58.0,16.7
9.0,15.0,-34.93,138.6,58.0,15.3
9.0,3.0,-34.93,138.6,58.0,8.8
9.0,12.0,-34.93,138.6,58.0,14.4
9.0,9.0,-34.93,138.6,58.0,11.3
9.0,15.0,-34.93,138.6,58.0,13.5
9.0,3.0,-34.93,138.6,58.0,8.2
9.0,12.0,-34.93,138.6,58.0,16.5
9.0,9.0,-34.93,138.6,58.0,12.3
9.0,15.0,-34.93,138.6,58.0,15.9
9.0,3.0,-34.93,138.6,58.0,10.7
9.0,12.0,-34.93,138.6,58.0,18.6
9.0,9.0,-34.93,138.6,58.0,12.6
9.0,15.0,-34.93,138.6,58.0,17.9
9.0,3.0,-34.93,138.6,58.0,10.8
9.0,12.0,-34.93,138.6,58.0,14.6
9.0,9.0,-34.93,138.6,58.0,12.5
9.0,15.0,-34.93,138.6,58.0,12.6
9.0,3.0,-34.93,138.6,58.0,8.2
9.0,12.0,-34.93,138.6,58.0,15.2
9.0,9.0,-34.93,138.6,58.0,12.1
9.0,15.0,-34.93,138.6,58.0,13.7
9.0,3.0,-34.93,138.6,58.0,5.5
9.0,12.0,-34.93,138.6,58.0,20.0
9.0,9.0,-34.93,138.6,58.0,15.1
9.0,15.0,-34.93,138.6,58.0,18.1
9.0,3.0,-34.93,138.6,58.0,12.5
9.0,12.0,-34.93,138.6,58.0,16.3
9.0,9.0,-34.93,138.6,58.0,12.9
9.0,15.0,-34.93,138.6,58.0,14.9
9.0,3.0,-34.93,138.6,58.0,10.3
9.0,12.0,-34.93,138.6,58.0,15.5
9.0,9.0,-34.93,138.6,58.0,12.0
9.0,15.0,-34.93,138.6,58.0,14.5
9.0,3.0,-34.93,138.6,58.0,7.8
9.0,12.0,-34.93,138.6,58.0,16.4
9.0,9.0,-34.93,138.6,58.0,13.4
9.0,15.0,-34.93,138.6,58.0,15.7
9.0,3.0,-34.93,138.6,58.0,11.4
9.0,12.0,-34.93,138.6,58.0,19.0
9.0,9.0,-34.93,138.6,58.0,14.4
9.0,15.0,-34.93,138.6,58.0,15.5
9.0,3.0,-34.93,138.6,58.0,8.0
9.0,12.0,-34.93,138.6,58.0,20.0
9.0,9.0,-34.93,138.6,58.0,19.0
9.0,15.0,-34.93,138.6,58.0,17.9
9.0,3.0,-34.93,138.6,58.0,7.6
9.0,12.0,-34.93,138.6,58.0,15.3
9.0,9.0,-34.93,138.6,58.0,12.3
9.0,15.0,-34.93,138.6,58.0,12.1
9.0,3.0,-34.93,138.6,58.0,10.8
9.0,12.0,-34.93,138.6,58.0,15.7
9.0,9.0,-34.93,138.6,58.0,13.3
9.0,15.0,-34.93,138.6,58.0,14.4
