1.0,3.0,-34.93,138.6,58.0,16.7
1.0,12.0,-34.93,138.6,58.0,22.1
1.0,9.0,-34.93,138.6,58.0,18.7
1.0,15.0,-34.93,138.6,58.0,21.1
1.0,3.0,-34.93,138.6,58.0,15.9
1.0,12.0,-34.93,138.6,58.0,24.9
1.0,9.0,-34.93,138.6,58.0,18.9
1.0,15.0,-34.93,138.6,58.0,24.7
1.0,3.0,-34.93,138.6,58.0,13.8
1.0,12.0,-34.93,138.6,58.0,27.6
1.0,9.0,-34.93,138.6,58.0,18.8
1.0,15.0,-34.93,138.6,58.0,26.9
1.0,3.0,-34.93,138.6,58.0,18.2
1.0,12.0,-34.93,138.6,58.0,33.6
1.0,9.0,-34.93,138.6,58.0,24.4
1.0,15.0,-34.93,138.6,58.0,33.3
1.0,3.0,-34.93,138.6,58.0,22.4
1.0,12.0,-34.93,138.6,58.0,36.4
1.0,9.0,-34.93,138.6,58.0,29.3
1.0,15.0,-34.93,138.6,58.0,35.1
1.0,3.0,-34.93,138.6,58.0,22.5
1.0,12.0,-34.93,138.6,58.0,39.6
1.0,9.0,-34.93,138.6,58.0,31.4
1.0,15.0,-34.93,138.6,58.0,38.6
1.0,3.0,-34.93,138.6,58.0,30.7
1.0,12.0,-34.93,138.6,58.0,39.2
1.0,9.0,-34.93,138.6,58.0,35.2
1.0,15.0,-34.93,138.6,58.0,37.5
1.0,3.0,-34.93,138.6,58.0,20.5
1.0,12.0,-34.93,138.6,58.0,24.7
1.0,9.0,-34.93,138.6,58.0,21.7
1.0,15.0,-34.93,138.6,58.0,23.1
1.0,3.0,-34.93,138.6,58.0,19.9
1.0,12.0,-34.93,138.6,58.0,25.8
1.0,9.0,-34.93,138.6,58.0,21.3
1.0,15.0,-34.93,138.6,58.0,24.9
1.0,3.0,-34.93,138.6,58.0,18.9
1.0,12.0,-34.93,138.6,58.0,25.0
1.0,9.0,-34.93,138.6,58.0,23.0
1.0,15.0,-34.93,138.6,58.0,23.9
1.0,3.0,-34.93,138.6,58.0,15.7
1.0,12.0,-34.93,138.6,58.0,24.8
1.0,9.0,-34.93,138.6,58.0,20.0
1.0,15.0,-34.93,138.6,58.0,23.1
1.0,3.0,-34.93,138.6,58.0,14.9
1.0,12.0,-34.93,138.6,58.0,34.2
1.0,9.0,-34.93,138.6,58.0,21.1
1.0,15.0,-34.93,138.6,58.0,28.8
1.0,3.0,-34.93,138.6,58.0,21.1
1.0,12.0,-34.93,138.6,58.0,22.5
1.0,9.0,-34.93,138.6,58.0,21.9
1.0,15.0,-34.93,138.6,58.0,21.3
1.0,3.0,-34.93,138.6,58.0,17.7
1.0,12.0,-34.93,138.6,58.0,22.3
1.0,9.0,-34.93,138.6,58.0,18.4
1.0,15.0,-34.93,138.6,58.0,21.8
1.0,3.0,-34.93,138.6,58.0,13.7
1.0,12.0,-34.93,138.6,58.0,25.2
1.0,9.0,-34.93,138.6,58.0,17.8
1.0,15.0,-34.93,138.6,58.0,21.9
1.0,3.0,-34.93,138.6,58.0,14.0
1.0,12.0,-34.93,138.6,58.0,34.8
1.0,9.0,-34.93,138.6,58.0,22.6
1.0,15.0,-34.93,138.6,58.0,33.2
1.0,3.0,-34.93,138.6,58.0,17.8
1.0,12.0,-34.93,138.6,58.0,39.4
1.0,9.0,-34.93,138.6,58.0,28.6
1.0,15.0,-34.93,138.6,58.0,38.3
1.0,3.0,-34.93,138.6,58.0,18.0
1.0,12.0,-34.93,138.6,58.0,27.3
1.0,9.0,-34.93,138.6,58.0,18.8
1.0,15.0,-34.93,138.6,58.0,27.0
1.0,3.0,-34.93,138.6,58.0,17.7
1.0,12.0,-34.93,138.6,58.0,38.2
1.0,9.0,-34.93,138.6,58.0,23.8
1.0,15.0,-34.93,138.6,58.0,36.8
1.0,3.0,-34.93,138.6,58.0,18.4
1.0,12.0,-34.93,138.6,58.0,23.7
1.0,9.0,-34.93,138.6,58.0,18.5
1.0,15.0,-34.93,138.6,58.0,22.6
1.0,3.0,-34.93,138.6,58.0,13.9
1.0,12.0,-34.93,138.6,58.0,25.4
1.0,9.0,-34.93,138.6,58.0,18.6
1.0,15.0,-34.93,138.6,58.0,22.6
1.0,3.0,-34.93,138.6,58.0,15.4
1.0,12.0,-34.93,138.6,58.0,32.1
1.0,9.0,-34.93,138.6,58.0,25.2
1.0,15.0,-34.93,138.6,58.0,27.8
1.0,3.0,-34.93,138.6,58.0,23.9
1.0,12.0,-34.93,138.6,58.0,31.4
1.0,9.0,-34.93,138.6,58.0,27.1
1.0,15.0,-34.93,138.6,58.0,24.2
1.0,3.0,-34.93,138.6,58.0,16.6
1.0,12.0,-34.93,138.6,58.0,24.6
1.0,9.0,-34.93,138.6,58.0,19.8
1.0,15.0,-34.93,138.6,58.0,23.2
1.0,3.0,-34.93,138.6,58.0,12.8
1.0,12.0,-34.93,138.6,58.0,26.4
1.0,9.0,-34.93,138.6,58.0,18.9
1.0,15.0,-34.93,138.6,58.0,23.8
1.0,3.0,-34.93,138.6,58.0,14.3
1.0,12.0,-34.93,138.6,58.0,27.7
1.0,9.0,-34.93,138.6,58.0,19.3
1.0,15.0,-34.93,138.6,58.0,26.2
1.0,3.0,-34.93,138.6,58.0,14.5
1.0,12.0,-34.93,138.6,58.0,28.9
1.0,9.0,-34.93,138.6,58.0,20.8
1.0,15.0,-34.93,138.6,58.0,26.2
1.0,3.0,-34.93,138.6,58.0,15.6
1.0,12.0,-34.93,138.6,58.0,28.4
1.0,9.0,-34.93,138.6,58.0,23.6
1.0,15.0,-34.93,138.6,58.0,27.4
1.0,3.0,-34.93,138.6,58.0,16.1
1.0,12.0,-34.93,138.6,58.0,36.2
1.0,9.0,-34.93,138.6,58.0,24.4
1.0,15.0,-34.93,138.6,58.0,30.8
1.0,3.0,-34.93,138.6,58.0,24.1
1.0,12.0,-34.93,138.6,58.0,27.3
1.0,9.0,-34.93,138.6,58.0,26.6
1.0,15.0,-34.93,138.6,58.0,26.5
1.0,3.0,-34.93,138.6,58.0,16.7
1.0,12.0,-34.93,138.6,58.0,23.9
1.0,9.0,-34.93,138.6,58.0,18.5
1.0,15.0,-34.93,138.6,58.0,21.4
