8.0,3.0,-34.93,138.6,58.0,12.2
8.0,12.0,-34.93,138.6,58.0,14.2
8.0,9.0,-34.93,138.6,58.0,13.2
8.0,15.0,-34.93,138.6,58.0,12.4
8.0,3.0,-34.93,138.6,58.0,4.0
8.0,12.0,-34.93,138.6,58.0,14.1
8.0,9.0,-34.93,138.6,58.0,9.7
8.0,15.0,-34.93,138.6,58.0,12.9
8.0,3.0,-34.93,138.6,58.0,6.2
8.0,12.0,-34.93,138.6,58.0,15.0
8.0,9.0,-34.93,138.6,58.0,11.1
8.0,15.0,-34.93,138.6,58.0,14.7
8.0,3.0,-34.93,138.6,58.0,4.7
8.0,12.0,-34.93,138.6,58.0,12.8
8.0,9.0,-34.93,138.6,58.0,9.8
8.0,15.0,-34.93,138.6,58.0,12.5
8.0,3.0,-34.93,138.6,58.0,3.7
8.0,12.0,-34.93,138.6,58.0,14.9
8.0,9.0,-34.93,138.6,58.0,9.4
8.0,15.0,-34.93,138.6,58.0,14.9
8.0,3.0,-34.93,138.6,58.0,2.3
8.0,12.0,-34.93,138.6,58.0,16.1
8.0,9.0,-34.93,138.6,58.0,10.4
8.0,15.0,-34.93,138.6,58.0,15.0
8.0,3.0,-34.93,138.6,58.0,6.0
8.0,12.0,-34.93,138.6,58.0,19.1
8.0,9.0,-34.93,138.6,58.0,13.2
8.0,15.0,-34.93,138.6,58.0,18.6
8.0,3.0,-34.93,138.6,58.0,12.0
8.0,12.0,-34.93,138.6,58.0,20.6
8.0,9.0,-34.93,138.6,58.0,16.7
8.0,15.0,-34.93,138.6,58.0,20.0
8.0,3.0,-34.93,138.6,58.0,13.0
8.0,12.0,-34.93,138.6,58.0,18.5
8.0,9.0,-34.93,138.6,58.0,13.9
8.0,15.0,-34.93,138.6,58.0,13.4
8.0,3.0,-34.93,138.6,58.0,10.4
8.0,12.0,-34.93,138.6,58.0,15.5
8.0,9.0,-34.93,138.6,58.0,12.0
8.0,15.0,-34.93,138.6,58.0,11.2
8.0,3.0,-34.93,138.6,58.0,9.3
8.0,12.0,-34.93,138.6,58.0,15.0
8.0,9.0,-34.93,138.6,58.0,12.0
8.0,15.0,-34.93,138.6,58.0,13.7
8.0,3.0,-34.93,138.6,58.0,8.4
8.0,12.0,-34.93,138.6,58.0,16.8
8.0,9.0,-34.93,138.6,58.0,11.7
8.0,15.0,-34.93,138.6,58.0,16.3
8.0,3.0,-34.93,138.6,58.0,6.1
8.0,12.0,-34.93,138.6,58.0,15.5
8.0,9.0,-34.93,138.6,58.0,10.4
8.0,15.0,-34.93,138.6,58.0,15.0
8.0,3.0,-34.93,138.6,58.0,8.0
8.0,12.0,-34.93,138.6,58.0,16.4
8.0,9.0,-34.93,138.6,58.0,10.8
8.0,15.0,-34.93,138.6,58.0,15.7
8.0,3.0,-34.93,138.6,58.0,3.7
8.0,12.0,-34.93,138.6,58.0,20.6
8.0,9.0,-34.93,138.6,58.0,11.3
8.0,15.0,-34.93,138.6,58.0,20.2
8.0,3.0,-34.93,138.6,58.0,10.7
8.0,12.0,-34.93,138.6,58.0,21.6
8.0,9.0,-34.93,138.6,58.0,17.0
8.0,15.0,-34.93,138.6,58.0,20.0
8.0,3.0,-34.93,138.6,58.0,6.9
8.0,12.0,-34.93,138.6,58.0,20.2
8.0,9.0,-34.93,138.6,58.0,13.4
8.0,15.0,-34.93,138.6,58.0,18.2
8.0,3.0,-34.93,138.6,58.0,13.4
8.0,12.0,-34.93,138.6,58.0,25.4
8.0,9.0,-34.93,138.6,58.0,20.1
8.0,15.0,-34.93,138.6,58.0,23.3
8.0,3.0,-34.93,138.6,58.0,9.6
8.0,12.0,-34.93,138.6,58.0,13.6
8.0,9.0,-34.93,138.6,58.0,11.4
8.0,15.0,-34.93,138.6,58.0,9.9
8.0,3.0,-34.93,138.6,58.0,8.8
8.0,12.0,-34.93,138.6,58.0,15.3
8.0,9.0,-34.93,138.6,58.0,13.2
8.0,15.0,-34.93,138.6,58.0,13.3
8.0,3.0,-34.93,138.6,58.0,7.2
8.0,12.0,-34.93,138.6,58.0,16.3
8.0,9.0,-34.93,138.6,58.0,10.7
8.0,15.0,-34.93,138.6,58.0,15.9
8.0,3.0,-34.93,138.6,58.0,4.9
8.0,12.0,-34.93,138.6,58.0,15.3
8.0,9.0,-34.93,138.6,58.0,11.8
8.0,15.0,-34.93,138.6,58.0,14.2
8.0,3.0,-34.93,138.6,58.0,4.4
8.0,12.0,-34.93,138.6,58.0,14.0
8.0,9.0,-34.93,138.6,58.0,11.7
8.0,15.0,-34.93,138.6,58.0,13.4
8.0,3.0,-34.93,138.6,58.0,5.2
8.0,12.0,-34.93,138.6,58.0,15.0
8.0,9.0,-34.93,138.6,58.0,10.7
8.0,15.0,-34.93,138.6,58.0,14.4
8.0,3.0,-34.93,138.6,58.0,3.9
8.0,12.0,-34.93,138.6,58.0,14.1
8.0,9.0,-34.93,138.6,58.0,10.2
8.0,15.0,-34.93,138.6,58.0,13.7
8.0,3.0,-34.93,138.6,58.0,6.5
8.0,12.0,-34.93,138.6,58.0,14.2
8.0,9.0,-34.93,138.6,58.0,9.2
8.0,15.0,-34.93,138.6,58.0,13.5
8.0,3.0,-34.93,138.6,58.0,4.5
8.0,12.0,-34.93,138.6,58.0,17.6
8.0,9.0,-34.93,138.6,58.0,12.2
8.0,15.0,-34.93,138.6,58.0,16.6
8.0,3.0,-34.93,138.6,58.0,9.4
8.0,12.0,-34.93,138.6,58.0,21.7
8.0,9.0,-34.93,138.6,58.0,17.3
8.0,15.0,-34.93,138.6,58.0,21.5
8.0,3.0,-34.93,138.6,58.0,12.6
8.0,12.0,-34.93,138.6,58.0,21.9
8.0,9.0,-34.93,138.6,58.0,16.7
8.0,15.0,-34.93,138.6,58.0,20.1
8.0,3.0,-34.93,138.6,58.0,12.8
8.0,12.0,-34.93,138.6,58.0,19.5
8.0,9.0,-34.93,138.6,58.0,14.0
8.0,15.0,-34.93,138.6,58.0,18.9
8.0,3.0,-34.93,138.6,58.0,12.8
8.0,12.0,-34.93,138.6,58.0,16.5
8.0,9.0,-34.93,138.6,58.0,13.9
8.0,15.0,-34.93,138.6,58.0,13.4
