11.0,3.0,-34.93,138.6,58.0,12.7
11.0,12.0,-34.93,138.6,58.0,17.4
11.0,9.0,-34.93,138.6,58.0,13.6
11.0,15.0,-34.93,138.6,58.0,14.2
11.0,3.0,-34.93,138.6,58.0,12.7
11.0,12.0,-34.93,138.6,58.0,17.3
11.0,9.0,-34.93,138.6,58.0,14.7
11.0,15.0,-34.93,138.6,58.0,16.6
11.0,3.0,-34.93,138.6,58.0,9.5
11.0,12.0,-34.93,138.6,58.0,22.9
11.0,9.0,-34.93,138.6,58.0,15.1
11.0,15.0,-34.93,138.6,58.0,20.7
11.0,3.0,-34.93,138.6,58.0,9.9
11.0,12.0,-34.93,138.6,58.0,26.0
11.0,9.0,-34.93,138.6,58.0,17.4
11.0,15.0,-34.93,138.6,58.0,22.8
11.0,3.0,-34.93,138.6,58.0,12.6
11.0,12.0,-34.93,138.6,58.0,17.4
11.0,9.0,-34.93,138.6,58.0,15.1
11.0,15.0,-34.93,138.6,58.0,16.1
11.0,3.0,-34.93,138.6,58.0,13.2
11.0,12.0,-34.93,138.6,58.0,23.9
11.0,9.0,-34.93,138.6,58.0,15.4
11.0,15.0,-34.93,138.6,58.0,22.2
11.0,3.0,-34.93,138.6,58.0,15.2
11.0,12.0,-34.93,138.6,58.0,21.9
11.0,9.0,-34.93,138.6,58.0,19.6
11.0,15.0,-34.93,138.6,58.0,18.6
11.0,3.0,-34.93,138.6,58.0,9.9
11.0,12.0,-34.93,138.6,58.0,17.8
11.0,9.0,-34.93,138.6,58.0,13.9
11.0,15.0,-34.93,138.6,58.0,16.5
11.0,3.0,-34.93,138.6,58.0,9.2
11.0,12.0,-34.93,138.6,58.0,19.4
11.0,9.0,-34.93,138.6,58.0,14.8
11.0,15.0,-34.93,138.6,58.0,17.6
11.0,3.0,-34.93,138.6,58.0,8.6
11.0,12.0,-34.93,138.6,58.0,25.2
11.0,9.0,-34.93,138.6,58.0,16.3
11.0,15.0,-34.93,138.6,58.0,20.0
11.0,3.0,-34.93,138.6,58.0,13.0
11.0,12.0,-34.93,138.6,58.0,32.3
11.0,9.0,-34.93,138.6,58.0,25.1
11.0,15.0,-34.93,138.6,58.0,31.1
11.0,3.0,-34.93,138.6,58.0,15.5
11.0,12.0,-34.93,138.6,58.0,19.5
11.0,9.0,-34.93,138.6,58.0,15.5
11.0,15.0,-34.93,138.6,58.0,17.8
11.0,3.0,-34.93,138.6,58.0,12.1
11.0,12.0,-34.93,138.6,58.0,17.3
11.0,9.0,-34.93,138.6,58.0,14.3
11.0,15.0,-34.93,138.6,58.0,16.4
11.0,3.0,-34.93,138.6,58.0,11.8
11.0,12.0,-34.93,138.6,58.0,17.3
11.0,9.0,-34.93,138.6,58.0,12.8
11.0,15.0,-34.93,138.6,58.0,15.9
11.0,3.0,-34.93,138.6,58.0,10.3
11.0,12.0,-34.93,138.6,58.0,17.7
11.0,9.0,-34.93,138.6,58.0,14.4
11.0,15.0,-34.93,138.6,58.0,16.8
11.0,3.0,-34.93,138.6,58.0,8.9
11.0,12.0,-34.93,138.6,58.0,27.7
11.0,9.0,-34.93,138.6,58.0,16.6
11.0,15.0,-34.93,138.6,58.0,22.1
11.0,3.0,-34.93,138.6,58.0,16.5
11.0,12.0,-34.93,138.6,58.0,33.7
11.0,9.0,-34.93,138.6,58.0,27.3
11.0,15.0,-34.93,138.6,58.0,33.3
11.0,3.0,-34.93,138.6,58.0,16.4
11.0,12.0,-34.93,138.6,58.0,24.8
11.0,9.0,-34.93,138.6,58.0,18.6
11.0,15.0,-34.93,138.6,58.0,20.6
11.0,3.0,-34.93,138.6,58.0,14.0
11.0,12.0,-34.93,138.6,58.0,25.5
11.0,9.0,-34.93,138.6,58.0,19.2
11.0,15.0,-34.93,138.6,58.0,22.5
11.0,3.0,-34.93,138.6,58.0,15.6
11.0,12.0,-34.93,138.6,58.0,35.2
11.0,9.0,-34.93,138.6,58.0,23.4
11.0,15.0,-34.93,138.6,58.0,33.0
11.0,3.0,-34.93,138.6,58.0,20.9
11.0,12.0,-34.93,138.6,58.0,27.5
11.0,9.0,-34.93,138.6,58.0,26.9
11.0,15.0,-34.93,138.6,58.0,23.5
11.0,3.0,-34.93,138.6,58.0,14.1
11.0,12.0,-34.93,138.6,58.0,17.8
11.0,9.0,-34.93,138.6,58.0,15.4
11.0,15.0,-34.93,138.6,58.0,15.3
11.0,3.0,-34.93,138.6,58.0,9.8
11.0,12.0,-34.93,138.6,58.0,19.2
11.0,9.0,-34.93,138.6,58.0,14.9
11.0,15.0,-34.93,138.6,58.0,18.2
11.0,3.0,-34.93,138.6,58.0,8.4
11.0,12.0,-34.93,138.6,58.0,19.1
11.0,9.0,-34.93,138.6,58.0,15.8
11.0,15.0,-34.93,138.6,58.0,18.1
11.0,3.0,-34.93,138.6,58.0,11.3
11.0,12.0,-34.93,138.6,58.0,21.4
11.0,9.0,-34.93,138.6,58.0,16.2
11.0,15.0,-34.93,138.6,58.0,19.2
11.0,3.0,-34.93,138.6,58.0,10.5
11.0,12.0,-34.93,138.6,58.0,24.7
11.0,9.0,-34.93,138.6,58.0,16.0
11.0,15.0,-34.93,138.6,58.0,23.4
11.0,3.0,-34.93,138.6,58.0,8.7
11.0,12.0,-34.93,138.6,58.0,22.4
11.0,9.0,-34.93,138.6,58.0,16.7
11.0,15.0,-34.93,138.6,58.0,21.0
11.0,3.0,-34.93,138.6,58.0,11.1
11.0,12.0,-34.93,138.6,58.0,23.7
11.0,9.0,-34.93,138.6,58.0,21.4
11.0,15.0,-34.93,138.6,58.0,22.4
11.0,3.0,-34.93,138.6,58.0,11.6
11.0,12.0,-34.93,138.6,58.0,22.7
11.0,9.0,-34.93,138.6,58.0,19.7
11.0,15.0,-34.93,138.6,58.0,20.6
11.0,3.0,-34.93,138.6,58.0,11.9
11.0,12.0,-34.93,138.6,58.0,20.9
11.0,9.0,-34.93,138.6,58.0,16.6
11.0,15.0,-34.93,138.6,58.0,20.4
