5.0,3.0,-34.93,138.6,58.0,11.8
5.0,12.0,-34.93,138.6,58.0,18.7
5.0,9.0,-34.93,138.6,58.0,17.6
5.0,15.0,-34.93,138.6,58.0,16.2
5.0,3.0,-34.93,138.6,58.0,10.8
5.0,12.0,-34.93,138.6,58.0,17.7
5.0,9.0,-34.93,138.6,58.0,14.6
5.0,15.0,-34.93,138.6,58.0,16.2
5.0,3.0,-34.93,138.6,58.0,6.5
5.0,12.0,-34.93,138.6,58.0,17.9
5.0,9.0,-34.93,138.6,58.0,12.5
5.0,15.0,-34.93,138.6,58.0,17.3
5.0,3.0,-34.93,138.6,58.0,4.9
5.0,12.0,-34.93,138.6,58.0,16.7
5.0,9.0,-34.93,138.6,58.0,13.1
5.0,15.0,-34.93,138.6,58.0,16.2
5.0,3.0,-34.93,138.6,58.0,7.0
5.0,12.0,-34.93,138.6,58.0,19.6
5.0,9.0,-34.93,138.6,58.0,13.4
5.0,15.0,-34.93,138.6,58.0,19.1
5.0,3.0,-34.93,138.6,58.0,9.1
5.0,12.0,-34.93,138.6,58.0,20.1
5.0,9.0,-34.93,138.6,58.0,15.0
5.0,15.0,-34.93,138.6,58.0,18.3
5.0,3.0,-34.93,138.6,58.0,9.5
5.0,12.0,-34.93,138.6,58.0,16.1
5.0,9.0,-34.93,138.6,58.0,12.6
5.0,15.0,-34.93,138.6,58.0,15.5
5.0,3.0,-34.93,138.6,58.0,5.3
5.0,12.0,-34.93,138.6,58.0,17.3
5.0,9.0,-34.93,138.6,58.0,12.9
5.0,15.0,-34.93,138.6,58.0,16.4
5.0,3.0,-34.93,138.6,58.0,4.6
5.0,12.0,-34.93,138.6,58.0,17.3
5.0,9.0,-34.93,138.6,58.0,12.7
5.0,15.0,-34.93,138.6,58.0,16.4
5.0,3.0,-34.93,138.6,58.0,4.1
5.0,12.0,-34.93,138.6,58.0,20.5
5.0,9.0,-34.93,138.6,58.0,13.6
5.0,15.0,-34.93,138.6,58.0,20.1
5.0,3.0,-34.93,138.6,58.0,7.1
5.0,12.0,-34.93,138.6,58.0,19.1
5.0,9.0,-34.93,138.6,58.0,14.4
5.0,15.0,-34.93,138.6,58.0,18.0
5.0,3.0,-34.93,138.6,58.0,4.7
5.0,12.0,-34.93,138.6,58.0,21.8
5.0,9.0,-34.93,138.6,58.0,13.8
5.0,15.0,-34.93,138.6,58.0,20.7
5.0,3.0,-34.93,138.6,58.0,6.4
5.0,12.0,-34.93,138.6,58.0,20.6
5.0,9.0,-34.93,138.6,58.0,15.4
5.0,15.0,-34.93,138.6,58.0,19.0
5.0,3.0,-34.93,138.6,58.0,6.0
5.0,12.0,-34.93,138.6,58.0,19.3
5.0,9.0,-34.93,138.6,58.0,15.2
5.0,15.0,-34.93,138.6,58.0,18.9
5.0,3.0,-34.93,138.6,58.0,5.4
5.0,12.0,-34.93,138.6,58.0,20.6
5.0,9.0,-34.93,138.6,58.0,13.9
5.0,15.0,-34.93,138.6,58.0,18.8
5.0,3.0,-34.93,138.6,58.0,13.5
5.0,12.0,-34.93,138.6,58.0,21.0
5.0,9.0,-34.93,138.6,58.0,20.2
5.0,15.0,-34.93,138.6,58.0,18.9
5.0,3.0,-34.93,138.6,58.0,16.2
5.0,12.0,-34.93,138.6,58.0,19.1
5.0,9.0,-34.93,138.6,58.0,17.4
5.0,15.0,-34.93,138.6,58.0,18.0
5.0,3.0,-34.93,138.6,58.0,9.6
5.0,12.0,-34.93,138.6,58.0,22.4
5.0,9.0,-34.93,138.6,58.0,15.9
5.0,15.0,-34.93,138.6,58.0,21.3
5.0,3.0,-34.93,138.6,58.0,12.0
5.0,12.0,-34.93,138.6,58.0,19.0
5.0,9.0,-34.93,138.6,58.0,14.3
5.0,15.0,-34.93,138.6,58.0,18.9
5.0,3.0,-34.93,138.6,58.0,11.5
5.0,12.0,-34.93,138.6,58.0,20.5
5.0,9.0,-34.93,138.6,58.0,14.1
5.0,15.0,-34.93,138.6,58.0,19.8
5.0,3.0,-34.93,138.6,58.0,10.4
5.0,12.0,-34.93,138.6,58.0,22.0
5.0,9.0,-34.93,138.6,58.0,17.1
5.0,15.0,-34.93,138.6,58.0,21.3
5.0,3.0,-34.93,138.6,58.0,11.9
5.0,12.0,-34.93,138.6,58.0,20.2
5.0,9.0,-34.93,138.6,58.0,18.8
5.0,15.0,-34.93,138.6,58.0,20.0
5.0,3.0,-34.93,138.6,58.0,11.3
5.0,12.0,-34.93,138.6,58.0,18.9
5.0,9.0,-34.93,138.6,58.0,13.0
5.0,15.0,-34.93,138.6,58.0,17.5
5.0,3.0,-34.93,138.6,58.0,12.9
5.0,12.0,-34.93,138.6,58.0,19.0
5.0,9.0,-34.93,138.6,58.0,17.2
5.0,15.0,-34.93,138.6,58.0,17.5
5.0,3.0,-34.93,138.6,58.0,9.1
5.0,12.0,-34.93,138.6,58.0,19.7
5.0,9.0,-34.93,138.6,58.0,13.7
5.0,15.0,-34.93,138.6,58.0,19.0
5.0,3.0,-34.93,138.6,58.0,10.7
5.0,12.0,-34.93,138.6,58.0,21.8
5.0,9.0,-34.93,138.6,58.0,14.6
5.0,15.0,-34.93,138.6,58.0,21.5
5.0,3.0,-34.93,138.6,58.0,12.4
5.0,12.0,-34.93,138.6,58.0,20.3
5.0,9.0,-34.93,138.6,58.0,14.8
5.0,15.0,-34.93,138.6,58.0,18.8
5.0,3.0,-34.93,138.6,58.0,11.5
5.0,12.0,-34.93,138.6,58.0,15.6
5.0,9.0,-34.93,138.6,58.0,12.1
5.0,15.0,-34.93,138.6,58.0,15.5
5.0,3.0,-34.93,138.6,58.0,9.6
5.0,12.0,-34.93,138.6,58.0,16.3
5.0,9.0,-34.93,138.6,58.0,11.5
5.0,15.0,-34.93,138.6,58.0,13.9
5.0,3.0,-34.93,138.6,58.0,10.8
5.0,12.0,-34.93,138.6,58.0,15.7
5.0,9.0,-34.93,138.6,58.0,13.9
5.0,15.0,-34.93,138.6,58.0,14.3
5.0,3.0,-34.93,138.6,58.0,5.3
5.0,12.0,-34.93,138.6,58.0,15.6
5.0,9.0,-34.93,138.6,58.0,9.7
5.0,15.0,-34.93,138.6,58.0,14.1
