7.0,3.0,-34.93,138.6,58.0,6.0
7.0,12.0,-34.93,138.6,58.0,16.2
7.0,9.0,-34.93,138.6,58.0,11.2
7.0,15.0,-34.93,138.6,58.0,15.3
7.0,3.0,-34.93,138.6,58.0,6.6
7.0,12.0,-34.93,138.6,58.0,18.1
7.0,9.0,-34.93,138.6,58.0,11.0
7.0,15.0,-34.93,138.6,58.0,17.8
7.0,3.0,-34.93,138.6,58.0,9.8
7.0,12.0,-34.93,138.6,58.0,14.0
7.0,9.0,-34.93,138.6,58.0,11.0
7.0,15.0,-34.93,138.6,58.0,12.5
7.0,3.0,-34.93,138.6,58.0,11.0
7.0,12.0,-34.93,138.6,58.0,16.5
7.0,9.0,-34.93,138.6,58.0,13.7
7.0,15.0,-34.93,138.6,58.0,14.7
7.0,3.0,-34.93,138.6,58.0,10.5
7.0,12.0,-34.93,138.6,58.0,15.5
7.0,9.0,-34.93,138.6,58.0,13.2
7.0,15.0,-34.93,138.6,58.0,14.9
7.0,3.0,-34.93,138.6,58.0,6.4
7.0,12.0,-34.93,138.6,58.0,16.1
7.0,9.0,-34.93,138.6,58.0,11.2
7.0,15.0,-34.93,138.6,58.0,15.5
7.0,3.0,-34.93,138.6,58.0,8.4
7.0,12.0,-34.93,138.6,58.0,15.1
7.0,9.0,-34.93,138.6,58.0,12.1
7.0,15.0,-34.93,138.6,58.0,12.0
7.0,3.0,-34.93,138.6,58.0,6.1
7.0,12.0,-34.93,138.6,58.0,15.3
7.0,9.0,-34.93,138.6,58.0,9.5
7.0,15.0,-34.93,138.6,58.0,14.7
7.0,3.0,-34.93,138.6,58.0,9.5
7.0,12.0,-34.93,138.6,58.0,15.0
7.0,9.0,-34.93,138.6,58.0,12.4
7.0,15.0,-34.93,138.6,58.0,14.5
7.0,3.0,-34.93,138.6,58.0,6.2
7.0,12.0,-34.93,138.6,58.0,16.1
7.0,9.0,-34.93,138.6,58.0,10.5
7.0,15.0,-34.93,138.6,58.0,14.6
7.0,3.0,-34.93,138.6,58.0,4.7
7.0,12.0,-34.93,138.6,58.0,17.5
7.0,9.0,-34.93,138.6,58.0,10.2
7.0,15.0,-34.93,138.6,58.0,17.3
7.0,3.0,-34.93,138.6,58.0,8.2
7.0,12.0,-34.93,138.6,58.0,18.3
7.0,9.0,-34.93,138.6,58.0,12.6
7.0,15.0,-34.93,138.6,58.0,17.8
7.0,3.0,-34.93,138.6,58.0,12.0
7.0,12.0,-34.93,138.6,58.0,17.4
7.0,9.0,-34.93,138.6,58.0,12.7
7.0,15.0,-34.93,138.6,58.0,16.7
7.0,3.0,-34.93,138.6,58.0,11.3
7.0,12.0,-34.93,138.6,58.0,14.6
7.0,9.0,-34.93,138.6,58.0,13.8
7.0,15.0,-34.93,138.6,58.0,13.3
7.0,3.0,-34.93,138.6,58.0,3.9
7.0,12.0,-34.93,138.6,58.0,14.1
7.0,9.0,-34.93,138.6,58.0,8.3
7.0,15.0,-34.93,138.6,58.0,13.2
7.0,3.0,-34.93,138.6,58.0,8.2
7.0,12.0,-34.93,138.6,58.0,13.2
7.0,9.0,-34.93,138.6,58.0,10.9
7.0,15.0,-34.93,138.6,58.0,12.5
7.0,3.0,-34.93,138.6,58.0,10.2
7.0,12.0,-34.93,138.6,58.0,15.8
7.0,9.0,-34.93,138.6,58.0,12.4
7.0,15.0,-34.93,138.6,58.0,15.6
7.0,3.0,-34.93,138.6,58.0,10.0
7.0,12.0,-34.93,138.6,58.0,14.3
7.0,9.0,-34.93,138.6,58.0,12.1
7.0,15.0,-34.93,138.6,58.0,13.8
7.0,3.0,-34.93,138.6,58.0,9.5
7.0,12.0,-34.93,138.6,58.0,14.5
7.0,9.0,-34.93,138.6,58.0,12.0
7.0,15.0,-34.93,138.6,58.0,13.4
7.0,3.0,-34.93,138.6,58.0,2.6
7.0,12.0,-34.93,138.6,58.0,13.4
7.0,9.0,-34.93,138.6,58.0,7.8
7.0,15.0,-34.93,138.6,58.0,11.9
7.0,3.0,-34.93,138.6,58.0,6.0
7.0,12.0,-34.93,138.6,58.0,17.7
7.0,9.0,-34.93,138.6,58.0,11.6
7.0,15.0,-34.93,138.6,58.0,17.0
7.0,3.0,-34.93,138.6,58.0,10.5
7.0,12.0,-34.93,138.6,58.0,17.7
7.0,9.0,-34.93,138.6,58.0,12.5
7.0,15.0,-34.93,138.6,58.0,17.2
7.0,3.0,-34.93,138.6,58.0,8.2
7.0,12.0,-34.93,138.6,58.0,16.5
7.0,9.0,-34.93,138.6,58.0,11.8
7.0,15.0,-34.93,138.6,58.0,15.0
7.0,3.0,-34.93,138.6,58.0,7.9
7.0,12.0,-34.93,138.6,58.0,18.5
7.0,9.0,-34.93,138.6,58.0,11.3
7.0,15.0,-34.93,138.6,58.0,17.7
7.0,3.0,-34.93,138.6,58.0,8.2
7.0,12.0,-34.93,138.6,58.0,16.0
7.0,9.0,-34.93,138.6,58.0,12.6
7.0,15.0,-34.93,138.6,58.0,15.4
7.0,3.0,-34.93,138.6,58.0,11.5
7.0,12.0,-34.93,138.6,58.0,16.0
7.0,9.0,-34.93,138.6,58.0,13.5
7.0,15.0,-34.93,138.6,58.0,15.0
7.0,3.0,-34.93,138.6,58.0,6.9
7.0,12.0,-34.93,138.6,58.0,16.6
7.0,9.0,-34.93,138.6,58.0,12.4
7.0,15.0,-34.93,138.6,58.0,14.4
7.0,3.0,-34.93,138.6,58.0,6.1
7.0,12.0,-34.93,138.6,58.0,20.0
7.0,9.0,-34.93,138.6,58.0,10.2
7.0,15.0,-34.93,138.6,58.0,18.0
7.0,3.0,-34.93,138.6,58.0,10.2
7.0,12.0,-34.93,138.6,58.0,20.8
7.0,9.0,-34.93,138.6,58.0,20.0
7.0,15.0,-34.93,138.6,58.0,14.9
7.0,3.0,-34.93,138.6,58.0,11.4
7.0,12.0,-34.93,138.6,58.0,15.8
7.0,9.0,-34.93,138.6,58.0,12.7
7.0,15.0,-34.93,138.6,58.0,14.9
7.0,3.0,-34.93,138.6,58.0,6.6
7.0,12.0,-34.93,138.6,58.0,14.5
7.0,9.0,-34.93,138.6,58.0,11.4
7.0,15.0,-34.93,138.6,58.0,13.9
