10.0,3.0,-34.93,138.6,58.0,11.2
10.0,12.0,-34.93,138.6,58.0,21.5
10.0,9.0,-34.93,138.6,58.0,13.2
10.0,15.0,-34.93,138.6,58.0,18.7
10.0,3.0,-34.93,138.6,58.0,10.8
10.0,12.0,-34.93,138.6,58.0,19.7
10.0,9.0,-34.93,138.6,58.0,18.7
10.0,15.0,-34.93,138.6,58.0,16.0
10.0,3.0,-34.93,138.6,58.0,7.8
10.0,12.0,-34.93,138.6,58.0,15.3
10.0,9.0,-34.93,138.6,58.0,11.6
10.0,15.0,-34.93,138.6,58.0,13.4
10.0,3.0,-34.93,138.6,58.0,9.5
10.0,12.0,-34.93,138.6,58.0,16.0
10.0,9.0,-34.93,138.6,58.0,13.2
10.0,15.0,-34.93,138.6,58.0,14.1
10.0,3.0,-34.93,138.6,58.0,8.0
10.0,12.0,-34.93,138.6,58.0,19.5
10.0,9.0,-34.93,138.6,58.0,12.1
10.0,15.0,-34.93,138.6,58.0,18.7
10.0,3.0,-34.93,138.6,58.0,12.0
10.0,12.0,-34.93,138.6,58.0,28.6
10.0,9.0,-34.93,138.6,58.0,19.5
10.0,15.0,-34.93,138.6,58.0,27.6
10.0,3.0,-34.93,138.6,58.0,13.9
10.0,12.0,-34.93,138.6,58.0,22.1
10.0,9.0,-34.93,138.6,58.0,19.9
10.0,15.0,-34.93,138.6,58.0,18.5
10.0,3.0,-34.93,138.6,58.0,8.8
10.0,12.0,-34.93,138.6,58.0,25.1
10.0,9.0,-34.93,138.6,58.0,14.8
10.0,15.0,-34.93,138.6,58.0,19.2
10.0,3.0,-34.93,138.6,58.0,14.8
10.0,12.0,-34.93,138.6,58.0,25.7
10.0,9.0,-34.93,138.6,58.0,24.6
10.0,15.0,-34.93,138.6,58.0,16.6
10.0,3.0,-34.93,138.6,58.0,12.0
10.0,12.0,-34.93,138.6,58.0,15.3
10.0,9.0,-34.93,138.6,58.0,13.4
10.0,15.0,-34.93,138.6,58.0,14.9
10.0,3.0,-34.93,138.6,58.0,11.5
10.0,12.0,-34.93,138.6,58.0,15.8
10.0,9.0,-34.93,138.6,58.0,13.2
10.0,15.0,-34.93,138.6,58.0,15.1
10.0,3.0,-34.93,138.6,58.0,10.7
10.0,12.0,-34.93,138.6,58.0,16.2
10.0,9.0,-34.93,138.6,58.0,13.3
10.0,15.0,-34.93,138.6,58.0,15.0
10.0,3.0,-34.93,138.6,58.0,7.0
10.0,12.0,-34.93,138.6,58.0,18.4
10.0,9.0,-34.93,138.6,58.0,12.3
10.0,15.0,-34.93,138.6,58.0,15.5
10.0,3.0,-34.93,138.6,58.0,7.9
10.0,12.0,-34.93,138.6,58.0,23.8
10.0,9.0,-34.93,138.6,58.0,18.3
10.0,15.0,-34.93,138.6,58.0,22.9
10.0,3.0,-34.93,138.6,58.0,16.7
10.0,12.0,-34.93,138.6,58.0,28.5
10.0,9.0,-34.93,138.6,58.0,21.0
10.0,15.0,-34.93,138.6,58.0,27.2
10.0,3.0,-34.93,138.6,58.0,12.8
10.0,12.0,-34.93,138.6,58.0,14.6
10.0,9.0,-34.93,138.6,58.0,12.8
10.0,15.0,-34.93,138.6,58.0,13.4
10.0,3.0,-34.93,138.6,58.0,10.0
10.0,12.0,-34.93,138.6,58.0,16.0
10.0,9.0,-34.93,138.6,58.0,14.2
10.0,15.0,-34.93,138.6,58.0,14.3
10.0,3.0,-34.93,138.6,58.0,11.9
10.0,12.0,-34.93,138.6,58.0,15.4
10.0,9.0,-34.93,138.6,58.0,13.3
10.0,15.0,-34.93,138.6,58.0,13.5
10.0,3.0,-34.93,138.6,58.0,6.4
10.0,12.0,-34.93,138.6,58.0,19.8
10.0,9.0,-34.93,138.6,58.0,10.8
10.0,15.0,-34.93,138.6,58.0,15.3
10.0,3.0,-34.93,138.6,58.0,9.2
10.0,12.0,-34.93,138.6,58.0,31.1
10.0,9.0,-34.93,138.6,58.0,19.8
10.0,15.0,-34.93,138.6,58.0,29.4
10.0,3.0,-34.93,138.6,58.0,11.5
10.0,12.0,-34.93,138.6,58.0,15.6
10.0,9.0,-34.93,138.6,58.0,12.9
10.0,15.0,-34.93,138.6,58.0,14.8
10.0,3.0,-34.93,138.6,58.0,7.0
10.0,12.0,-34.93,138.6,58.0,15.6
10.0,9.0,-34.93,138.6,58.0,11.7
10.0,15.0,-34.93,138.6,58.0,13.4
10.0,3.0,-34.93,138.6,58.0,6.9
10.0,12.0,-34.93,138.6,58.0,16.8
10.0,9.0,-34.93,138.6,58.0,11.8
10.0,15.0,-34.93,138.6,58.0,14.6
10.0,3.0,-34.93,138.6,58.0,5.6
10.0,12.0,-34.93,138.6,58.0,21.6
10.0,9.0,-34.93,138.6,58.0,15.8
10.0,15.0,-34.93,138.6,58.0,21.1
10.0,3.0,-34.93,138.6,58.0,15.3
10.0,12.0,-34.93,138.6,58.0,28.0
10.0,9.0,-34.93,138.6,58.0,20.1
10.0,15.0,-34.93,138.6,58.0,27.0
10.0,3.0,-34.93,138.6,58.0,13.6
10.0,12.0,-34.93,138.6,58.0,18.0
10.0,9.0,-34.93,138.6,58.0,14.0
10.0,15.0,-34.93,138.6,58.0,17.2
10.0,3.0,-34.93,138.6,58.0,9.5
10.0,12.0,-34.93,138.6,58.0,20.6
10.0,9.0,-34.93,138.6,58.0,15.0
10.0,15.0,-34.93,138.6,58.0,18.2
10.0,3.0,-34.93,138.6,58.0,8.3
10.0,12.0,-34.93,138.6,58.0,20.6
10.0,9.0,-34.93,138.6,58.0,14.7
10.0,15.0,-34.93,138.6,58.0,18.0
10.0,3.0,-34.93,138.6,58.0,8.4
10.0,12.0,-34.93,138.6,58.0,29.2
10.0,9.0,-34.93,138.6,58.0,20.5
10.0,15.0,-34.93,138.6,58.0,28.3
10.0,3.0,-34.93,138.6,58.0,15.3
10.0,12.0,-34.93,138.6,58.0,18.1
10.0,9.0,-34.93,138.6,58.0,17.0
10.0,15.0,-34.93,138.6,58.0,15.3
10.0,3.0,-34.93,138.6,58.0,10.6
10.0,12.0,-34.93,138.6,58.0,16.5
10.0,9.0,-34.93,138.6,58.0,13.6
10.0,15.0,-34.93,138.6,58.0,15.2
