6.0,9.0,-32.93,151.78,52.0,62.0
6.0,15.0,-32.93,151.78,52.0,60.0
6.0,9.0,-32.93,151.78,52.0,62.0
6.0,15.0,-32.93,151.78,52.0,69.0
6.0,9.0,-32.93,151.78,52.0,78.0
6.0,15.0,-32.93,151.78,52.0,94.0
6.0,9.0,-32.93,151.78,52.0,90.0
6.0,15.0,-32.93,151.78,52.0,75.0
6.0,9.0,-32.93,151.78,52.0,100.0
6.0,15.0,-32.93,151.78,52.0,68.0
6.0,9.0,-32.93,151.78,52.0,71.0
6.0,15.0,-32.93,151.78,52.0,60.0
6.0,9.0,-32.93,151.78,52.0,100.0
6.0,15.0,-32.93,151.78,52.0,100.0
6.0,9.0,-32.93,151.78,52.0,95.0
6.0,15.0,-32.93,151.78,52.0,92.0
6.0,9.0,-32.93,151.78,52.0,100.0
6.0,15.0,-32.93,151.78,52.0,92.0
6.0,9.0,-32.93,151.78,52.0,72.0
6.0,15.0,-32.93,151.78,52.0,82.0
6.0,9.0,-32.93,151.78,52.0,100.0
6.0,15.0,-32.93,151.78,52.0,92.0
6.0,9.0,-32.93,151.78,52.0,100.0
6.0,15.0,-32.93,151.78,52.0,76.0
6.0,9.0,-32.93,151.78,52.0,65.0
6.0,15.0,-32.93,151.78,52.0,71.0
6.0,9.0,-32.93,151.78,52.0,100.0
6.0,15.0,-32.93,151.78,52.0,86.0
6.0,9.0,-32.93,151.78,52.0,100.0
6.0,15.0,-32.93,151.78,52.0,74.0
6.0,9.0,-32.93,151.78,52.0,100.0
6.0,15.0,-32.93,151.78,52.0,83.0
6.0,9.0,-32.93,151.78,52.0,97.0
6.0,15.0,-32.93,151.78,52.0,89.0
6.0,9.0,-32.93,151.78,52.0,90.0
6.0,15.0,-32.93,151.78,52.0,85.0
6.0,9.0,-32.93,151.78,52.0,86.0
6.0,15.0,-32.93,151.78,52.0,85.0
6.0,9.0,-32.93,151.78,52.0,95.0
6.0,15.0,-32.93,151.78,52.0,83.0
6.0,9.0,-32.93,151.78,52.0,95.0
6.0,15.0,-32.93,151.78,52.0,75.0
6.0,9.0,-32.93,151.78,52.0,81.0
6.0,15.0,-32.93,151.78,52.0,77.0
