4.0,9.0,-32.93,151.78,52.0,81.0
4.0,15.0,-32.93,151.78,52.0,73.0
4.0,9.0,-32.93,151.78,52.0,72.0
4.0,15.0,-32.93,151.78,52.0,61.0
4.0,9.0,-32.93,151.78,52.0,66.0
4.0,15.0,-32.93,151.78,52.0,63.0
4.0,9.0,-32.93,151.78,52.0,65.0
4.0,15.0,-32.93,151.78,52.0,65.0
4.0,9.0,-32.93,151.78,52.0,88.0
4.0,15.0,-32.93,151.78,52.0,70.0
4.0,9.0,-32.93,151.78,52.0,77.0
4.0,15.0,-32.93,151.78,52.0,57.0
4.0,9.0,-32.93,151.78,52.0,82.0
4.0,15.0,-32.93,151.78,52.0,62.0
4.0,9.0,-32.93,151.78,52.0,79.0
4.0,15.0,-32.93,151.78,52.0,66.0
4.0,9.0,-32.93,151.78,52.0,80.0
4.0,15.0,-32.93,151.78,52.0,46.0
4.0,9.0,-32.93,151.78,52.0,54.0
4.0,15.0,-32.93,151.78,52.0,50.0
4.0,9.0,-32.93,151.78,52.0,60.0
4.0,15.0,-32.93,151.78,52.0,66.0
4.0,9.0,-32.93,151.78,52.0,97.0
4.0,15.0,-32.93,151.78,52.0,81.0
4.0,9.0,-32.93,151.78,52.0,98.0
4.0,15.0,-32.93,151.78,52.0,77.0
4.0,9.0,-32.93,151.78,52.0,78.0
4.0,15.0,-32.93,151.78,52.0,57.0
4.0,9.0,-32.93,151.78,52.0,84.0
4.0,15.0,-32.93,151.78,52.0,68.0
4.0,9.0,-32.93,151.78,52.0,99.0
4.0,15.0,-32.93,151.78,52.0,63.0
4.0,9.0,-32.93,151.78,52.0,75.0
4.0,15.0,-32.93,151.78,52.0,61.0
4.0,9.0,-32.93,151.78,52.0,78.0
4.0,15.0,-32.93,151.78,52.0,65.0
4.0,9.0,-32.93,151.78,52.0,81.0
4.0,15.0,-32.93,151.78,52.0,70.0
4.0,9.0,-32.93,151.78,52.0,79.0
4.0,15.0,-32.93,151.78,52.0,63.0
4.0,9.0,-32.93,151.78,52.0,84.0
4.0,15.0,-32.93,151.78,52.0,70.0
4.0,9.0,-32.93,151.78,52.0,84.0
4.0,15.0,-32.93,151.78,52.0,69.0
4.0,9.0,-32.93,151.78,52.0,88.0
4.0,15.0,-32.93,151.78,52.0,70.0
4.0,9.0,-32.93,151.78,52.0,86.0
4.0,15.0,-32.93,151.78,52.0,75.0
4.0,9.0,-32.93,151.78,52.0,88.0
4.0,15.0,-32.93,151.78,52.0,80.0
4.0,9.0,-32.93,151.78,52.0,79.0
4.0,15.0,-32.93,151.78,52.0,38.0
4.0,9.0,-32.93,151.78,52.0,76.0
4.0,15.0,-32.93,151.78,52.0,58.0
4.0,9.0,-32.93,151.78,52.0,66.0
4.0,15.0,-32.93,151.78,52.0,55.0
4.0,9.0,-32.93,151.78,52.0,74.0
4.0,15.0,-32.93,151.78,52.0,63.0
4.0,9.0,-32.93,151.78,52.0,79.0
4.0,15.0,-32.93,151.78,52.0,76.0
