12.0,9.0,-32.93,151.78,52.0,73.0
12.0,15.0,-32.93,151.78,52.0,73.0
12.0,9.0,-32.93,151.78,52.0,51.0
12.0,15.0,-32.93,151.78,52.0,59.0
12.0,9.0,-32.93,151.78,52.0,78.0
12.0,15.0,-32.93,151.78,52.0,71.0
12.0,9.0,-32.93,151.78,52.0,82.0
12.0,15.0,-32.93,151.78,52.0,80.0
12.0,9.0,-32.93,151.78,52.0,92.0
12.0,15.0,-32.93,151.78,52.0,86.0
12.0,9.0,-32.93,151.78,52.0,90.0
12.0,15.0,-32.93,151.78,52.0,89.0
12.0,9.0,-32.93,151.78,52.0,80.0
12.0,15.0,-32.93,151.78,52.0,71.0
12.0,9.0,-32.93,151.78,52.0,78.0
12.0,15.0,-32.93,151.78,52.0,82.0
12.0,9.0,-32.93,151.78,52.0,41.0
12.0,15.0,-32.93,151.78,52.0,44.0
12.0,9.0,-32.93,151.78,52.0,57.0
12.0,15.0,-32.93,151.78,52.0,61.0
12.0,9.0,-32.93,151.78,52.0,70.0
12.0,15.0,-32.93,151.78,52.0,75.0
12.0,9.0,-32.93,151.78,52.0,67.0
12.0,15.0,-32.93,151.78,52.0,72.0
12.0,9.0,-32.93,151.78,52.0,54.0
12.0,15.0,-32.93,151.78,52.0,24.0
12.0,9.0,-32.93,151.78,52.0,34.0
12.0,15.0,-32.93,151.78,52.0,22.0
12.0,9.0,-32.93,151.78,52.0,98.0
12.0,15.0,-32.93,151.78,52.0,96.0
12.0,9.0,-32.93,151.78,52.0,100.0
12.0,15.0,-32.93,151.78,52.0,92.0
12.0,9.0,-32.93,151.78,52.0,75.0
12.0,15.0,-32.93,151.78,52.0,63.0
12.0,9.0,-32.93,151.78,52.0,73.0
12.0,15.0,-32.93,151.78,52.0,65.0
12.0,9.0,-32.93,151.78,52.0,83.0
12.0,15.0,-32.93,151.78,52.0,57.0
12.0,9.0,-32.93,151.78,52.0,71.0
12.0,15.0,-32.93,151.78,52.0,74.0
12.0,9.0,-32.93,151.78,52.0,82.0
12.0,15.0,-32.93,151.78,52.0,79.0
12.0,9.0,-32.93,151.78,52.0,70.0
12.0,15.0,-32.93,151.78,52.0,65.0
12.0,9.0,-32.93,151.78,52.0,74.0
12.0,15.0,-32.93,151.78,52.0,73.0
12.0,9.0,-32.93,151.78,52.0,77.0
12.0,15.0,-32.93,151.78,52.0,74.0
12.0,9.0,-32.93,151.78,52.0,79.0
12.0,15.0,-32.93,151.78,52.0,75.0
12.0,9.0,-32.93,151.78,52.0,74.0
12.0,15.0,-32.93,151.78,52.0,72.0
12.0,9.0,-32.93,151.78,52.0,81.0
12.0,15.0,-32.93,151.78,52.0,75.0
12.0,9.0,-32.93,151.78,52.0,68.0
12.0,15.0,-32.93,151.78,52.0,69.0
12.0,9.0,-32.93,151.78,52.0,42.0
12.0,15.0,-32.93,151.78,52.0,63.0
12.0,9.0,-32.93,151.78,52.0,59.0
12.0,15.0,-32.93,151.78,52.0,66.0
12.0,9.0,-32.93,151.78,52.0,76.0
12.0,15.0,-32.93,151.78,52.0,87.0
