7.0,9.0,-32.93,151.78,52.0,77.0
7.0,15.0,-32.93,151.78,52.0,46.0
7.0,9.0,-32.93,151.78,52.0,57.0
7.0,15.0,-32.93,151.78,52.0,46.0
7.0,9.0,-32.93,151.78,52.0,64.0
7.0,15.0,-32.93,151.78,52.0,44.0
7.0,9.0,-32.93,151.78,52.0,63.0
7.0,15.0,-32.93,151.78,52.0,45.0
7.0,9.0,-32.93,151.78,52.0,69.0
7.0,15.0,-32.93,151.78,52.0,81.0
7.0,9.0,-32.93,151.78,52.0,100.0
7.0,15.0,-32.93,151.78,52.0,83.0
7.0,9.0,-32.93,151.78,52.0,100.0
7.0,15.0,-32.93,151.78,52.0,73.0
7.0,9.0,-32.93,151.78,52.0,88.0
7.0,15.0,-32.93,151.78,52.0,67.0
7.0,9.0,-32.93,151.78,52.0,89.0
7.0,15.0,-32.93,151.78,52.0,67.0
7.0,9.0,-32.93,151.78,52.0,50.0
7.0,15.0,-32.93,151.78,52.0,50.0
7.0,9.0,-32.93,151.78,52.0,87.0
7.0,15.0,-32.93,151.78,52.0,60.0
7.0,9.0,-32.93,151.78,52.0,78.0
7.0,15.0,-32.93,151.78,52.0,40.0
7.0,9.0,-32.93,151.78,52.0,55.0
7.0,15.0,-32.93,151.78,52.0,49.0
7.0,9.0,-32.93,151.78,52.0,64.0
7.0,15.0,-32.93,151.78,52.0,29.0
7.0,9.0,-32.93,151.78,52.0,59.0
7.0,15.0,-32.93,151.78,52.0,56.0
7.0,9.0,-32.93,151.78,52.0,70.0
7.0,15.0,-32.93,151.78,52.0,37.0
7.0,9.0,-32.93,151.78,52.0,49.0
7.0,15.0,-32.93,151.78,52.0,26.0
7.0,9.0,-32.93,151.78,52.0,40.0
7.0,15.0,-32.93,151.78,52.0,45.0
7.0,9.0,-32.93,151.78,52.0,63.0
7.0,15.0,-32.93,151.78,52.0,45.0
7.0,9.0,-32.93,151.78,52.0,41.0
7.0,15.0,-32.93,151.78,52.0,32.0
7.0,9.0,-32.93,151.78,52.0,60.0
7.0,15.0,-32.93,151.78,52.0,60.0
7.0,9.0,-32.93,151.78,52.0,63.0
7.0,15.0,-32.93,151.78,52.0,29.0
7.0,9.0,-32.93,151.78,52.0,55.0
7.0,15.0,-32.93,151.78,52.0,33.0
7.0,9.0,-32.93,151.78,52.0,44.0
7.0,15.0,-32.93,151.78,52.0,48.0
7.0,9.0,-32.93,151.78,52.0,71.0
7.0,15.0,-32.93,151.78,52.0,51.0
