9.0,9.0,-32.93,151.78,52.0,72.0
9.0,15.0,-32.93,151.78,52.0,65.0
9.0,9.0,-32.93,151.78,52.0,99.0
9.0,15.0,-32.93,151.78,52.0,98.0
9.0,9.0,-32.93,151.78,52.0,65.0
9.0,15.0,-32.93,151.78,52.0,46.0
9.0,9.0,-32.93,151.78,52.0,57.0
9.0,15.0,-32.93,151.78,52.0,56.0
9.0,9.0,-32.93,151.78,52.0,66.0
9.0,15.0,-32.93,151.78,52.0,65.0
9.0,9.0,-32.93,151.78,52.0,78.0
9.0,15.0,-32.93,151.78,52.0,69.0
9.0,9.0,-32.93,151.78,52.0,77.0
9.0,15.0,-32.93,151.78,52.0,74.0
9.0,9.0,-32.93,151.78,52.0,75.0
9.0,15.0,-32.93,151.78,52.0,79.0
9.0,9.0,-32.93,151.78,52.0,61.0
9.0,15.0,-32.93,151.78,52.0,68.0
9.0,9.0,-32.93,151.78,52.0,83.0
9.0,15.0,-32.93,151.78,52.0,48.0
9.0,9.0,-32.93,151.78,52.0,55.0
9.0,15.0,-32.93,151.78,52.0,59.0
9.0,9.0,-32.93,151.78,52.0,71.0
9.0,15.0,-32.93,151.78,52.0,75.0
9.0,9.0,-32.93,151.78,52.0,84.0
9.0,15.0,-32.93,151.78,52.0,80.0
9.0,9.0,-32.93,151.78,52.0,97.0
9.0,15.0,-32.93,151.78,52.0,75.0
9.0,9.0,-32.93,151.78,52.0,54.0
9.0,15.0,-32.93,151.78,52.0,32.0
9.0,9.0,-32.93,151.78,52.0,68.0
9.0,15.0,-32.93,151.78,52.0,49.0
9.0,9.0,-32.93,151.78,52.0,62.0
9.0,15.0,-32.93,151.78,52.0,63.0
9.0,9.0,-32.93,151.78,52.0,76.0
9.0,15.0,-32.93,151.78,52.0,81.0
9.0,9.0,-32.93,151.78,52.0,64.0
9.0,15.0,-32.93,151.78,52.0,49.0
9.0,9.0,-32.93,151.78,52.0,55.0
9.0,15.0,-32.93,151.78,52.0,53.0
9.0,9.0,-32.93,151.78,52.0,85.0
9.0,15.0,-32.93,151.78,52.0,75.0
9.0,9.0,-32.93,151.78,52.0,63.0
9.0,15.0,-32.93,151.78,52.0,47.0
9.0,9.0,-32.93,151.78,52.0,55.0
9.0,15.0,-32.93,151.78,52.0,68.0
9.0,9.0,-32.93,151.78,52.0,71.0
9.0,15.0,-32.93,151.78,52.0,69.0
9.0,9.0,-32.93,151.78,52.0,86.0
9.0,15.0,-32.93,151.78,52.0,68.0
9.0,9.0,-32.93,151.78,52.0,59.0
9.0,15.0,-32.93,151.78,52.0,66.0
9.0,9.0,-32.93,151.78,52.0,50.0
9.0,15.0,-32.93,151.78,52.0,28.0
9.0,9.0,-32.93,151.78,52.0,45.0
9.0,15.0,-32.93,151.78,52.0,54.0
9.0,9.0,-32.93,151.78,52.0,72.0
9.0,15.0,-32.93,151.78,52.0,70.0
9.0,9.0,-32.93,151.78,52.0,43.0
9.0,15.0,-32.93,151.78,52.0,54.0
