8.0,9.0,-32.93,151.78,52.0,77.0
8.0,15.0,-32.93,151.78,52.0,72.0
8.0,9.0,-32.93,151.78,52.0,69.0
8.0,15.0,-32.93,151.78,52.0,60.0
8.0,9.0,-32.93,151.78,52.0,61.0
8.0,15.0,-32.93,151.78,52.0,72.0
8.0,9.0,-32.93,151.78,52.0,91.0
8.0,15.0,-32.93,151.78,52.0,79.0
8.0,9.0,-32.93,151.78,52.0,92.0
8.0,15.0,-32.93,151.78,52.0,92.0
8.0,9.0,-32.93,151.78,52.0,92.0
8.0,15.0,-32.93,151.78,52.0,64.0
8.0,9.0,-32.93,151.78,52.0,84.0
8.0,15.0,-32.93,151.78,52.0,58.0
8.0,9.0,-32.93,151.78,52.0,81.0
8.0,15.0,-32.93,151.78,52.0,61.0
8.0,9.0,-32.93,151.78,52.0,71.0
8.0,15.0,-32.93,151.78,52.0,40.0
8.0,9.0,-32.93,151.78,52.0,45.0
8.0,15.0,-32.93,151.78,52.0,34.0
8.0,9.0,-32.93,151.78,52.0,57.0
8.0,15.0,-32.93,151.78,52.0,40.0
8.0,9.0,-32.93,151.78,52.0,58.0
8.0,15.0,-32.93,151.78,52.0,42.0
8.0,9.0,-32.93,151.78,52.0,56.0
8.0,15.0,-32.93,151.78,52.0,62.0
8.0,9.0,-32.93,151.78,52.0,76.0
8.0,15.0,-32.93,151.78,52.0,59.0
8.0,9.0,-32.93,151.78,52.0,81.0
8.0,15.0,-32.93,151.78,52.0,71.0
8.0,9.0,-32.93,151.78,52.0,66.0
8.0,15.0,-32.93,151.78,52.0,31.0
8.0,9.0,-32.93,151.78,52.0,63.0
8.0,15.0,-32.93,151.78,52.0,57.0
8.0,9.0,-32.93,151.78,52.0,67.0
8.0,15.0,-32.93,151.78,52.0,68.0
8.0,9.0,-32.93,151.78,52.0,65.0
8.0,15.0,-32.93,151.78,52.0,33.0
8.0,9.0,-32.93,151.78,52.0,59.0
8.0,15.0,-32.93,151.78,52.0,47.0
8.0,9.0,-32.93,151.78,52.0,75.0
8.0,15.0,-32.93,151.78,52.0,71.0
8.0,9.0,-32.93,151.78,52.0,79.0
8.0,15.0,-32.93,151.78,52.0,58.0
8.0,9.0,-32.93,151.78,52.0,95.0
8.0,15.0,-32.93,151.78,52.0,82.0
8.0,9.0,-32.93,151.78,52.0,65.0
8.0,15.0,-32.93,151.78,52.0,56.0
8.0,9.0,-32.93,151.78,52.0,60.0
8.0,15.0,-32.93,151.78,52.0,63.0
8.0,9.0,-32.93,151.78,52.0,75.0
8.0,15.0,-32.93,151.78,52.0,58.0
8.0,9.0,-32.93,151.78,52.0,54.0
8.0,15.0,-32.93,151.78,52.0,41.0
8.0,9.0,-32.93,151.78,52.0,69.0
8.0,15.0,-32.93,151.78,52.0,58.0
8.0,9.0,-32.93,151.78,52.0,76.0
8.0,15.0,-32.93,151.78,52.0,76.0
8.0,9.0,-32.93,151.78,52.0,86.0
8.0,15.0,-32.93,151.78,52.0,77.0
