2.0,9.0,-32.93,151.78,52.0,100.0
2.0,15.0,-32.93,151.78,52.0,92.0
2.0,9.0,-32.93,151.78,52.0,93.0
2.0,15.0,-32.93,151.78,52.0,82.0
2.0,9.0,-32.93,151.78,52.0,87.0
2.0,15.0,-32.93,151.78,52.0,91.0
2.0,9.0,-32.93,151.78,52.0,95.0
2.0,15.0,-32.93,151.78,52.0,83.0
2.0,9.0,-32.93,151.78,52.0,76.0
2.0,15.0,-32.93,151.78,52.0,76.0
2.0,9.0,-32.93,151.78,52.0,68.0
2.0,15.0,-32.93,151.78,52.0,88.0
2.0,9.0,-32.93,151.78,52.0,90.0
2.0,15.0,-32.93,151.78,52.0,80.0
2.0,9.0,-32.93,151.78,52.0,89.0
2.0,15.0,-32.93,151.78,52.0,82.0
2.0,9.0,-32.93,151.78,52.0,85.0
2.0,15.0,-32.93,151.78,52.0,77.0
2.0,9.0,-32.93,151.78,52.0,73.0
2.0,15.0,-32.93,151.78,52.0,68.0
2.0,9.0,-32.93,151.78,52.0,79.0
2.0,15.0,-32.93,151.78,52.0,79.0
2.0,9.0,-32.93,151.78,52.0,78.0
2.0,15.0,-32.93,151.78,52.0,91.0
2.0,9.0,-32.93,151.78,52.0,50.0
2.0,15.0,-32.93,151.78,52.0,56.0
2.0,9.0,-32.93,151.78,52.0,71.0
2.0,15.0,-32.93,151.78,52.0,72.0
2.0,9.0,-32.93,151.78,52.0,81.0
2.0,15.0,-32.93,151.78,52.0,71.0
2.0,9.0,-32.93,151.78,52.0,81.0
2.0,15.0,-32.93,151.78,52.0,77.0
2.0,9.0,-32.93,151.78,52.0,81.0
2.0,15.0,-32.93,151.78,52.0,76.0
2.0,9.0,-32.93,151.78,52.0,79.0
2.0,15.0,-32.93,151.78,52.0,81.0
2.0,9.0,-32.93,151.78,52.0,90.0
2.0,15.0,-32.93,151.78,52.0,86.0
2.0,9.0,-32.93,151.78,52.0,39.0
2.0,15.0,-32.93,151.78,52.0,52.0
2.0,9.0,-32.93,151.78,52.0,78.0
2.0,15.0,-32.93,151.78,52.0,66.0
2.0,9.0,-32.93,151.78,52.0,76.0
2.0,15.0,-32.93,151.78,52.0,69.0
2.0,9.0,-32.93,151.78,52.0,76.0
2.0,15.0,-32.93,151.78,52.0,71.0
2.0,9.0,-32.93,151.78,52.0,83.0
2.0,15.0,-32.93,151.78,52.0,81.0
2.0,9.0,-32.93,151.78,52.0,87.0
2.0,15.0,-32.93,151.78,52.0,83.0
2.0,9.0,-32.93,151.78,52.0,72.0
2.0,15.0,-32.93,151.78,52.0,79.0
2.0,9.0,-32.93,151.78,52.0,74.0
2.0,15.0,-32.93,151.78,52.0,71.0
2.0,9.0,-32.93,151.78,52.0,93.0
2.0,15.0,-32.93,151.78,52.0,86.0
