10.0,9.0,-32.93,151.78,52.0,54.0
10.0,15.0,-32.93,151.78,52.0,37.0
10.0,9.0,-32.93,151.78,52.0,58.0
10.0,15.0,-32.93,151.78,52.0,32.0
10.0,9.0,-32.93,151.78,52.0,54.0
10.0,15.0,-32.93,151.78,52.0,64.0
10.0,9.0,-32.93,151.78,52.0,51.0
10.0,15.0,-32.93,151.78,52.0,36.0
10.0,9.0,-32.93,151.78,52.0,36.0
10.0,15.0,-32.93,151.78,52.0,19.0
10.0,9.0,-32.93,151.78,52.0,43.0
10.0,15.0,-32.93,151.78,52.0,29.0
10.0,9.0,-32.93,151.78,52.0,53.0
10.0,15.0,-32.93,151.78,52.0,24.0
10.0,9.0,-32.93,151.78,52.0,42.0
10.0,15.0,-32.93,151.78,52.0,77.0
10.0,9.0,-32.93,151.78,52.0,47.0
10.0,15.0,-32.93,151.78,52.0,59.0
10.0,9.0,-32.93,151.78,52.0,62.0
10.0,15.0,-32.93,151.78,52.0,37.0
10.0,9.0,-32.93,151.78,52.0,49.0
10.0,15.0,-32.93,151.78,52.0,36.0
10.0,9.0,-32.93,151.78,52.0,49.0
10.0,15.0,-32.93,151.78,52.0,42.0
10.0,9.0,-32.93,151.78,52.0,91.0
10.0,15.0,-32.93,151.78,52.0,71.0
10.0,9.0,-32.93,151.78,52.0,76.0
10.0,15.0,-32.93,151.78,52.0,52.0
10.0,9.0,-32.93,151.78,52.0,76.0
10.0,15.0,-32.93,151.78,52.0,52.0
10.0,9.0,-32.93,151.78,52.0,64.0
10.0,15.0,-32.93,151.78,52.0,68.0
10.0,9.0,-32.93,151.78,52.0,46.0
10.0,15.0,-32.93,151.78,52.0,84.0
10.0,9.0,-32.93,151.78,52.0,65.0
10.0,15.0,-32.93,151.78,52.0,32.0
10.0,9.0,-32.93,151.78,52.0,53.0
10.0,15.0,-32.93,151.78,52.0,52.0
10.0,9.0,-32.93,151.78,52.0,54.0
10.0,15.0,-32.93,151.78,52.0,62.0
10.0,9.0,-32.93,151.78,52.0,75.0
10.0,15.0,-32.93,151.78,52.0,76.0
10.0,9.0,-32.93,151.78,52.0,97.0
10.0,15.0,-32.93,151.78,52.0,83.0
10.0,9.0,-32.93,151.78,52.0,64.0
10.0,15.0,-32.93,151.78,52.0,53.0
10.0,9.0,-32.93,151.78,52.0,57.0
10.0,15.0,-32.93,151.78,52.0,52.0
10.0,9.0,-32.93,151.78,52.0,69.0
10.0,15.0,-32.93,151.78,52.0,66.0
10.0,9.0,-32.93,151.78,52.0,45.0
10.0,15.0,-32.93,151.78,52.0,27.0
10.0,9.0,-32.93,151.78,52.0,80.0
10.0,15.0,-32.93,151.78,52.0,75.0
10.0,9.0,-32.93,151.78,52.0,92.0
10.0,15.0,-32.93,151.78,52.0,77.0
10.0,9.0,-32.93,151.78,52.0,100.0
10.0,15.0,-32.93,151.78,52.0,81.0
10.0,9.0,-32.93,151.78,52.0,80.0
10.0,15.0,-32.93,151.78,52.0,76.0
10.0,9.0,-32.93,151.78,52.0,59.0
10.0,15.0,-32.93,151.78,52.0,43.0
