5.0,9.0,-32.93,151.78,52.0,100.0
5.0,15.0,-32.93,151.78,52.0,59.0
5.0,9.0,-32.93,151.78,52.0,81.0
5.0,15.0,-32.93,151.78,52.0,61.0
5.0,9.0,-32.93,151.78,52.0,68.0
5.0,15.0,-32.93,151.78,52.0,64.0
5.0,9.0,-32.93,151.78,52.0,67.0
5.0,15.0,-32.93,151.78,52.0,57.0
5.0,9.0,-32.93,151.78,52.0,77.0
5.0,15.0,-32.93,151.78,52.0,65.0
5.0,9.0,-32.93,151.78,52.0,85.0
5.0,15.0,-32.93,151.78,52.0,55.0
5.0,9.0,-32.93,151.78,52.0,62.0
5.0,15.0,-32.93,151.78,52.0,41.0
5.0,9.0,-32.93,151.78,52.0,59.0
5.0,15.0,-32.93,151.78,52.0,54.0
5.0,9.0,-32.93,151.78,52.0,70.0
5.0,15.0,-32.93,151.78,52.0,72.0
5.0,9.0,-32.93,151.78,52.0,76.0
5.0,15.0,-32.93,151.78,52.0,69.0
5.0,9.0,-32.93,151.78,52.0,80.0
5.0,15.0,-32.93,151.78,52.0,71.0
5.0,9.0,-32.93,151.78,52.0,94.0
5.0,15.0,-32.93,151.78,52.0,78.0
5.0,9.0,-32.93,151.78,52.0,89.0
5.0,15.0,-32.93,151.78,52.0,77.0
5.0,9.0,-32.93,151.78,52.0,89.0
5.0,15.0,-32.93,151.78,52.0,79.0
5.0,9.0,-32.93,151.78,52.0,79.0
5.0,15.0,-32.93,151.78,52.0,65.0
5.0,9.0,-32.93,151.78,52.0,65.0
5.0,15.0,-32.93,151.78,52.0,60.0
5.0,9.0,-32.93,151.78,52.0,83.0
5.0,15.0,-32.93,151.78,52.0,72.0
5.0,9.0,-32.93,151.78,52.0,78.0
5.0,15.0,-32.93,151.78,52.0,72.0
5.0,9.0,-32.93,151.78,52.0,91.0
5.0,15.0,-32.93,151.78,52.0,84.0
5.0,9.0,-32.93,151.78,52.0,92.0
5.0,15.0,-32.93,151.78,52.0,72.0
5.0,9.0,-32.93,151.78,52.0,100.0
5.0,15.0,-32.93,151.78,52.0,69.0
5.0,9.0,-32.93,151.78,52.0,88.0
5.0,15.0,-32.93,151.78,52.0,69.0
5.0,9.0,-32.93,151.78,52.0,100.0
5.0,15.0,-32.93,151.78,52.0,66.0
5.0,9.0,-32.93,151.78,52.0,88.0
5.0,15.0,-32.93,151.78,52.0,57.0
5.0,9.0,-32.93,151.78,52.0,67.0
5.0,15.0,-32.93,151.78,52.0,64.0
5.0,9.0,-32.93,151.78,52.0,68.0
5.0,15.0,-32.93,151.78,52.0,69.0
5.0,9.0,-32.93,151.78,52.0,91.0
5.0,15.0,-32.93,151.78,52.0,66.0
5.0,9.0,-32.93,151.78,52.0,91.0
5.0,15.0,-32.93,151.78,52.0,59.0
5.0,9.0,-32.93,151.78,52.0,64.0
5.0,15.0,-32.93,151.78,52.0,34.0
5.0,9.0,-32.93,151.78,52.0,65.0
5.0,15.0,-32.93,151.78,52.0,42.0
5.0,9.0,-32.93,151.78,52.0,68.0
5.0,15.0,-32.93,151.78,52.0,57.0
