1.0,9.0,-32.93,151.78,52.0,94.0
1.0,15.0,-32.93,151.78,52.0,90.0
1.0,9.0,-32.93,151.78,52.0,93.0
1.0,15.0,-32.93,151.78,52.0,86.0
1.0,9.0,-32.93,151.78,52.0,81.0
1.0,15.0,-32.93,151.78,52.0,81.0
1.0,9.0,-32.93,151.78,52.0,66.0
1.0,15.0,-32.93,151.78,52.0,70.0
1.0,9.0,-32.93,151.78,52.0,90.0
1.0,15.0,-32.93,151.78,52.0,83.0
1.0,9.0,-32.93,151.78,52.0,89.0
1.0,15.0,-32.93,151.78,52.0,79.0
1.0,9.0,-32.93,151.78,52.0,75.0
1.0,15.0,-32.93,151.78,52.0,72.0
1.0,9.0,-32.93,151.78,52.0,64.0
1.0,15.0,-32.93,151.78,52.0,74.0
1.0,9.0,-32.93,151.78,52.0,74.0
1.0,15.0,-32.93,151.78,52.0,70.0
1.0,9.0,-32.93,151.78,52.0,80.0
1.0,15.0,-32.93,151.78,52.0,84.0
1.0,9.0,-32.93,151.78,52.0,77.0
1.0,15.0,-32.93,151.78,52.0,52.0
1.0,9.0,-32.93,151.78,52.0,82.0
1.0,15.0,-32.93,151.78,52.0,75.0
1.0,9.0,-32.93,151.78,52.0,80.0
1.0,15.0,-32.93,151.78,52.0,80.0
1.0,9.0,-32.93,151.78,52.0,57.0
1.0,15.0,-32.93,151.78,52.0,78.0
1.0,9.0,-32.93,151.78,52.0,81.0
1.0,15.0,-32.93,151.78,52.0,76.0
1.0,9.0,-32.93,151.78,52.0,78.0
1.0,15.0,-32.93,151.78,52.0,73.0
1.0,9.0,-32.93,151.78,52.0,86.0
1.0,15.0,-32.93,151.78,52.0,72.0
1.0,9.0,-32.93,151.78,52.0,35.0
1.0,15.0,-32.93,151.78,52.0,83.0
1.0,9.0,-32.93,151.78,52.0,80.0
1.0,15.0,-32.93,151.78,52.0,65.0
1.0,9.0,-32.93,151.78,52.0,72.0
1.0,15.0,-32.93,151.78,52.0,93.0
1.0,9.0,-32.93,151.78,52.0,72.0
1.0,15.0,-32.93,151.78,52.0,67.0
1.0,9.0,-32.93,151.78,52.0,73.0
1.0,15.0,-32.93,151.78,52.0,63.0
1.0,9.0,-32.93,151.78,52.0,72.0
1.0,15.0,-32.93,151.78,52.0,71.0
1.0,9.0,-32.93,151.78,52.0,42.0
1.0,15.0,-32.93,151.78,52.0,41.0
1.0,9.0,-32.93,151.78,52.0,87.0
1.0,15.0,-32.93,151.78,52.0,86.0
1.0,9.0,-32.93,151.78,52.0,99.0
1.0,15.0,-32.93,151.78,52.0,86.0
1.0,9.0,-32.93,151.78,52.0,94.0
1.0,15.0,-32.93,151.78,52.0,83.0
1.0,9.0,-32.93,151.78,52.0,85.0
1.0,15.0,-32.93,151.78,52.0,83.0
1.0,9.0,-32.93,151.78,52.0,98.0
1.0,15.0,-32.93,151.78,52.0,90.0
1.0,9.0,-32.93,151.78,52.0,84.0
1.0,15.0,-32.93,151.78,52.0,69.0
1.0,9.0,-32.93,151.78,52.0,45.0
1.0,15.0,-32.93,151.78,52.0,27.0
