3.0,9.0,-32.93,151.78,52.0,66.0
3.0,15.0,-32.93,151.78,52.0,85.0
3.0,9.0,-32.93,151.78,52.0,63.0
3.0,15.0,-32.93,151.78,52.0,68.0
3.0,9.0,-32.93,151.78,52.0,66.0
3.0,15.0,-32.93,151.78,52.0,60.0
3.0,9.0,-32.93,151.78,52.0,78.0
3.0,15.0,-32.93,151.78,52.0,63.0
3.0,9.0,-32.93,151.78,52.0,75.0
3.0,15.0,-32.93,151.78,52.0,62.0
3.0,9.0,-32.93,151.78,52.0,62.0
3.0,15.0,-32.93,151.78,52.0,62.0
3.0,9.0,-32.93,151.78,52.0,62.0
3.0,15.0,-32.93,151.78,52.0,62.0
3.0,9.0,-32.93,151.78,52.0,62.0
3.0,15.0,-32.93,151.78,52.0,62.0
3.0,9.0,-32.93,151.78,52.0,62.0
3.0,15.0,-32.93,151.78,52.0,62.0
3.0,9.0,-32.93,151.78,52.0,95.0
3.0,15.0,-32.93,151.78,52.0,87.0
3.0,9.0,-32.93,151.78,52.0,96.0
3.0,15.0,-32.93,151.78,52.0,94.0
3.0,9.0,-32.93,151.78,52.0,83.0
3.0,15.0,-32.93,151.78,52.0,80.0
3.0,9.0,-32.93,151.78,52.0,99.0
3.0,15.0,-32.93,151.78,52.0,85.0
3.0,9.0,-32.93,151.78,52.0,89.0
3.0,15.0,-32.93,151.78,52.0,86.0
3.0,9.0,-32.93,151.78,52.0,91.0
3.0,15.0,-32.93,151.78,52.0,82.0
3.0,9.0,-32.93,151.78,52.0,91.0
3.0,15.0,-32.93,151.78,52.0,60.0
3.0,9.0,-32.93,151.78,52.0,88.0
3.0,15.0,-32.93,151.78,52.0,84.0
3.0,9.0,-32.93,151.78,52.0,95.0
3.0,15.0,-32.93,151.78,52.0,73.0
3.0,9.0,-32.93,151.78,52.0,79.0
3.0,15.0,-32.93,151.78,52.0,69.0
3.0,9.0,-32.93,151.78,52.0,91.0
3.0,15.0,-32.93,151.78,52.0,78.0
3.0,9.0,-32.93,151.78,52.0,83.0
3.0,15.0,-32.93,151.78,52.0,80.0
3.0,9.0,-32.93,151.78,52.0,93.0
3.0,15.0,-32.93,151.78,52.0,87.0
3.0,9.0,-32.93,151.78,52.0,96.0
3.0,15.0,-32.93,151.78,52.0,86.0
3.0,9.0,-32.93,151.78,52.0,95.0
3.0,15.0,-32.93,151.78,52.0,98.0
3.0,9.0,-32.93,151.78,52.0,83.0
3.0,15.0,-32.93,151.78,52.0,79.0
