11.0,9.0,-32.93,151.78,52.0,52.0
11.0,15.0,-32.93,151.78,52.0,49.0
11.0,9.0,-32.93,151.78,52.0,41.0
11.0,15.0,-32.93,151.78,52.0,42.0
11.0,9.0,-32.93,151.78,52.0,65.0
11.0,15.0,-32.93,151.78,52.0,68.0
11.0,9.0,-32.93,151.78,52.0,67.0
11.0,15.0,-32.93,151.78,52.0,25.0
11.0,9.0,-32.93,151.78,52.0,32.0
11.0,15.0,-32.93,151.78,52.0,13.0
11.0,9.0,-32.93,151.78,52.0,34.0
11.0,15.0,-32.93,151.78,52.0,48.0
11.0,9.0,-32.93,151.78,52.0,51.0
11.0,15.0,-32.93,151.78,52.0,57.0
11.0,9.0,-32.93,151.78,52.0,45.0
11.0,15.0,-32.93,151.78,52.0,58.0
11.0,9.0,-32.93,151.78,52.0,79.0
11.0,15.0,-32.93,151.78,52.0,79.0
11.0,9.0,-32.93,151.78,52.0,83.0
11.0,15.0,-32.93,151.78,52.0,75.0
11.0,9.0,-32.93,151.78,52.0,65.0
11.0,15.0,-32.93,151.78,52.0,73.0
11.0,9.0,-32.93,151.78,52.0,96.0
11.0,15.0,-32.93,151.78,52.0,46.0
11.0,9.0,-32.93,151.78,52.0,57.0
11.0,15.0,-32.93,151.78,52.0,12.0
11.0,9.0,-32.93,151.78,52.0,49.0
11.0,15.0,-32.93,151.78,52.0,39.0
11.0,9.0,-32.93,151.78,52.0,66.0
11.0,15.0,-32.93,151.78,52.0,62.0
11.0,9.0,-32.93,151.78,52.0,66.0
11.0,15.0,-32.93,151.78,52.0,60.0
11.0,9.0,-32.93,151.78,52.0,74.0
11.0,15.0,-32.93,151.78,52.0,66.0
11.0,9.0,-32.93,151.78,52.0,66.0
11.0,15.0,-32.93,151.78,52.0,69.0
11.0,9.0,-32.93,151.78,52.0,84.0
11.0,15.0,-32.93,151.78,52.0,79.0
11.0,9.0,-32.93,151.78,52.0,74.0
11.0,15.0,-32.93,151.78,52.0,74.0
11.0,9.0,-32.93,151.78,52.0,94.0
11.0,15.0,-32.93,151.78,52.0,79.0
11.0,9.0,-32.93,151.78,52.0,60.0
11.0,15.0,-32.93,151.78,52.0,74.0
11.0,9.0,-32.93,151.78,52.0,65.0
11.0,15.0,-32.93,151.78,52.0,73.0
11.0,9.0,-32.93,151.78,52.0,47.0
11.0,15.0,-32.93,151.78,52.0,61.0
11.0,9.0,-32.93,151.78,52.0,65.0
11.0,15.0,-32.93,151.78,52.0,53.0
11.0,9.0,-32.93,151.78,52.0,69.0
11.0,15.0,-32.93,151.78,52.0,75.0
11.0,9.0,-32.93,151.78,52.0,84.0
11.0,15.0,-32.93,151.78,52.0,78.0
11.0,9.0,-32.93,151.78,52.0,78.0
11.0,15.0,-32.93,151.78,52.0,78.0
11.0,9.0,-32.93,151.78,52.0,83.0
11.0,15.0,-32.93,151.78,52.0,81.0
11.0,9.0,-32.93,151.78,52.0,75.0
11.0,15.0,-32.93,151.78,52.0,71.0
