3.0,9.0,-27.47,153.03,26.0,58.0
3.0,15.0,-27.47,153.03,26.0,56.0
3.0,9.0,-27.47,153.03,26.0,62.0
3.0,15.0,-27.47,153.03,26.0,56.0
3.0,9.0,-27.47,153.03,26.0,64.0
3.0,15.0,-27.47,153.03,26.0,55.0
3.0,9.0,-27.47,153.03,26.0,64.0
3.0,15.0,-27.47,153.03,26.0,60.0
3.0,9.0,-27.47,153.03,26.0,72.0
3.0,15.0,-27.47,153.03,26.0,53.0
3.0,9.0,-27.47,153.03,26.0,62.0
3.0,15.0,-27.47,153.03,26.0,52.0
3.0,9.0,-27.47,153.03,26.0,45.0
3.0,15.0,-27.47,153.03,26.0,40.0
3.0,9.0,-27.47,153.03,26.0,50.0
3.0,15.0,-27.47,153.03,26.0,35.0
3.0,9.0,-27.47,153.03,26.0,47.0
3.0,15.0,-27.47,153.03,26.0,45.0
3.0,9.0,-27.47,153.03,26.0,43.0
3.0,15.0,-27.47,153.03,26.0,36.0
3.0,9.0,-27.47,153.03,26.0,48.0
3.0,15.0,-27.47,153.03,26.0,50.0
3.0,9.0,-27.47,153.03,26.0,60.0
3.0,15.0,-27.47,153.03,26.0,54.0
3.0,9.0,-27.47,153.03,26.0,75.0
3.0,15.0,-27.47,153.03,26.0,67.0
3.0,9.0,-27.47,153.03,26.0,66.0
3.0,15.0,-27.47,153.03,26.0,63.0
3.0,9.0,-27.47,153.03,26.0,80.0
3.0,15.0,-27.47,153.03,26.0,66.0
3.0,9.0,-27.47,153.03,26.0,77.0
3.0,15.0,-27.47,153.03,26.0,67.0
3.0,9.0,-27.47,153.03,26.0,62.0
3.0,15.0,-27.47,153.03,26.0,79.0
3.0,9.0,-27.47,153.03,26.0,57.0
3.0,15.0,-27.47,153.03,26.0,57.0
3.0,9.0,-27.47,153.03,26.0,93.0
3.0,15.0,-27.47,153.03,26.0,64.0
3.0,9.0,-27.47,153.03,26.0,82.0
3.0,15.0,-27.47,153.03,26.0,92.0
3.0,9.0,-27.47,153.03,26.0,82.0
3.0,15.0,-27.47,153.03,26.0,70.0
3.0,9.0,-27.47,153.03,26.0,84.0
3.0,15.0,-27.47,153.03,26.0,84.0
3.0,9.0,-27.47,153.03,26.0,83.0
3.0,15.0,-27.47,153.03,26.0,59.0
3.0,9.0,-27.47,153.03,26.0,75.0
3.0,15.0,-27.47,153.03,26.0,91.0
3.0,9.0,-27.47,153.03,26.0,69.0
3.0,15.0,-27.47,153.03,26.0,65.0
3.0,9.0,-27.47,153.03,26.0,68.0
3.0,15.0,-27.47,153.03,26.0,61.0
3.0,9.0,-27.47,153.03,26.0,64.0
3.0,15.0,-27.47,153.03,26.0,51.0
3.0,9.0,-27.47,153.03,26.0,76.0
3.0,15.0,-27.47,153.03,26.0,89.0
3.0,9.0,-27.47,153.03,26.0,95.0
3.0,15.0,-27.47,153.03,26.0,92.0
3.0,9.0,-27.47,153.03,26.0,58.0
3.0,15.0,-27.47,153.03,26.0,55.0
