5.0,9.0,-27.47,153.03,26.0,67.0
5.0,15.0,-27.47,153.03,26.0,53.0
5.0,9.0,-27.47,153.03,26.0,77.0
5.0,15.0,-27.47,153.03,26.0,45.0
5.0,9.0,-27.47,153.03,26.0,71.0
5.0,15.0,-27.47,153.03,26.0,60.0
5.0,9.0,-27.47,153.03,26.0,64.0
5.0,15.0,-27.47,153.03,26.0,61.0
5.0,9.0,-27.47,153.03,26.0,63.0
5.0,15.0,-27.47,153.03,26.0,48.0
5.0,9.0,-27.47,153.03,26.0,65.0
5.0,15.0,-27.47,153.03,26.0,46.0
5.0,9.0,-27.47,153.03,26.0,66.0
5.0,15.0,-27.47,153.03,26.0,47.0
5.0,9.0,-27.47,153.03,26.0,74.0
5.0,15.0,-27.47,153.03,26.0,66.0
5.0,9.0,-27.47,153.03,26.0,67.0
5.0,15.0,-27.47,153.03,26.0,53.0
5.0,9.0,-27.47,153.03,26.0,75.0
5.0,15.0,-27.47,153.03,26.0,82.0
5.0,9.0,-27.47,153.03,26.0,62.0
5.0,15.0,-27.47,153.03,26.0,49.0
5.0,9.0,-27.47,153.03,26.0,73.0
5.0,15.0,-27.47,153.03,26.0,57.0
5.0,9.0,-27.47,153.03,26.0,73.0
5.0,15.0,-27.47,153.03,26.0,77.0
5.0,9.0,-27.47,153.03,26.0,83.0
5.0,15.0,-27.47,153.03,26.0,78.0
5.0,9.0,-27.47,153.03,26.0,72.0
5.0,15.0,-27.47,153.03,26.0,40.0
5.0,9.0,-27.47,153.03,26.0,63.0
5.0,15.0,-27.47,153.03,26.0,33.0
5.0,9.0,-27.47,153.03,26.0,62.0
5.0,15.0,-27.47,153.03,26.0,54.0
5.0,9.0,-27.47,153.03,26.0,72.0
5.0,15.0,-27.47,153.03,26.0,57.0
5.0,9.0,-27.47,153.03,26.0,93.0
5.0,15.0,-27.47,153.03,26.0,91.0
5.0,9.0,-27.47,153.03,26.0,79.0
5.0,15.0,-27.47,153.03,26.0,69.0
5.0,9.0,-27.47,153.03,26.0,86.0
5.0,15.0,-27.47,153.03,26.0,62.0
5.0,9.0,-27.47,153.03,26.0,92.0
5.0,15.0,-27.47,153.03,26.0,61.0
5.0,9.0,-27.47,153.03,26.0,78.0
5.0,15.0,-27.47,153.03,26.0,53.0
5.0,9.0,-27.47,153.03,26.0,91.0
5.0,15.0,-27.47,153.03,26.0,45.0
5.0,9.0,-27.47,153.03,26.0,65.0
5.0,15.0,-27.47,153.03,26.0,53.0
5.0,9.0,-27.47,153.03,26.0,72.0
5.0,15.0,-27.47,153.03,26.0,57.0
5.0,9.0,-27.47,153.03,26.0,75.0
5.0,15.0,-27.47,153.03,26.0,62.0
5.0,9.0,-27.47,153.03,26.0,85.0
5.0,15.0,-27.47,153.03,26.0,60.0
5.0,9.0,-27.47,153.03,26.0,72.0
5.0,15.0,-27.47,153.03,26.0,35.0
5.0,9.0,-27.47,153.03,26.0,54.0
5.0,15.0,-27.47,153.03,26.0,43.0
5.0,9.0,-27.47,153.03,26.0,38.0
5.0,15.0,-27.47,153.03,26.0,26.0
