2.0,9.0,-27.47,153.03,26.0,57.0
2.0,15.0,-27.47,153.03,26.0,45.0
2.0,9.0,-27.47,153.03,26.0,58.0
2.0,15.0,-27.47,153.03,26.0,50.0
2.0,9.0,-27.47,153.03,26.0,60.0
2.0,15.0,-27.47,153.03,26.0,49.0
2.0,9.0,-27.47,153.03,26.0,55.0
2.0,15.0,-27.47,153.03,26.0,53.0
2.0,9.0,-27.47,153.03,26.0,61.0
2.0,15.0,-27.47,153.03,26.0,53.0
2.0,9.0,-27.47,153.03,26.0,52.0
2.0,15.0,-27.47,153.03,26.0,50.0
2.0,9.0,-27.47,153.03,26.0,53.0
2.0,15.0,-27.47,153.03,26.0,53.0
2.0,9.0,-27.47,153.03,26.0,59.0
2.0,15.0,-27.47,153.03,26.0,39.0
2.0,9.0,-27.47,153.03,26.0,73.0
2.0,15.0,-27.47,153.03,26.0,55.0
2.0,9.0,-27.47,153.03,26.0,65.0
2.0,15.0,-27.47,153.03,26.0,54.0
2.0,9.0,-27.47,153.03,26.0,60.0
2.0,15.0,-27.47,153.03,26.0,46.0
2.0,9.0,-27.47,153.03,26.0,53.0
2.0,15.0,-27.47,153.03,26.0,52.0
2.0,9.0,-27.47,153.03,26.0,64.0
2.0,15.0,-27.47,153.03,26.0,59.0
2.0,9.0,-27.47,153.03,26.0,61.0
2.0,15.0,-27.47,153.03,26.0,47.0
2.0,9.0,-27.47,153.03,26.0,57.0
2.0,15.0,-27.47,153.03,26.0,46.0
2.0,9.0,-27.47,153.03,26.0,58.0
2.0,15.0,-27.47,153.03,26.0,50.0
2.0,9.0,-27.47,153.03,26.0,58.0
2.0,15.0,-27.47,153.03,26.0,47.0
2.0,9.0,-27.47,153.03,26.0,50.0
2.0,15.0,-27.47,153.03,26.0,42.0
2.0,9.0,-27.47,153.03,26.0,62.0
2.0,15.0,-27.47,153.03,26.0,49.0
2.0,9.0,-27.47,153.03,26.0,68.0
2.0,15.0,-27.47,153.03,26.0,37.0
2.0,9.0,-27.47,153.03,26.0,59.0
2.0,15.0,-27.47,153.03,26.0,51.0
2.0,9.0,-27.47,153.03,26.0,58.0
2.0,15.0,-27.47,153.03,26.0,43.0
2.0,9.0,-27.47,153.03,26.0,45.0
2.0,15.0,-27.47,153.03,26.0,47.0
2.0,9.0,-27.47,153.03,26.0,55.0
2.0,15.0,-27.47,153.03,26.0,44.0
2.0,9.0,-27.47,153.03,26.0,50.0
2.0,15.0,-27.47,153.03,26.0,47.0
2.0,9.0,-27.47,153.03,26.0,56.0
2.0,15.0,-27.47,153.03,26.0,47.0
2.0,9.0,-27.47,153.03,26.0,59.0
2.0,15.0,-27.47,153.03,26.0,45.0
2.0,9.0,-27.47,153.03,26.0,60.0
2.0,15.0,-27.47,153.03,26.0,51.0
