8.0,9.0,-27.47,153.03,26.0,63.0
8.0,15.0,-27.47,153.03,26.0,31.0
8.0,9.0,-27.47,153.03,26.0,72.0
8.0,15.0,-27.47,153.03,26.0,63.0
8.0,9.0,-27.47,153.03,26.0,67.0
8.0,15.0,-27.47,153.03,26.0,47.0
8.0,9.0,-27.47,153.03,26.0,64.0
8.0,15.0,-27.47,153.03,26.0,54.0
8.0,9.0,-27.47,153.03,26.0,59.0
8.0,15.0,-27.47,153.03,26.0,42.0
8.0,9.0,-27.47,153.03,26.0,70.0
8.0,15.0,-27.47,153.03,26.0,49.0
8.0,9.0,-27.47,153.03,26.0,77.0
8.0,15.0,-27.47,153.03,26.0,53.0
8.0,9.0,-27.47,153.03,26.0,68.0
8.0,15.0,-27.47,153.03,26.0,55.0
8.0,9.0,-27.47,153.03,26.0,69.0
8.0,15.0,-27.47,153.03,26.0,41.0
8.0,9.0,-27.47,153.03,26.0,66.0
8.0,15.0,-27.47,153.03,26.0,54.0
8.0,9.0,-27.47,153.03,26.0,61.0
8.0,15.0,-27.47,153.03,26.0,41.0
8.0,9.0,-27.47,153.03,26.0,71.0
8.0,15.0,-27.47,153.03,26.0,52.0
8.0,9.0,-27.47,153.03,26.0,75.0
8.0,15.0,-27.47,153.03,26.0,30.0
8.0,9.0,-27.47,153.03,26.0,56.0
8.0,15.0,-27.47,153.03,26.0,38.0
8.0,9.0,-27.47,153.03,26.0,75.0
8.0,15.0,-27.47,153.03,26.0,53.0
8.0,9.0,-27.47,153.03,26.0,65.0
8.0,15.0,-27.47,153.03,26.0,42.0
8.0,9.0,-27.47,153.03,26.0,66.0
8.0,15.0,-27.47,153.03,26.0,48.0
8.0,9.0,-27.47,153.03,26.0,87.0
8.0,15.0,-27.47,153.03,26.0,58.0
8.0,9.0,-27.47,153.03,26.0,77.0
8.0,15.0,-27.47,153.03,26.0,42.0
8.0,9.0,-27.47,153.03,26.0,69.0
8.0,15.0,-27.47,153.03,26.0,70.0
8.0,9.0,-27.47,153.03,26.0,47.0
8.0,15.0,-27.47,153.03,26.0,44.0
8.0,9.0,-27.47,153.03,26.0,72.0
8.0,15.0,-27.47,153.03,26.0,56.0
8.0,9.0,-27.47,153.03,26.0,62.0
8.0,15.0,-27.47,153.03,26.0,57.0
8.0,9.0,-27.47,153.03,26.0,89.0
8.0,15.0,-27.47,153.03,26.0,88.0
8.0,9.0,-27.47,153.03,26.0,57.0
8.0,15.0,-27.47,153.03,26.0,40.0
8.0,9.0,-27.47,153.03,26.0,54.0
8.0,15.0,-27.47,153.03,26.0,42.0
8.0,9.0,-27.47,153.03,26.0,43.0
8.0,15.0,-27.47,153.03,26.0,27.0
8.0,9.0,-27.47,153.03,26.0,53.0
8.0,15.0,-27.47,153.03,26.0,36.0
8.0,9.0,-27.47,153.03,26.0,65.0
8.0,15.0,-27.47,153.03,26.0,48.0
8.0,9.0,-27.47,153.03,26.0,66.0
8.0,15.0,-27.47,153.03,26.0,45.0
8.0,9.0,-27.47,153.03,26.0,68.0
8.0,15.0,-27.47,153.03,26.0,60.0
