11.0,9.0,-27.47,153.03,26.0,78.0
11.0,15.0,-27.47,153.03,26.0,88.0
11.0,9.0,-27.47,153.03,26.0,33.0
11.0,15.0,-27.47,153.03,26.0,32.0
11.0,9.0,-27.47,153.03,26.0,56.0
11.0,15.0,-27.47,153.03,26.0,48.0
11.0,9.0,-27.47,153.03,26.0,39.0
11.0,15.0,-27.47,153.03,26.0,48.0
11.0,9.0,-27.47,153.03,26.0,50.0
11.0,15.0,-27.47,153.03,26.0,45.0
11.0,9.0,-27.47,153.03,26.0,28.0
11.0,15.0,-27.47,153.03,26.0,46.0
11.0,9.0,-27.47,153.03,26.0,61.0
11.0,15.0,-27.47,153.03,26.0,55.0
11.0,9.0,-27.47,153.03,26.0,56.0
11.0,15.0,-27.47,153.03,26.0,57.0
11.0,9.0,-27.47,153.03,26.0,59.0
11.0,15.0,-27.47,153.03,26.0,58.0
11.0,9.0,-27.47,153.03,26.0,61.0
11.0,15.0,-27.47,153.03,26.0,57.0
11.0,9.0,-27.47,153.03,26.0,54.0
11.0,15.0,-27.47,153.03,26.0,64.0
11.0,9.0,-27.47,153.03,26.0,66.0
11.0,15.0,-27.47,153.03,26.0,82.0
11.0,9.0,-27.47,153.03,26.0,69.0
11.0,15.0,-27.47,153.03,26.0,58.0
11.0,9.0,-27.47,153.03,26.0,24.0
11.0,15.0,-27.47,153.03,26.0,19.0
11.0,9.0,-27.47,153.03,26.0,34.0
11.0,15.0,-27.47,153.03,26.0,47.0
11.0,9.0,-27.47,153.03,26.0,51.0
11.0,15.0,-27.47,153.03,26.0,51.0
11.0,9.0,-27.47,153.03,26.0,51.0
11.0,15.0,-27.47,153.03,26.0,53.0
11.0,9.0,-27.47,153.03,26.0,51.0
11.0,15.0,-27.47,153.03,26.0,48.0
11.0,9.0,-27.47,153.03,26.0,60.0
11.0,15.0,-27.47,153.03,26.0,47.0
11.0,9.0,-27.47,153.03,26.0,50.0
11.0,15.0,-27.47,153.03,26.0,42.0
11.0,9.0,-27.47,153.03,26.0,51.0
11.0,15.0,-27.47,153.03,26.0,36.0
11.0,9.0,-27.47,153.03,26.0,50.0
11.0,15.0,-27.47,153.03,26.0,47.0
11.0,9.0,-27.47,153.03,26.0,53.0
11.0,15.0,-27.47,153.03,26.0,56.0
11.0,9.0,-27.47,153.03,26.0,40.0
11.0,15.0,-27.47,153.03,26.0,53.0
11.0,9.0,-27.47,153.03,26.0,50.0
11.0,15.0,-27.47,153.03,26.0,53.0
11.0,9.0,-27.47,153.03,26.0,67.0
11.0,15.0,-27.47,153.03,26.0,60.0
11.0,9.0,-27.47,153.03,26.0,63.0
11.0,15.0,-27.47,153.03,26.0,54.0
11.0,9.0,-27.47,153.03,26.0,54.0
11.0,15.0,-27.47,153.03,26.0,53.0
11.0,9.0,-27.47,153.03,26.0,37.0
11.0,15.0,-27.47,153.03,26.0,34.0
11.0,9.0,-27.47,153.03,26.0,43.0
11.0,15.0,-27.47,153.03,26.0,56.0
