6.0,9.0,-27.47,153.03,26.0,54.0
6.0,15.0,-27.47,153.03,26.0,43.0
6.0,9.0,-27.47,153.03,26.0,53.0
6.0,15.0,-27.47,153.03,26.0,39.0
6.0,9.0,-27.47,153.03,26.0,58.0
6.0,15.0,-27.47,153.03,26.0,45.0
6.0,9.0,-27.47,153.03,26.0,63.0
6.0,15.0,-27.47,153.03,26.0,45.0
6.0,9.0,-27.47,153.03,26.0,72.0
6.0,15.0,-27.47,153.03,26.0,38.0
6.0,9.0,-27.47,153.03,26.0,64.0
6.0,15.0,-27.47,153.03,26.0,22.0
6.0,9.0,-27.47,153.03,26.0,46.0
6.0,15.0,-27.47,153.03,26.0,28.0
6.0,9.0,-27.47,153.03,26.0,54.0
6.0,15.0,-27.47,153.03,26.0,38.0
6.0,9.0,-27.47,153.03,26.0,58.0
6.0,15.0,-27.47,153.03,26.0,52.0
6.0,9.0,-27.47,153.03,26.0,61.0
6.0,15.0,-27.47,153.03,26.0,61.0
6.0,9.0,-27.47,153.03,26.0,94.0
6.0,15.0,-27.47,153.03,26.0,87.0
6.0,9.0,-27.47,153.03,26.0,83.0
6.0,15.0,-27.47,153.03,26.0,63.0
6.0,9.0,-27.47,153.03,26.0,90.0
6.0,15.0,-27.47,153.03,26.0,90.0
6.0,9.0,-27.47,153.03,26.0,73.0
6.0,15.0,-27.47,153.03,26.0,92.0
6.0,9.0,-27.47,153.03,26.0,75.0
6.0,15.0,-27.47,153.03,26.0,62.0
6.0,9.0,-27.47,153.03,26.0,74.0
6.0,15.0,-27.47,153.03,26.0,69.0
6.0,9.0,-27.47,153.03,26.0,80.0
6.0,15.0,-27.47,153.03,26.0,64.0
6.0,9.0,-27.47,153.03,26.0,70.0
6.0,15.0,-27.47,153.03,26.0,48.0
6.0,9.0,-27.47,153.03,26.0,62.0
6.0,15.0,-27.47,153.03,26.0,55.0
6.0,9.0,-27.47,153.03,26.0,66.0
6.0,15.0,-27.47,153.03,26.0,62.0
6.0,9.0,-27.47,153.03,26.0,61.0
6.0,15.0,-27.47,153.03,26.0,44.0
6.0,9.0,-27.47,153.03,26.0,62.0
6.0,15.0,-27.47,153.03,26.0,55.0
6.0,9.0,-27.47,153.03,26.0,71.0
6.0,15.0,-27.47,153.03,26.0,37.0
6.0,9.0,-27.47,153.03,26.0,75.0
6.0,15.0,-27.47,153.03,26.0,33.0
6.0,9.0,-27.47,153.03,26.0,68.0
6.0,15.0,-27.47,153.03,26.0,53.0
6.0,9.0,-27.47,153.03,26.0,74.0
6.0,15.0,-27.47,153.03,26.0,40.0
6.0,9.0,-27.47,153.03,26.0,74.0
6.0,15.0,-27.47,153.03,26.0,71.0
6.0,9.0,-27.47,153.03,26.0,78.0
6.0,15.0,-27.47,153.03,26.0,61.0
6.0,9.0,-27.47,153.03,26.0,73.0
6.0,15.0,-27.47,153.03,26.0,60.0
6.0,9.0,-27.47,153.03,26.0,78.0
6.0,15.0,-27.47,153.03,26.0,45.0
