9.0,9.0,-27.47,153.03,26.0,69.0
9.0,15.0,-27.47,153.03,26.0,57.0
9.0,9.0,-27.47,153.03,26.0,66.0
9.0,15.0,-27.47,153.03,26.0,64.0
9.0,9.0,-27.47,153.03,26.0,57.0
9.0,15.0,-27.47,153.03,26.0,43.0
9.0,9.0,-27.47,153.03,26.0,47.0
9.0,15.0,-27.47,153.03,26.0,34.0
9.0,9.0,-27.47,153.03,26.0,59.0
9.0,15.0,-27.47,153.03,26.0,42.0
9.0,9.0,-27.47,153.03,26.0,59.0
9.0,15.0,-27.47,153.03,26.0,53.0
9.0,9.0,-27.47,153.03,26.0,70.0
9.0,15.0,-27.47,153.03,26.0,50.0
9.0,9.0,-27.47,153.03,26.0,58.0
9.0,15.0,-27.47,153.03,26.0,51.0
9.0,9.0,-27.47,153.03,26.0,64.0
9.0,15.0,-27.47,153.03,26.0,70.0
9.0,9.0,-27.47,153.03,26.0,79.0
9.0,15.0,-27.47,153.03,26.0,87.0
9.0,9.0,-27.47,153.03,26.0,58.0
9.0,15.0,-27.47,153.03,26.0,50.0
9.0,9.0,-27.47,153.03,26.0,68.0
9.0,15.0,-27.47,153.03,26.0,55.0
9.0,9.0,-27.47,153.03,26.0,71.0
9.0,15.0,-27.47,153.03,26.0,60.0
9.0,9.0,-27.47,153.03,26.0,60.0
9.0,15.0,-27.47,153.03,26.0,68.0
9.0,9.0,-27.47,153.03,26.0,77.0
9.0,15.0,-27.47,153.03,26.0,64.0
9.0,9.0,-27.47,153.03,26.0,64.0
9.0,15.0,-27.47,153.03,26.0,52.0
9.0,9.0,-27.47,153.03,26.0,61.0
9.0,15.0,-27.47,153.03,26.0,61.0
9.0,9.0,-27.47,153.03,26.0,86.0
9.0,15.0,-27.47,153.03,26.0,83.0
9.0,9.0,-27.47,153.03,26.0,58.0
9.0,15.0,-27.47,153.03,26.0,47.0
9.0,9.0,-27.47,153.03,26.0,41.0
9.0,15.0,-27.47,153.03,26.0,36.0
9.0,9.0,-27.47,153.03,26.0,84.0
9.0,15.0,-27.47,153.03,26.0,79.0
9.0,9.0,-27.47,153.03,26.0,49.0
9.0,15.0,-27.47,153.03,26.0,35.0
9.0,9.0,-27.47,153.03,26.0,43.0
9.0,15.0,-27.47,153.03,26.0,35.0
9.0,9.0,-27.47,153.03,26.0,52.0
9.0,15.0,-27.47,153.03,26.0,41.0
9.0,9.0,-27.47,153.03,26.0,70.0
9.0,15.0,-27.47,153.03,26.0,42.0
9.0,9.0,-27.47,153.03,26.0,46.0
9.0,15.0,-27.47,153.03,26.0,36.0
9.0,9.0,-27.47,153.03,26.0,45.0
9.0,15.0,-27.47,153.03,26.0,23.0
9.0,9.0,-27.47,153.03,26.0,36.0
9.0,15.0,-27.47,153.03,26.0,38.0
9.0,9.0,-27.47,153.03,26.0,57.0
9.0,15.0,-27.47,153.03,26.0,48.0
9.0,9.0,-27.47,153.03,26.0,36.0
9.0,15.0,-27.47,153.03,26.0,20.0
