7.0,9.0,-27.47,153.03,26.0,56.0
7.0,15.0,-27.47,153.03,26.0,33.0
7.0,9.0,-27.47,153.03,26.0,69.0
7.0,15.0,-27.47,153.03,26.0,44.0
7.0,9.0,-27.47,153.03,26.0,72.0
7.0,15.0,-27.47,153.03,26.0,37.0
7.0,9.0,-27.47,153.03,26.0,57.0
7.0,15.0,-27.47,153.03,26.0,36.0
7.0,9.0,-27.47,153.03,26.0,90.0
7.0,15.0,-27.47,153.03,26.0,92.0
7.0,9.0,-27.47,153.03,26.0,75.0
7.0,15.0,-27.47,153.03,26.0,30.0
7.0,9.0,-27.47,153.03,26.0,60.0
7.0,15.0,-27.47,153.03,26.0,33.0
7.0,9.0,-27.47,153.03,26.0,56.0
7.0,15.0,-27.47,153.03,26.0,43.0
7.0,9.0,-27.47,153.03,26.0,61.0
7.0,15.0,-27.47,153.03,26.0,50.0
7.0,9.0,-27.47,153.03,26.0,60.0
7.0,15.0,-27.47,153.03,26.0,51.0
7.0,9.0,-27.47,153.03,26.0,69.0
7.0,15.0,-27.47,153.03,26.0,59.0
7.0,9.0,-27.47,153.03,26.0,78.0
7.0,15.0,-27.47,153.03,26.0,57.0
7.0,9.0,-27.47,153.03,26.0,74.0
7.0,15.0,-27.47,153.03,26.0,58.0
7.0,9.0,-27.47,153.03,26.0,81.0
7.0,15.0,-27.47,153.03,26.0,62.0
7.0,9.0,-27.47,153.03,26.0,82.0
7.0,15.0,-27.47,153.03,26.0,64.0
7.0,9.0,-27.47,153.03,26.0,97.0
7.0,15.0,-27.47,153.03,26.0,60.0
7.0,9.0,-27.47,153.03,26.0,41.0
7.0,15.0,-27.47,153.03,26.0,32.0
7.0,9.0,-27.47,153.03,26.0,51.0
7.0,15.0,-27.47,153.03,26.0,36.0
7.0,9.0,-27.47,153.03,26.0,48.0
7.0,15.0,-27.47,153.03,26.0,25.0
7.0,9.0,-27.47,153.03,26.0,57.0
7.0,15.0,-27.47,153.03,26.0,40.0
7.0,9.0,-27.47,153.03,26.0,75.0
7.0,15.0,-27.47,153.03,26.0,32.0
7.0,9.0,-27.47,153.03,26.0,52.0
7.0,15.0,-27.47,153.03,26.0,25.0
7.0,9.0,-27.47,153.03,26.0,57.0
7.0,15.0,-27.47,153.03,26.0,22.0
7.0,9.0,-27.47,153.03,26.0,58.0
7.0,15.0,-27.47,153.03,26.0,22.0
7.0,9.0,-27.47,153.03,26.0,53.0
7.0,15.0,-27.47,153.03,26.0,45.0
7.0,9.0,-27.47,153.03,26.0,68.0
7.0,15.0,-27.47,153.03,26.0,34.0
7.0,9.0,-27.47,153.03,26.0,55.0
7.0,15.0,-27.47,153.03,26.0,15.0
7.0,9.0,-27.47,153.03,26.0,61.0
7.0,15.0,-27.47,153.03,26.0,38.0
7.0,9.0,-27.47,153.03,26.0,84.0
7.0,15.0,-27.47,153.03,26.0,57.0
