1.0,9.0,-27.47,153.03,26.0,55.0
1.0,15.0,-27.47,153.03,26.0,62.0
1.0,9.0,-27.47,153.03,26.0,61.0
1.0,15.0,-27.47,153.03,26.0,58.0
1.0,9.0,-27.47,153.03,26.0,81.0
1.0,15.0,-27.47,153.03,26.0,73.0
1.0,9.0,-27.47,153.03,26.0,57.0
1.0,15.0,-27.47,153.03,26.0,45.0
1.0,9.0,-27.47,153.03,26.0,58.0
1.0,15.0,-27.47,153.03,26.0,61.0
1.0,9.0,-27.47,153.03,26.0,63.0
1.0,15.0,-27.47,153.03,26.0,69.0
1.0,9.0,-27.47,153.03,26.0,60.0
1.0,15.0,-27.47,153.03,26.0,45.0
1.0,9.0,-27.47,153.03,26.0,57.0
1.0,15.0,-27.47,153.03,26.0,44.0
1.0,9.0,-27.47,153.03,26.0,61.0
1.0,15.0,-27.47,153.03,26.0,62.0
1.0,9.0,-27.47,153.03,26.0,65.0
1.0,15.0,-27.47,153.03,26.0,58.0
1.0,9.0,-27.47,153.03,26.0,60.0
1.0,15.0,-27.47,153.03,26.0,54.0
1.0,9.0,-27.47,153.03,26.0,59.0
1.0,15.0,-27.47,153.03,26.0,50.0
1.0,9.0,-27.47,153.03,26.0,72.0
1.0,15.0,-27.47,153.03,26.0,46.0
1.0,9.0,-27.47,153.03,26.0,63.0
1.0,15.0,-27.47,153.03,26.0,64.0
1.0,9.0,-27.47,153.03,26.0,71.0
1.0,15.0,-27.47,153.03,26.0,80.0
1.0,9.0,-27.47,153.03,26.0,69.0
1.0,15.0,-27.47,153.03,26.0,59.0
1.0,9.0,-27.47,153.03,26.0,66.0
1.0,15.0,-27.47,153.03,26.0,56.0
1.0,9.0,-27.47,153.03,26.0,57.0
1.0,15.0,-27.47,153.03,26.0,54.0
1.0,9.0,-27.47,153.03,26.0,69.0
1.0,15.0,-27.47,153.03,26.0,55.0
1.0,9.0,-27.47,153.03,26.0,65.0
1.0,15.0,-27.47,153.03,26.0,59.0
1.0,9.0,-27.47,153.03,26.0,61.0
1.0,15.0,-27.47,153.03,26.0,87.0
1.0,9.0,-27.47,153.03,26.0,60.0
1.0,15.0,-27.47,153.03,26.0,53.0
1.0,9.0,-27.47,153.03,26.0,49.0
1.0,15.0,-27.47,153.03,26.0,47.0
1.0,9.0,-27.47,153.03,26.0,49.0
1.0,15.0,-27.47,153.03,26.0,45.0
1.0,9.0,-27.47,153.03,26.0,56.0
1.0,15.0,-27.47,153.03,26.0,53.0
1.0,9.0,-27.47,153.03,26.0,54.0
1.0,15.0,-27.47,153.03,26.0,54.0
1.0,9.0,-27.47,153.03,26.0,76.0
1.0,15.0,-27.47,153.03,26.0,75.0
1.0,9.0,-27.47,153.03,26.0,66.0
1.0,15.0,-27.47,153.03,26.0,58.0
1.0,9.0,-27.47,153.03,26.0,60.0
1.0,15.0,-27.47,153.03,26.0,54.0
1.0,9.0,-27.47,153.03,26.0,55.0
1.0,15.0,-27.47,153.03,26.0,56.0
1.0,9.0,-27.47,153.03,26.0,53.0
1.0,15.0,-27.47,153.03,26.0,52.0
