10.0,9.0,-27.47,153.03,26.0,30.0
10.0,15.0,-27.47,153.03,26.0,21.0
10.0,9.0,-27.47,153.03,26.0,36.0
10.0,15.0,-27.47,153.03,26.0,34.0
10.0,9.0,-27.47,153.03,26.0,56.0
10.0,15.0,-27.47,153.03,26.0,87.0
10.0,9.0,-27.47,153.03,26.0,44.0
10.0,15.0,-27.47,153.03,26.0,25.0
10.0,9.0,-27.47,153.03,26.0,35.0
10.0,15.0,-27.47,153.03,26.0,24.0
10.0,9.0,-27.47,153.03,26.0,29.0
10.0,15.0,-27.47,153.03,26.0,25.0
10.0,9.0,-27.47,153.03,26.0,42.0
10.0,15.0,-27.47,153.03,26.0,20.0
10.0,9.0,-27.47,153.03,26.0,48.0
10.0,15.0,-27.47,153.03,26.0,44.0
10.0,9.0,-27.47,153.03,26.0,58.0
10.0,15.0,-27.47,153.03,26.0,57.0
10.0,9.0,-27.47,153.03,26.0,53.0
10.0,15.0,-27.47,153.03,26.0,52.0
10.0,9.0,-27.47,153.03,26.0,56.0
10.0,15.0,-27.47,153.03,26.0,59.0
10.0,9.0,-27.47,153.03,26.0,53.0
10.0,15.0,-27.47,153.03,26.0,53.0
10.0,9.0,-27.47,153.03,26.0,50.0
10.0,15.0,-27.47,153.03,26.0,50.0
10.0,9.0,-27.47,153.03,26.0,46.0
10.0,15.0,-27.47,153.03,26.0,41.0
10.0,9.0,-27.47,153.03,26.0,45.0
10.0,15.0,-27.47,153.03,26.0,40.0
10.0,9.0,-27.47,153.03,26.0,48.0
10.0,15.0,-27.47,153.03,26.0,39.0
10.0,9.0,-27.47,153.03,26.0,49.0
10.0,15.0,-27.47,153.03,26.0,54.0
10.0,9.0,-27.47,153.03,26.0,38.0
10.0,15.0,-27.47,153.03,26.0,34.0
10.0,9.0,-27.47,153.03,26.0,41.0
10.0,15.0,-27.47,153.03,26.0,38.0
10.0,9.0,-27.47,153.03,26.0,53.0
10.0,15.0,-27.47,153.03,26.0,62.0
10.0,9.0,-27.47,153.03,26.0,54.0
10.0,15.0,-27.47,153.03,26.0,52.0
10.0,9.0,-27.47,153.03,26.0,52.0
10.0,15.0,-27.47,153.03,26.0,62.0
10.0,9.0,-27.47,153.03,26.0,55.0
10.0,15.0,-27.47,153.03,26.0,36.0
10.0,9.0,-27.47,153.03,26.0,46.0
10.0,15.0,-27.47,153.03,26.0,38.0
10.0,9.0,-27.47,153.03,26.0,48.0
10.0,15.0,-27.47,153.03,26.0,39.0
10.0,9.0,-27.47,153.03,26.0,46.0
10.0,15.0,-27.47,153.03,26.0,54.0
10.0,9.0,-27.47,153.03,26.0,51.0
10.0,15.0,-27.47,153.03,26.0,48.0
10.0,9.0,-27.47,153.03,26.0,54.0
10.0,15.0,-27.47,153.03,26.0,44.0
10.0,9.0,-27.47,153.03,26.0,49.0
10.0,15.0,-27.47,153.03,26.0,51.0
10.0,9.0,-27.47,153.03,26.0,52.0
10.0,15.0,-27.47,153.03,26.0,45.0
10.0,9.0,-27.47,153.03,26.0,61.0
10.0,15.0,-27.47,153.03,26.0,60.0
