12.0,9.0,-27.47,153.03,26.0,53.0
12.0,15.0,-27.47,153.03,26.0,60.0
12.0,9.0,-27.47,153.03,26.0,56.0
12.0,15.0,-27.47,153.03,26.0,62.0
12.0,9.0,-27.47,153.03,26.0,74.0
12.0,15.0,-27.47,153.03,26.0,61.0
12.0,9.0,-27.47,153.03,26.0,61.0
12.0,15.0,-27.47,153.03,26.0,65.0
12.0,9.0,-27.47,153.03,26.0,64.0
12.0,15.0,-27.47,153.03,26.0,68.0
12.0,9.0,-27.47,153.03,26.0,69.0
12.0,15.0,-27.47,153.03,26.0,56.0
12.0,9.0,-27.47,153.03,26.0,69.0
12.0,15.0,-27.47,153.03,26.0,68.0
12.0,9.0,-27.47,153.03,26.0,82.0
12.0,15.0,-27.47,153.03,26.0,77.0
12.0,9.0,-27.47,153.03,26.0,67.0
12.0,15.0,-27.47,153.03,26.0,62.0
12.0,9.0,-27.47,153.03,26.0,54.0
12.0,15.0,-27.47,153.03,26.0,56.0
12.0,9.0,-27.47,153.03,26.0,52.0
12.0,15.0,-27.47,153.03,26.0,48.0
12.0,9.0,-27.47,153.03,26.0,48.0
12.0,15.0,-27.47,153.03,26.0,51.0
12.0,9.0,-27.47,153.03,26.0,55.0
12.0,15.0,-27.47,153.03,26.0,43.0
12.0,9.0,-27.47,153.03,26.0,53.0
12.0,15.0,-27.47,153.03,26.0,46.0
12.0,9.0,-27.47,153.03,26.0,51.0
12.0,15.0,-27.47,153.03,26.0,52.0
12.0,9.0,-27.47,153.03,26.0,51.0
12.0,15.0,-27.47,153.03,26.0,45.0
12.0,9.0,-27.47,153.03,26.0,50.0
12.0,15.0,-27.47,153.03,26.0,54.0
12.0,9.0,-27.47,153.03,26.0,60.0
12.0,15.0,-27.47,153.03,26.0,70.0
12.0,9.0,-27.47,153.03,26.0,58.0
12.0,15.0,-27.47,153.03,26.0,50.0
12.0,9.0,-27.47,153.03,26.0,61.0
12.0,15.0,-27.47,153.03,26.0,53.0
12.0,9.0,-27.47,153.03,26.0,55.0
12.0,15.0,-27.47,153.03,26.0,57.0
12.0,9.0,-27.47,153.03,26.0,59.0
12.0,15.0,-27.47,153.03,26.0,58.0
12.0,9.0,-27.47,153.03,26.0,55.0
12.0,15.0,-27.47,153.03,26.0,54.0
12.0,9.0,-27.47,153.03,26.0,52.0
12.0,15.0,-27.47,153.03,26.0,53.0
12.0,9.0,-27.47,153.03,26.0,75.0
12.0,15.0,-27.47,153.03,26.0,65.0
12.0,9.0,-27.47,153.03,26.0,55.0
12.0,15.0,-27.47,153.03,26.0,69.0
12.0,9.0,-27.47,153.03,26.0,58.0
12.0,15.0,-27.47,153.03,26.0,57.0
12.0,9.0,-27.47,153.03,26.0,51.0
12.0,15.0,-27.47,153.03,26.0,46.0
12.0,9.0,-27.47,153.03,26.0,60.0
12.0,15.0,-27.47,153.03,26.0,53.0
12.0,9.0,-27.47,153.03,26.0,54.0
12.0,15.0,-27.47,153.03,26.0,60.0
12.0,9.0,-27.47,153.03,26.0,58.0
12.0,15.0,-27.47,153.03,26.0,57.0
