4.0,9.0,-27.47,153.03,26.0,54.0
4.0,15.0,-27.47,153.03,26.0,40.0
4.0,9.0,-27.47,153.03,26.0,52.0
4.0,15.0,-27.47,153.03,26.0,49.0
4.0,9.0,-27.47,153.03,26.0,59.0
4.0,15.0,-27.47,153.03,26.0,57.0
4.0,9.0,-27.47,153.03,26.0,57.0
4.0,15.0,-27.47,153.03,26.0,72.0
4.0,9.0,-27.47,153.03,26.0,64.0
4.0,15.0,-27.47,153.03,26.0,54.0
4.0,9.0,-27.47,153.03,26.0,72.0
4.0,15.0,-27.47,153.03,26.0,64.0
4.0,9.0,-27.47,153.03,26.0,61.0
4.0,15.0,-27.47,153.03,26.0,48.0
4.0,9.0,-27.47,153.03,26.0,63.0
4.0,15.0,-27.47,153.03,26.0,55.0
4.0,9.0,-27.47,153.03,26.0,63.0
4.0,15.0,-27.47,153.03,26.0,59.0
4.0,9.0,-27.47,153.03,26.0,74.0
4.0,15.0,-27.47,153.03,26.0,32.0
4.0,9.0,-27.47,153.03,26.0,35.0
4.0,15.0,-27.47,153.03,26.0,30.0
4.0,9.0,-27.47,153.03,26.0,55.0
4.0,15.0,-27.47,153.03,26.0,56.0
4.0,9.0,-27.47,153.03,26.0,61.0
4.0,15.0,-27.47,153.03,26.0,57.0
4.0,9.0,-27.47,153.03,26.0,68.0
4.0,15.0,-27.47,153.03,26.0,57.0
4.0,9.0,-27.47,153.03,26.0,63.0
4.0,15.0,-27.47,153.03,26.0,61.0
4.0,9.0,-27.47,153.03,26.0,66.0
4.0,15.0,-27.47,153.03,26.0,51.0
4.0,9.0,-27.47,153.03,26.0,66.0
4.0,15.0,-27.47,153.03,26.0,56.0
4.0,9.0,-27.47,153.03,26.0,64.0
4.0,15.0,-27.47,153.03,26.0,49.0
4.0,9.0,-27.47,153.03,26.0,63.0
4.0,15.0,-27.47,153.03,26.0,60.0
4.0,9.0,-27.47,153.03,26.0,59.0
4.0,15.0,-27.47,153.03,26.0,56.0
4.0,9.0,-27.47,153.03,26.0,68.0
4.0,15.0,-27.47,153.03,26.0,61.0
4.0,9.0,-27.47,153.03,26.0,86.0
4.0,15.0,-27.47,153.03,26.0,50.0
4.0,9.0,-27.47,153.03,26.0,63.0
4.0,15.0,-27.47,153.03,26.0,57.0
4.0,9.0,-27.47,153.03,26.0,70.0
4.0,15.0,-27.47,153.03,26.0,70.0
4.0,9.0,-27.47,153.03,26.0,76.0
4.0,15.0,-27.47,153.03,26.0,48.0
4.0,9.0,-27.47,153.03,26.0,69.0
4.0,15.0,-27.47,153.03,26.0,78.0
4.0,9.0,-27.47,153.03,26.0,47.0
4.0,15.0,-27.47,153.03,26.0,35.0
4.0,9.0,-27.47,153.03,26.0,58.0
4.0,15.0,-27.47,153.03,26.0,46.0
4.0,9.0,-27.47,153.03,26.0,53.0
4.0,15.0,-27.47,153.03,26.0,35.0
4.0,9.0,-27.47,153.03,26.0,65.0
4.0,15.0,-27.47,153.03,26.0,52.0
