11.0,9.0,-35.3,149.13,558.0,1013.6
11.0,15.0,-35.3,149.13,558.0,1009.7
11.0,9.0,-35.3,149.13,558.0,1013.6
11.0,15.0,-35.3,149.13,558.0,1012.6
11.0,9.0,-35.3,149.13,558.0,1018.3
11.0,15.0,-35.3,149.13,558.0,1014.6
11.0,9.0,-35.3,149.13,558.0,1014.5
11.0,15.0,-35.3,149.13,558.0,1009.8
11.0,9.0,-35.3,149.13,558.0,1004.7
11.0,15.0,-35.3,149.13,558.0,1007.0
11.0,9.0,-35.3,149.13,558.0,1008.3
11.0,15.0,-35.3,149.13,558.0,1007.5
11.0,9.0,-35.3,149.13,558.0,1010.6
11.0,15.0,-35.3,149.13,558.0,1006.5
11.0,9.0,-35.3,149.13,558.0,1007.6
11.0,15.0,-35.3,149.13,558.0,1008.1
11.0,9.0,-35.3,149.13,558.0,1012.6
11.0,15.0,-35.3,149.13,558.0,1007.7
11.0,9.0,-35.3,149.13,558.0,1009.2
11.0,15.0,-35.3,149.13,558.0,1007.0
11.0,9.0,-35.3,149.13,558.0,1012.1
11.0,15.0,-35.3,149.13,558.0,1007.5
11.0,9.0,-35.3,149.13,558.0,1002.3
11.0,15.0,-35.3,149.13,558.0,998.4
11.0,9.0,-35.3,149.13,558.0,999.2
11.0,15.0,-35.3,149.13,558.0,996.9
11.0,9.0,-35.3,149.13,558.0,1002.7
11.0,15.0,-35.3,149.13,558.0,1004.8
11.0,9.0,-35.3,149.13,558.0,1015.4
11.0,15.0,-35.3,149.13,558.0,1014.0
11.0,9.0,-35.3,149.13,558.0,1020.3
11.0,15.0,-35.3,149.13,558.0,1019.1
11.0,9.0,-35.3,149.13,558.0,1024.4
11.0,15.0,-35.3,149.13,558.0,1020.1
11.0,9.0,-35.3,149.13,558.0,1018.5
11.0,15.0,-35.3,149.13,558.0,1015.1
11.0,9.0,-35.3,149.13,558.0,1017.6
11.0,15.0,-35.3,149.13,558.0,1015.3
11.0,9.0,-35.3,149.13,558.0,1019.8
11.0,15.0,-35.3,149.13,558.0,1016.8
11.0,9.0,-35.3,149.13,558.0,1018.4
11.0,15.0,-35.3,149.13,558.0,1015.5
11.0,9.0,-35.3,149.13,558.0,1015.9
11.0,15.0,-35.3,149.13,558.0,1012.6
11.0,9.0,-35.3,149.13,558.0,1010.6
11.0,15.0,-35.3,149.13,558.0,1008.8
11.0,9.0,-35.3,149.13,558.0,1013.5
11.0,15.0,-35.3,149.13,558.0,1011.0
11.0,9.0,-35.3,149.13,558.0,1012.8
11.0,15.0,-35.3,149.13,558.0,1010.9
11.0,9.0,-35.3,149.13,558.0,1016.7
11.0,15.0,-35.3,149.13,558.0,1013.6
11.0,9.0,-35.3,149.13,558.0,1017.5
11.0,15.0,-35.3,149.13,558.0,1014.6
11.0,9.0,-35.3,149.13,558.0,1014.6
11.0,15.0,-35.3,149.13,558.0,1010.9
11.0,9.0,-35.3,149.13,558.0,1012.4
11.0,15.0,-35.3,149.13,558.0,1009.3
11.0,9.0,-35.3,149.13,558.0,1011.4
11.0,15.0,-35.3,149.13,558.0,1006.5
