3.0,9.0,-35.3,149.13,558.0,1022.3
3.0,15.0,-35.3,149.13,558.0,1019.3
3.0,9.0,-35.3,149.13,558.0,1018.9
3.0,15.0,-35.3,149.13,558.0,1016.2
3.0,9.0,-35.3,149.13,558.0,1018.9
3.0,15.0,-35.3,149.13,558.0,1017.8
3.0,9.0,-35.3,149.13,558.0,1018.0
3.0,15.0,-35.3,149.13,558.0,1014.9
3.0,9.0,-35.3,149.13,558.0,1012.6
3.0,15.0,-35.3,149.13,558.0,1009.9
3.0,9.0,-35.3,149.13,558.0,1015.0
3.0,15.0,-35.3,149.13,558.0,1013.4
3.0,9.0,-35.3,149.13,558.0,1019.2
3.0,15.0,-35.3,149.13,558.0,1017.2
3.0,9.0,-35.3,149.13,558.0,1019.7
3.0,15.0,-35.3,149.13,558.0,1018.1
3.0,9.0,-35.3,149.13,558.0,1018.7
3.0,15.0,-35.3,149.13,558.0,1016.1
3.0,9.0,-35.3,149.13,558.0,1016.5
3.0,15.0,-35.3,149.13,558.0,1012.8
3.0,9.0,-35.3,149.13,558.0,1014.7
3.0,15.0,-35.3,149.13,558.0,1010.0
3.0,9.0,-35.3,149.13,558.0,1009.8
3.0,15.0,-35.3,149.13,558.0,1005.3
3.0,9.0,-35.3,149.13,558.0,1012.0
3.0,15.0,-35.3,149.13,558.0,1012.5
3.0,9.0,-35.3,149.13,558.0,1020.7
3.0,15.0,-35.3,149.13,558.0,1020.5
3.0,9.0,-35.3,149.13,558.0,1021.8
3.0,15.0,-35.3,149.13,558.0,1018.2
3.0,9.0,-35.3,149.13,558.0,1014.5
3.0,15.0,-35.3,149.13,558.0,1010.6
3.0,9.0,-35.3,149.13,558.0,1019.5
3.0,15.0,-35.3,149.13,558.0,1021.4
3.0,9.0,-35.3,149.13,558.0,1025.7
3.0,15.0,-35.3,149.13,558.0,1024.5
3.0,9.0,-35.3,149.13,558.0,1022.1
3.0,15.0,-35.3,149.13,558.0,1018.3
3.0,9.0,-35.3,149.13,558.0,1018.6
3.0,15.0,-35.3,149.13,558.0,1014.5
3.0,9.0,-35.3,149.13,558.0,1015.6
3.0,15.0,-35.3,149.13,558.0,1013.4
3.0,9.0,-35.3,149.13,558.0,1014.1
3.0,15.0,-35.3,149.13,558.0,1013.7
3.0,9.0,-35.3,149.13,558.0,1019.3
3.0,15.0,-35.3,149.13,558.0,1017.7
3.0,9.0,-35.3,149.13,558.0,1020.7
3.0,15.0,-35.3,149.13,558.0,1018.4
3.0,9.0,-35.3,149.13,558.0,1016.8
3.0,15.0,-35.3,149.13,558.0,1014.0
3.0,9.0,-35.3,149.13,558.0,1016.5
3.0,15.0,-35.3,149.13,558.0,1014.0
3.0,9.0,-35.3,149.13,558.0,1015.9
3.0,15.0,-35.3,149.13,558.0,1010.6
3.0,9.0,-35.3,149.13,558.0,1013.4
3.0,15.0,-35.3,149.13,558.0,1011.1
3.0,9.0,-35.3,149.13,558.0,1012.5
3.0,15.0,-35.3,149.13,558.0,1008.4
3.0,9.0,-35.3,149.13,558.0,1009.1
3.0,15.0,-35.3,149.13,558.0,1007.6
3.0,9.0,-35.3,149.13,558.0,1018.0
3.0,15.0,-35.3,149.13,558.0,1015.3
