10.0,9.0,-35.3,149.13,558.0,1004.9
10.0,15.0,-35.3,149.13,558.0,1006.4
10.0,9.0,-35.3,149.13,558.0,1012.7
10.0,15.0,-35.3,149.13,558.0,1008.4
10.0,9.0,-35.3,149.13,558.0,999.2
10.0,15.0,-35.3,149.13,558.0,1000.2
10.0,9.0,-35.3,149.13,558.0,1006.1
10.0,15.0,-35.3,149.13,558.0,1003.7
10.0,9.0,-35.3,149.13,558.0,1015.6
10.0,15.0,-35.3,149.13,558.0,1014.9
10.0,9.0,-35.3,149.13,558.0,1019.8
10.0,15.0,-35.3,149.13,558.0,1018.0
10.0,9.0,-35.3,149.13,558.0,1021.8
10.0,15.0,-35.3,149.13,558.0,1017.6
10.0,9.0,-35.3,149.13,558.0,1016.0
10.0,15.0,-35.3,149.13,558.0,1017.0
10.0,9.0,-35.3,149.13,558.0,1021.5
10.0,15.0,-35.3,149.13,558.0,1015.6
10.0,9.0,-35.3,149.13,558.0,1008.7
10.0,15.0,-35.3,149.13,558.0,1009.8
10.0,9.0,-35.3,149.13,558.0,1013.7
10.0,15.0,-35.3,149.13,558.0,1013.4
10.0,9.0,-35.3,149.13,558.0,1016.0
10.0,15.0,-35.3,149.13,558.0,1013.2
10.0,9.0,-35.3,149.13,558.0,1022.3
10.0,15.0,-35.3,149.13,558.0,1021.3
10.0,9.0,-35.3,149.13,558.0,1025.5
10.0,15.0,-35.3,149.13,558.0,1021.7
10.0,9.0,-35.3,149.13,558.0,1022.8
10.0,15.0,-35.3,149.13,558.0,1017.7
10.0,9.0,-35.3,149.13,558.0,1012.6
10.0,15.0,-35.3,149.13,558.0,1007.1
10.0,9.0,-35.3,149.13,558.0,1006.4
10.0,15.0,-35.3,149.13,558.0,1006.8
10.0,9.0,-35.3,149.13,558.0,1012.1
10.0,15.0,-35.3,149.13,558.0,1011.1
10.0,9.0,-35.3,149.13,558.0,1017.8
10.0,15.0,-35.3,149.13,558.0,1017.8
10.0,9.0,-35.3,149.13,558.0,1023.8
10.0,15.0,-35.3,149.13,558.0,1019.3
10.0,9.0,-35.3,149.13,558.0,1018.5
10.0,15.0,-35.3,149.13,558.0,1013.4
10.0,9.0,-35.3,149.13,558.0,1010.0
10.0,15.0,-35.3,149.13,558.0,1011.0
10.0,9.0,-35.3,149.13,558.0,1019.8
10.0,15.0,-35.3,149.13,558.0,1017.3
10.0,9.0,-35.3,149.13,558.0,1019.2
10.0,15.0,-35.3,149.13,558.0,1016.2
10.0,9.0,-35.3,149.13,558.0,1018.3
10.0,15.0,-35.3,149.13,558.0,1014.7
10.0,9.0,-35.3,149.13,558.0,1017.1
10.0,15.0,-35.3,149.13,558.0,1012.4
10.0,9.0,-35.3,149.13,558.0,1015.1
10.0,15.0,-35.3,149.13,558.0,1013.3
10.0,9.0,-35.3,149.13,558.0,1020.4
10.0,15.0,-35.3,149.13,558.0,1017.4
10.0,9.0,-35.3,149.13,558.0,1020.1
10.0,15.0,-35.3,149.13,558.0,1016.2
10.0,9.0,-35.3,149.13,558.0,1011.4
10.0,15.0,-35.3,149.13,558.0,1006.7
10.0,9.0,-35.3,149.13,558.0,1011.5
10.0,15.0,-35.3,149.13,558.0,1011.1
