12.0,9.0,-35.3,149.13,558.0,1008.1
12.0,15.0,-35.3,149.13,558.0,1005.5
12.0,9.0,-35.3,149.13,558.0,1009.4
12.0,15.0,-35.3,149.13,558.0,1009.8
12.0,9.0,-35.3,149.13,558.0,1015.2
12.0,15.0,-35.3,149.13,558.0,1011.8
12.0,9.0,-35.3,149.13,558.0,1015.3
12.0,15.0,-35.3,149.13,558.0,1011.2
12.0,9.0,-35.3,149.13,558.0,1009.6
12.0,15.0,-35.3,149.13,558.0,1008.4
12.0,9.0,-35.3,149.13,558.0,1012.2
12.0,15.0,-35.3,149.13,558.0,1010.1
12.0,9.0,-35.3,149.13,558.0,1014.2
12.0,15.0,-35.3,149.13,558.0,1011.9
12.0,9.0,-35.3,149.13,558.0,1006.1
12.0,15.0,-35.3,149.13,558.0,998.4
12.0,9.0,-35.3,149.13,558.0,1007.5
12.0,15.0,-35.3,149.13,558.0,1009.8
12.0,9.0,-35.3,149.13,558.0,1020.8
12.0,15.0,-35.3,149.13,558.0,1017.8
12.0,9.0,-35.3,149.13,558.0,1021.5
12.0,15.0,-35.3,149.13,558.0,1018.6
12.0,9.0,-35.3,149.13,558.0,1021.4
12.0,15.0,-35.3,149.13,558.0,1016.8
12.0,9.0,-35.3,149.13,558.0,1015.4
12.0,15.0,-35.3,149.13,558.0,1011.1
12.0,9.0,-35.3,149.13,558.0,1008.7
12.0,15.0,-35.3,149.13,558.0,1009.6
12.0,9.0,-35.3,149.13,558.0,1016.4
12.0,15.0,-35.3,149.13,558.0,1015.8
12.0,9.0,-35.3,149.13,558.0,1012.9
12.0,15.0,-35.3,149.13,558.0,1007.8
12.0,9.0,-35.3,149.13,558.0,1007.2
12.0,15.0,-35.3,149.13,558.0,1005.3
12.0,9.0,-35.3,149.13,558.0,1016.7
12.0,15.0,-35.3,149.13,558.0,1015.3
12.0,9.0,-35.3,149.13,558.0,1019.3
12.0,15.0,-35.3,149.13,558.0,1013.3
12.0,9.0,-35.3,149.13,558.0,1008.4
12.0,15.0,-35.3,149.13,558.0,1005.4
12.0,9.0,-35.3,149.13,558.0,1010.8
12.0,15.0,-35.3,149.13,558.0,1010.5
12.0,9.0,-35.3,149.13,558.0,1018.4
12.0,15.0,-35.3,149.13,558.0,1015.1
12.0,9.0,-35.3,149.13,558.0,1018.3
12.0,15.0,-35.3,149.13,558.0,1012.6
12.0,9.0,-35.3,149.13,558.0,1015.7
12.0,15.0,-35.3,149.13,558.0,1010.9
12.0,9.0,-35.3,149.13,558.0,1016.3
12.0,15.0,-35.3,149.13,558.0,1013.9
12.0,9.0,-35.3,149.13,558.0,1014.2
12.0,15.0,-35.3,149.13,558.0,1010.8
12.0,9.0,-35.3,149.13,558.0,1014.9
12.0,15.0,-35.3,149.13,558.0,1012.0
12.0,9.0,-35.3,149.13,558.0,1012.4
12.0,15.0,-35.3,149.13,558.0,1008.7
12.0,9.0,-35.3,149.13,558.0,1009.6
12.0,15.0,-35.3,149.13,558.0,1006.7
12.0,9.0,-35.3,149.13,558.0,1004.5
12.0,15.0,-35.3,149.13,558.0,1001.6
12.0,9.0,-35.3,149.13,558.0,1004.4
12.0,15.0,-35.3,149.13,558.0,1003.3
