2.0,9.0,-35.3,149.13,558.0,1014.6
2.0,15.0,-35.3,149.13,558.0,1011.1
2.0,9.0,-35.3,149.13,558.0,1013.7
2.0,15.0,-35.3,149.13,558.0,1011.4
2.0,9.0,-35.3,149.13,558.0,1015.0
2.0,15.0,-35.3,149.13,558.0,1011.6
2.0,9.0,-35.3,149.13,558.0,1014.1
2.0,15.0,-35.3,149.13,558.0,1010.6
2.0,9.0,-35.3,149.13,558.0,1012.2
2.0,15.0,-35.3,149.13,558.0,1008.2
2.0,9.0,-35.3,149.13,558.0,1012.1
2.0,15.0,-35.3,149.13,558.0,1010.5
2.0,9.0,-35.3,149.13,558.0,1018.6
2.0,15.0,-35.3,149.13,558.0,1019.3
2.0,9.0,-35.3,149.13,558.0,1023.2
2.0,15.0,-35.3,149.13,558.0,1021.3
2.0,9.0,-35.3,149.13,558.0,1017.3
2.0,15.0,-35.3,149.13,558.0,1012.1
2.0,9.0,-35.3,149.13,558.0,1012.3
2.0,15.0,-35.3,149.13,558.0,1009.0
2.0,9.0,-35.3,149.13,558.0,1009.0
2.0,15.0,-35.3,149.13,558.0,1005.0
2.0,9.0,-35.3,149.13,558.0,1001.2
2.0,15.0,-35.3,149.13,558.0,1002.4
2.0,9.0,-35.3,149.13,558.0,1007.7
2.0,15.0,-35.3,149.13,558.0,1006.0
2.0,9.0,-35.3,149.13,558.0,1014.5
2.0,15.0,-35.3,149.13,558.0,1012.5
2.0,9.0,-35.3,149.13,558.0,1016.0
2.0,15.0,-35.3,149.13,558.0,1010.5
2.0,9.0,-35.3,149.13,558.0,1011.9
2.0,15.0,-35.3,149.13,558.0,1008.6
2.0,9.0,-35.3,149.13,558.0,1009.4
2.0,15.0,-35.3,149.13,558.0,1006.1
2.0,9.0,-35.3,149.13,558.0,1006.4
2.0,15.0,-35.3,149.13,558.0,1006.3
2.0,9.0,-35.3,149.13,558.0,1008.5
2.0,15.0,-35.3,149.13,558.0,1005.5
2.0,9.0,-35.3,149.13,558.0,1010.0
2.0,15.0,-35.3,149.13,558.0,1009.3
2.0,9.0,-35.3,149.13,558.0,1019.9
2.0,15.0,-35.3,149.13,558.0,1016.8
2.0,9.0,-35.3,149.13,558.0,1019.9
2.0,15.0,-35.3,149.13,558.0,1015.5
2.0,9.0,-35.3,149.13,558.0,1018.3
2.0,15.0,-35.3,149.13,558.0,1015.8
2.0,9.0,-35.3,149.13,558.0,1020.4
2.0,15.0,-35.3,149.13,558.0,1016.0
2.0,9.0,-35.3,149.13,558.0,1020.6
2.0,15.0,-35.3,149.13,558.0,1019.5
2.0,9.0,-35.3,149.13,558.0,1022.6
2.0,15.0,-35.3,149.13,558.0,1020.5
2.0,9.0,-35.3,149.13,558.0,1024.4
2.0,15.0,-35.3,149.13,558.0,1021.9
2.0,9.0,-35.3,149.13,558.0,1023.5
2.0,15.0,-35.3,149.13,558.0,1020.8
