5.0,9.0,-35.3,149.13,558.0,1018.4
5.0,15.0,-35.3,149.13,558.0,1015.5
5.0,9.0,-35.3,149.13,558.0,1018.7
5.0,15.0,-35.3,149.13,558.0,1017.8
5.0,9.0,-35.3,149.13,558.0,1029.3
5.0,15.0,-35.3,149.13,558.0,1027.6
5.0,9.0,-35.3,149.13,558.0,1032.8
5.0,15.0,-35.3,149.13,558.0,1029.3
5.0,9.0,-35.3,149.13,558.0,1032.0
5.0,15.0,-35.3,149.13,558.0,1027.7
5.0,9.0,-35.3,149.13,558.0,1025.5
5.0,15.0,-35.3,149.13,558.0,1021.6
5.0,9.0,-35.3,149.13,558.0,1025.5
5.0,15.0,-35.3,149.13,558.0,1024.3
5.0,9.0,-35.3,149.13,558.0,1029.4
5.0,15.0,-35.3,149.13,558.0,1026.3
5.0,9.0,-35.3,149.13,558.0,1028.5
5.0,15.0,-35.3,149.13,558.0,1024.4
5.0,9.0,-35.3,149.13,558.0,1026.8
5.0,15.0,-35.3,149.13,558.0,1022.8
5.0,9.0,-35.3,149.13,558.0,1026.2
5.0,15.0,-35.3,149.13,558.0,1023.7
5.0,9.0,-35.3,149.13,558.0,1029.1
5.0,15.0,-35.3,149.13,558.0,1024.8
5.0,9.0,-35.3,149.13,558.0,1025.5
5.0,15.0,-35.3,149.13,558.0,1022.1
5.0,9.0,-35.3,149.13,558.0,1023.8
5.0,15.0,-35.3,149.13,558.0,1020.7
5.0,9.0,-35.3,149.13,558.0,1019.9
5.0,15.0,-35.3,149.13,558.0,1016.3
5.0,9.0,-35.3,149.13,558.0,1019.6
5.0,15.0,-35.3,149.13,558.0,1017.3
5.0,9.0,-35.3,149.13,558.0,1023.9
5.0,15.0,-35.3,149.13,558.0,1021.4
5.0,9.0,-35.3,149.13,558.0,1027.7
5.0,15.0,-35.3,149.13,558.0,1024.7
5.0,9.0,-35.3,149.13,558.0,1026.0
5.0,15.0,-35.3,149.13,558.0,1021.3
5.0,9.0,-35.3,149.13,558.0,1019.8
5.0,15.0,-35.3,149.13,558.0,1017.2
5.0,9.0,-35.3,149.13,558.0,1023.2
5.0,15.0,-35.3,149.13,558.0,1020.9
5.0,9.0,-35.3,149.13,558.0,1026.1
5.0,15.0,-35.3,149.13,558.0,1022.1
5.0,9.0,-35.3,149.13,558.0,1023.4
5.0,15.0,-35.3,149.13,558.0,1018.1
5.0,9.0,-35.3,149.13,558.0,1015.8
5.0,15.0,-35.3,149.13,558.0,1015.0
5.0,9.0,-35.3,149.13,558.0,1022.6
5.0,15.0,-35.3,149.13,558.0,1020.0
5.0,9.0,-35.3,149.13,558.0,1023.9
5.0,15.0,-35.3,149.13,558.0,1021.0
5.0,9.0,-35.3,149.13,558.0,1022.6
5.0,15.0,-35.3,149.13,558.0,1017.9
5.0,9.0,-35.3,149.13,558.0,1011.6
5.0,15.0,-35.3,149.13,558.0,1009.0
5.0,9.0,-35.3,149.13,558.0,1018.0
5.0,15.0,-35.3,149.13,558.0,1019.0
5.0,9.0,-35.3,149.13,558.0,1023.1
5.0,15.0,-35.3,149.13,558.0,1021.4
5.0,9.0,-35.3,149.13,558.0,1028.2
5.0,15.0,-35.3,149.13,558.0,1027.9
