8.0,9.0,-35.3,149.13,558.0,1018.0
8.0,15.0,-35.3,149.13,558.0,1013.7
8.0,9.0,-35.3,149.13,558.0,1016.1
8.0,15.0,-35.3,149.13,558.0,1016.2
8.0,9.0,-35.3,149.13,558.0,1022.9
8.0,15.0,-35.3,149.13,558.0,1021.3
8.0,9.0,-35.3,149.13,558.0,1027.8
8.0,15.0,-35.3,149.13,558.0,1027.7
8.0,9.0,-35.3,149.13,558.0,1033.2
8.0,15.0,-35.3,149.13,558.0,1029.4
8.0,9.0,-35.3,149.13,558.0,1030.0
8.0,15.0,-35.3,149.13,558.0,1027.2
8.0,9.0,-35.3,149.13,558.0,1028.0
8.0,15.0,-35.3,149.13,558.0,1025.8
8.0,9.0,-35.3,149.13,558.0,1027.6
8.0,15.0,-35.3,149.13,558.0,1023.5
8.0,9.0,-35.3,149.13,558.0,1023.6
8.0,15.0,-35.3,149.13,558.0,1018.8
8.0,9.0,-35.3,149.13,558.0,1015.1
8.0,15.0,-35.3,149.13,558.0,1013.4
8.0,9.0,-35.3,149.13,558.0,1018.9
8.0,15.0,-35.3,149.13,558.0,1018.8
8.0,9.0,-35.3,149.13,558.0,1025.0
8.0,15.0,-35.3,149.13,558.0,1020.4
8.0,9.0,-35.3,149.13,558.0,1023.5
8.0,15.0,-35.3,149.13,558.0,1021.3
8.0,9.0,-35.3,149.13,558.0,1029.3
8.0,15.0,-35.3,149.13,558.0,1028.0
8.0,9.0,-35.3,149.13,558.0,1033.8
8.0,15.0,-35.3,149.13,558.0,1030.7
8.0,9.0,-35.3,149.13,558.0,1031.8
8.0,15.0,-35.3,149.13,558.0,1027.4
8.0,9.0,-35.3,149.13,558.0,1026.6
8.0,15.0,-35.3,149.13,558.0,1024.3
8.0,9.0,-35.3,149.13,558.0,1025.9
8.0,15.0,-35.3,149.13,558.0,1021.7
8.0,9.0,-35.3,149.13,558.0,1018.7
8.0,15.0,-35.3,149.13,558.0,1011.7
8.0,9.0,-35.3,149.13,558.0,1014.9
8.0,15.0,-35.3,149.13,558.0,1014.4
8.0,9.0,-35.3,149.13,558.0,1020.0
8.0,15.0,-35.3,149.13,558.0,1017.9
8.0,9.0,-35.3,149.13,558.0,1017.6
8.0,15.0,-35.3,149.13,558.0,1013.1
8.0,9.0,-35.3,149.13,558.0,1014.7
8.0,15.0,-35.3,149.13,558.0,1014.2
8.0,9.0,-35.3,149.13,558.0,1015.3
8.0,15.0,-35.3,149.13,558.0,1010.2
8.0,9.0,-35.3,149.13,558.0,1012.4
8.0,15.0,-35.3,149.13,558.0,1010.9
8.0,9.0,-35.3,149.13,558.0,1021.0
8.0,15.0,-35.3,149.13,558.0,1019.0
8.0,9.0,-35.3,149.13,558.0,1024.6
8.0,15.0,-35.3,149.13,558.0,1021.0
8.0,9.0,-35.3,149.13,558.0,1024.3
8.0,15.0,-35.3,149.13,558.0,1021.9
8.0,9.0,-35.3,149.13,558.0,1028.4
8.0,15.0,-35.3,149.13,558.0,1025.4
8.0,9.0,-35.3,149.13,558.0,1026.9
8.0,15.0,-35.3,149.13,558.0,1022.8
8.0,9.0,-35.3,149.13,558.0,1018.6
8.0,15.0,-35.3,149.13,558.0,1014.8
