4.0,9.0,-35.3,149.13,558.0,1017.6
4.0,15.0,-35.3,149.13,558.0,1017.3
4.0,9.0,-35.3,149.13,558.0,1026.8
4.0,15.0,-35.3,149.13,558.0,1024.8
4.0,9.0,-35.3,149.13,558.0,1030.5
4.0,15.0,-35.3,149.13,558.0,1028.5
4.0,9.0,-35.3,149.13,558.0,1030.2
4.0,15.0,-35.3,149.13,558.0,1027.8
4.0,9.0,-35.3,149.13,558.0,1028.1
4.0,15.0,-35.3,149.13,558.0,1023.5
4.0,9.0,-35.3,149.13,558.0,1026.9
4.0,15.0,-35.3,149.13,558.0,1023.4
4.0,9.0,-35.3,149.13,558.0,1028.9
4.0,15.0,-35.3,149.13,558.0,1025.1
4.0,9.0,-35.3,149.13,558.0,1026.5
4.0,15.0,-35.3,149.13,558.0,1020.5
4.0,9.0,-35.3,149.13,558.0,1015.0
4.0,15.0,-35.3,149.13,558.0,1006.2
4.0,9.0,-35.3,149.13,558.0,1006.9
4.0,15.0,-35.3,149.13,558.0,1009.2
4.0,9.0,-35.3,149.13,558.0,1019.9
4.0,15.0,-35.3,149.13,558.0,1019.2
4.0,9.0,-35.3,149.13,558.0,1025.0
4.0,15.0,-35.3,149.13,558.0,1022.3
4.0,9.0,-35.3,149.13,558.0,1025.1
4.0,15.0,-35.3,149.13,558.0,1021.0
4.0,9.0,-35.3,149.13,558.0,1023.7
4.0,15.0,-35.3,149.13,558.0,1018.8
4.0,9.0,-35.3,149.13,558.0,1021.8
4.0,15.0,-35.3,149.13,558.0,1018.1
4.0,9.0,-35.3,149.13,558.0,1020.8
4.0,15.0,-35.3,149.13,558.0,1018.4
4.0,9.0,-35.3,149.13,558.0,1024.4
4.0,15.0,-35.3,149.13,558.0,1021.2
4.0,9.0,-35.3,149.13,558.0,1027.4
4.0,15.0,-35.3,149.13,558.0,1024.8
4.0,9.0,-35.3,149.13,558.0,1032.1
4.0,15.0,-35.3,149.13,558.0,1028.4
4.0,9.0,-35.3,149.13,558.0,1031.2
4.0,15.0,-35.3,149.13,558.0,1026.4
4.0,9.0,-35.3,149.13,558.0,1028.1
4.0,15.0,-35.3,149.13,558.0,1024.9
4.0,9.0,-35.3,149.13,558.0,1026.7
4.0,15.0,-35.3,149.13,558.0,1022.6
4.0,9.0,-35.3,149.13,558.0,1025.3
4.0,15.0,-35.3,149.13,558.0,1021.3
4.0,9.0,-35.3,149.13,558.0,1023.4
4.0,15.0,-35.3,149.13,558.0,1018.0
4.0,9.0,-35.3,149.13,558.0,1011.8
4.0,15.0,-35.3,149.13,558.0,1007.0
4.0,9.0,-35.3,149.13,558.0,1005.8
4.0,15.0,-35.3,149.13,558.0,1005.2
4.0,9.0,-35.3,149.13,558.0,1016.9
4.0,15.0,-35.3,149.13,558.0,1016.1
4.0,9.0,-35.3,149.13,558.0,1023.5
4.0,15.0,-35.3,149.13,558.0,1020.7
4.0,9.0,-35.3,149.13,558.0,1022.2
4.0,15.0,-35.3,149.13,558.0,1019.3
4.0,9.0,-35.3,149.13,558.0,1023.6
4.0,15.0,-35.3,149.13,558.0,1020.4
