6.0,9.0,-35.3,149.13,558.0,1034.9
6.0,15.0,-35.3,149.13,558.0,1033.0
6.0,9.0,-35.3,149.13,558.0,1035.9
6.0,15.0,-35.3,149.13,558.0,1033.1
6.0,9.0,-35.3,149.13,558.0,1033.9
6.0,15.0,-35.3,149.13,558.0,1030.6
6.0,9.0,-35.3,149.13,558.0,1030.1
6.0,15.0,-35.3,149.13,558.0,1025.6
6.0,9.0,-35.3,149.13,558.0,1026.8
6.0,15.0,-35.3,149.13,558.0,1022.8
6.0,9.0,-35.3,149.13,558.0,1021.6
6.0,15.0,-35.3,149.13,558.0,1020.8
6.0,9.0,-35.3,149.13,558.0,1026.0
6.0,15.0,-35.3,149.13,558.0,1025.6
6.0,9.0,-35.3,149.13,558.0,1028.3
6.0,15.0,-35.3,149.13,558.0,1025.4
6.0,9.0,-35.3,149.13,558.0,1029.8
6.0,15.0,-35.3,149.13,558.0,1030.2
6.0,9.0,-35.3,149.13,558.0,1035.0
6.0,15.0,-35.3,149.13,558.0,1032.9
6.0,9.0,-35.3,149.13,558.0,1031.8
6.0,15.0,-35.3,149.13,558.0,1026.8
6.0,9.0,-35.3,149.13,558.0,1028.4
6.0,15.0,-35.3,149.13,558.0,1025.5
6.0,9.0,-35.3,149.13,558.0,1032.6
6.0,15.0,-35.3,149.13,558.0,1030.5
6.0,9.0,-35.3,149.13,558.0,1033.9
6.0,15.0,-35.3,149.13,558.0,1029.9
6.0,9.0,-35.3,149.13,558.0,1029.9
6.0,15.0,-35.3,149.13,558.0,1027.0
6.0,9.0,-35.3,149.13,558.0,1027.9
6.0,15.0,-35.3,149.13,558.0,1025.2
6.0,9.0,-35.3,149.13,558.0,1026.2
6.0,15.0,-35.3,149.13,558.0,1023.8
6.0,9.0,-35.3,149.13,558.0,1029.6
6.0,15.0,-35.3,149.13,558.0,1028.3
6.0,9.0,-35.3,149.13,558.0,1033.7
6.0,15.0,-35.3,149.13,558.0,1030.1
6.0,9.0,-35.3,149.13,558.0,1031.3
6.0,15.0,-35.3,149.13,558.0,1026.6
6.0,9.0,-35.3,149.13,558.0,1029.2
6.0,15.0,-35.3,149.13,558.0,1026.5
6.0,9.0,-35.3,149.13,558.0,1029.9
6.0,15.0,-35.3,149.13,558.0,1025.6
6.0,9.0,-35.3,149.13,558.0,1022.2
6.0,15.0,-35.3,149.13,558.0,1016.6
6.0,9.0,-35.3,149.13,558.0,1017.5
6.0,15.0,-35.3,149.13,558.0,1016.2
6.0,9.0,-35.3,149.13,558.0,1018.9
6.0,15.0,-35.3,149.13,558.0,1016.5
6.0,9.0,-35.3,149.13,558.0,1023.2
6.0,15.0,-35.3,149.13,558.0,1022.5
6.0,9.0,-35.3,149.13,558.0,1028.0
6.0,15.0,-35.3,149.13,558.0,1024.5
6.0,9.0,-35.3,149.13,558.0,1024.1
6.0,15.0,-35.3,149.13,558.0,1021.8
6.0,9.0,-35.3,149.13,558.0,1023.7
6.0,15.0,-35.3,149.13,558.0,1020.2
6.0,9.0,-35.3,149.13,558.0,1027.0
6.0,15.0,-35.3,149.13,558.0,1026.0
