7.0,9.0,-35.3,149.13,558.0,1032.3
7.0,15.0,-35.3,149.13,558.0,1029.1
7.0,9.0,-35.3,149.13,558.0,1029.1
7.0,15.0,-35.3,149.13,558.0,1024.0
7.0,9.0,-35.3,149.13,558.0,1021.8
7.0,15.0,-35.3,149.13,558.0,1015.3
7.0,9.0,-35.3,149.13,558.0,1013.9
7.0,15.0,-35.3,149.13,558.0,1012.3
7.0,9.0,-35.3,149.13,558.0,1014.4
7.0,15.0,-35.3,149.13,558.0,1012.4
7.0,9.0,-35.3,149.13,558.0,1019.0
7.0,15.0,-35.3,149.13,558.0,1015.6
7.0,9.0,-35.3,149.13,558.0,1013.7
7.0,15.0,-35.3,149.13,558.0,1011.0
7.0,9.0,-35.3,149.13,558.0,1016.9
7.0,15.0,-35.3,149.13,558.0,1016.1
7.0,9.0,-35.3,149.13,558.0,1021.5
7.0,15.0,-35.3,149.13,558.0,1019.8
7.0,9.0,-35.3,149.13,558.0,1027.9
7.0,15.0,-35.3,149.13,558.0,1025.8
7.0,9.0,-35.3,149.13,558.0,1033.2
7.0,15.0,-35.3,149.13,558.0,1031.7
7.0,9.0,-35.3,149.13,558.0,1036.6
7.0,15.0,-35.3,149.13,558.0,1032.3
7.0,9.0,-35.3,149.13,558.0,1030.0
7.0,15.0,-35.3,149.13,558.0,1024.7
7.0,9.0,-35.3,149.13,558.0,1019.7
7.0,15.0,-35.3,149.13,558.0,1016.2
7.0,9.0,-35.3,149.13,558.0,1020.4
7.0,15.0,-35.3,149.13,558.0,1019.5
7.0,9.0,-35.3,149.13,558.0,1024.9
7.0,15.0,-35.3,149.13,558.0,1021.3
7.0,9.0,-35.3,149.13,558.0,1021.3
7.0,15.0,-35.3,149.13,558.0,1017.3
7.0,9.0,-35.3,149.13,558.0,1014.1
7.0,15.0,-35.3,149.13,558.0,1010.7
7.0,9.0,-35.3,149.13,558.0,1009.1
7.0,15.0,-35.3,149.13,558.0,1009.4
7.0,9.0,-35.3,149.13,558.0,1014.9
7.0,15.0,-35.3,149.13,558.0,1014.0
7.0,9.0,-35.3,149.13,558.0,1023.9
7.0,15.0,-35.3,149.13,558.0,1022.4
7.0,9.0,-35.3,149.13,558.0,1025.0
7.0,15.0,-35.3,149.13,558.0,1020.5
7.0,9.0,-35.3,149.13,558.0,1019.3
7.0,15.0,-35.3,149.13,558.0,1014.1
7.0,9.0,-35.3,149.13,558.0,1021.0
7.0,15.0,-35.3,149.13,558.0,1019.5
7.0,9.0,-35.3,149.13,558.0,1023.9
7.0,15.0,-35.3,149.13,558.0,1019.9
7.0,9.0,-35.3,149.13,558.0,1018.1
7.0,15.0,-35.3,149.13,558.0,1018.7
7.0,9.0,-35.3,149.13,558.0,1027.4
7.0,15.0,-35.3,149.13,558.0,1022.5
7.0,9.0,-35.3,149.13,558.0,1017.5
7.0,15.0,-35.3,149.13,558.0,1018.1
7.0,9.0,-35.3,149.13,558.0,1023.0
7.0,15.0,-35.3,149.13,558.0,1017.3
7.0,9.0,-35.3,149.13,558.0,1015.9
7.0,15.0,-35.3,149.13,558.0,1014.6
7.0,9.0,-35.3,149.13,558.0,1020.1
7.0,15.0,-35.3,149.13,558.0,1017.1
