1.0,9.0,-35.3,149.13,558.0,1006.2
1.0,15.0,-35.3,149.13,558.0,1004.6
1.0,9.0,-35.3,149.13,558.0,1009.2
1.0,15.0,-35.3,149.13,558.0,1008.3
1.0,9.0,-35.3,149.13,558.0,1018.3
1.0,15.0,-35.3,149.13,558.0,1016.2
1.0,9.0,-35.3,149.13,558.0,1021.0
1.0,15.0,-35.3,149.13,558.0,1018.5
1.0,9.0,-35.3,149.13,558.0,1018.4
1.0,15.0,-35.3,149.13,558.0,1014.0
1.0,9.0,-35.3,149.13,558.0,1017.5
1.0,15.0,-35.3,149.13,558.0,1014.3
1.0,9.0,-35.3,149.13,558.0,1017.4
1.0,15.0,-35.3,149.13,558.0,1011.3
1.0,9.0,-35.3,149.13,558.0,1012.1
1.0,15.0,-35.3,149.13,558.0,1009.5
1.0,9.0,-35.3,149.13,558.0,1011.4
1.0,15.0,-35.3,149.13,558.0,1008.1
1.0,9.0,-35.3,149.13,558.0,1011.2
1.0,15.0,-35.3,149.13,558.0,1008.8
1.0,9.0,-35.3,149.13,558.0,1008.4
1.0,15.0,-35.3,149.13,558.0,1005.2
1.0,9.0,-35.3,149.13,558.0,1011.4
1.0,15.0,-35.3,149.13,558.0,1007.8
1.0,9.0,-35.3,149.13,558.0,1006.8
1.0,15.0,-35.3,149.13,558.0,998.8
1.0,9.0,-35.3,149.13,558.0,1004.7
1.0,15.0,-35.3,149.13,558.0,1004.6
1.0,9.0,-35.3,149.13,558.0,1014.8
1.0,15.0,-35.3,149.13,558.0,1012.5
1.0,9.0,-35.3,149.13,558.0,1015.8
1.0,15.0,-35.3,149.13,558.0,1011.5
1.0,9.0,-35.3,149.13,558.0,1013.4
1.0,15.0,-35.3,149.13,558.0,1008.7
1.0,9.0,-35.3,149.13,558.0,1006.3
1.0,15.0,-35.3,149.13,558.0,1006.0
1.0,9.0,-35.3,149.13,558.0,1014.0
1.0,15.0,-35.3,149.13,558.0,1010.5
1.0,9.0,-35.3,149.13,558.0,998.0
1.0,15.0,-35.3,149.13,558.0,991.9
1.0,9.0,-35.3,149.13,558.0,1009.8
1.0,15.0,-35.3,149.13,558.0,1009.1
1.0,9.0,-35.3,149.13,558.0,1016.4
1.0,15.0,-35.3,149.13,558.0,1011.9
1.0,9.0,-35.3,149.13,558.0,1012.5
1.0,15.0,-35.3,149.13,558.0,1007.4
1.0,9.0,-35.3,149.13,558.0,1007.8
1.0,15.0,-35.3,149.13,558.0,1009.6
1.0,9.0,-35.3,149.13,558.0,1019.7
1.0,15.0,-35.3,149.13,558.0,1015.2
1.0,9.0,-35.3,149.13,558.0,1015.5
1.0,15.0,-35.3,149.13,558.0,1011.8
1.0,9.0,-35.3,149.13,558.0,1017.2
1.0,15.0,-35.3,149.13,558.0,1013.2
1.0,9.0,-35.3,149.13,558.0,1014.8
1.0,15.0,-35.3,149.13,558.0,1011.9
1.0,9.0,-35.3,149.13,558.0,1016.9
1.0,15.0,-35.3,149.13,558.0,1013.5
1.0,9.0,-35.3,149.13,558.0,1011.9
1.0,15.0,-35.3,149.13,558.0,1007.1
1.0,9.0,-35.3,149.13,558.0,1009.3
1.0,15.0,-35.3,149.13,558.0,1008.1
