9.0,9.0,-35.3,149.13,558.0,1020.9
9.0,15.0,-35.3,149.13,558.0,1016.3
9.0,9.0,-35.3,149.13,558.0,1012.6
9.0,15.0,-35.3,149.13,558.0,1006.4
9.0,9.0,-35.3,149.13,558.0,999.2
9.0,15.0,-35.3,149.13,558.0,1006.6
9.0,9.0,-35.3,149.13,558.0,1021.9
9.0,15.0,-35.3,149.13,558.0,1023.0
9.0,9.0,-35.3,149.13,558.0,1031.5
9.0,15.0,-35.3,149.13,558.0,1028.2
9.0,9.0,-35.3,149.13,558.0,1030.9
9.0,15.0,-35.3,149.13,558.0,1027.8
9.0,9.0,-35.3,149.13,558.0,1033.0
9.0,15.0,-35.3,149.13,558.0,1029.4
9.0,9.0,-35.3,149.13,558.0,1029.1
9.0,15.0,-35.3,149.13,558.0,1024.1
9.0,9.0,-35.3,149.13,558.0,1020.2
9.0,15.0,-35.3,149.13,558.0,1015.5
9.0,9.0,-35.3,149.13,558.0,1011.0
9.0,15.0,-35.3,149.13,558.0,1012.6
9.0,9.0,-35.3,149.13,558.0,1020.2
9.0,15.0,-35.3,149.13,558.0,1017.4
9.0,9.0,-35.3,149.13,558.0,1022.1
9.0,15.0,-35.3,149.13,558.0,1018.5
9.0,9.0,-35.3,149.13,558.0,1021.9
9.0,15.0,-35.3,149.13,558.0,1018.3
9.0,9.0,-35.3,149.13,558.0,1013.4
9.0,15.0,-35.3,149.13,558.0,1009.6
9.0,9.0,-35.3,149.13,558.0,1009.4
9.0,15.0,-35.3,149.13,558.0,1008.8
9.0,9.0,-35.3,149.13,558.0,1017.2
9.0,15.0,-35.3,149.13,558.0,1017.0
9.0,9.0,-35.3,149.13,558.0,1022.5
9.0,15.0,-35.3,149.13,558.0,1018.4
9.0,9.0,-35.3,149.13,558.0,1012.3
9.0,15.0,-35.3,149.13,558.0,1005.4
9.0,9.0,-35.3,149.13,558.0,1011.1
9.0,15.0,-35.3,149.13,558.0,1010.1
9.0,9.0,-35.3,149.13,558.0,1018.3
9.0,15.0,-35.3,149.13,558.0,1015.8
9.0,9.0,-35.3,149.13,558.0,1012.0
9.0,15.0,-35.3,149.13,558.0,1008.1
9.0,9.0,-35.3,149.13,558.0,1009.2
9.0,15.0,-35.3,149.13,558.0,1008.4
9.0,9.0,-35.3,149.13,558.0,1015.3
9.0,15.0,-35.3,149.13,558.0,1012.4
9.0,9.0,-35.3,149.13,558.0,1013.4
9.0,15.0,-35.3,149.13,558.0,1008.7
9.0,9.0,-35.3,149.13,558.0,1007.3
9.0,15.0,-35.3,149.13,558.0,1007.1
9.0,9.0,-35.3,149.13,558.0,1013.6
9.0,15.0,-35.3,149.13,558.0,1010.3
9.0,9.0,-35.3,149.13,558.0,1009.2
9.0,15.0,-35.3,149.13,558.0,1009.6
9.0,9.0,-35.3,149.13,558.0,1015.0
9.0,15.0,-35.3,149.13,558.0,1009.8
9.0,9.0,-35.3,149.13,558.0,995.7
9.0,15.0,-35.3,149.13,558.0,994.1
9.0,9.0,-35.3,149.13,558.0,995.4
9.0,15.0,-35.3,149.13,558.0,995.6
