10.0,9.0,-27.47,153.03,26.0,1013.2
10.0,15.0,-27.47,153.03,26.0,1010.3
10.0,9.0,-27.47,153.03,26.0,1017.0
10.0,15.0,-27.47,153.03,26.0,1012.3
10.0,9.0,-27.47,153.03,26.0,1010.0
10.0,15.0,-27.47,153.03,26.0,1006.6
10.0,9.0,-27.47,153.03,26.0,1014.9
10.0,15.0,-27.47,153.03,26.0,1011.4
10.0,9.0,-27.47,153.03,26.0,1018.0
10.0,15.0,-27.47,153.03,26.0,1014.9
10.0,9.0,-27.47,153.03,26.0,1022.5
10.0,15.0,-27.47,153.03,26.0,1019.1
10.0,9.0,-27.47,153.03,26.0,1024.4
10.0,15.0,-27.47,153.03,26.0,1020.4
10.0,9.0,-27.47,153.03,26.0,1021.2
10.0,15.0,-27.47,153.03,26.0,1016.0
10.0,9.0,-27.47,153.03,26.0,1020.3
10.0,15.0,-27.47,153.03,26.0,1019.4
10.0,9.0,-27.47,153.03,26.0,1018.9
10.0,15.0,-27.47,153.03,26.0,1013.3
10.0,9.0,-27.47,153.03,26.0,1010.2
10.0,15.0,-27.47,153.03,26.0,1009.9
10.0,9.0,-27.47,153.03,26.0,1016.5
10.0,15.0,-27.47,153.03,26.0,1012.4
10.0,9.0,-27.47,153.03,26.0,1014.8
10.0,15.0,-27.47,153.03,26.0,1013.0
10.0,9.0,-27.47,153.03,26.0,1022.3
10.0,15.0,-27.47,153.03,26.0,1020.2
10.0,9.0,-27.47,153.03,26.0,1024.1
10.0,15.0,-27.47,153.03,26.0,1020.7
10.0,9.0,-27.47,153.03,26.0,1021.6
10.0,15.0,-27.47,153.03,26.0,1016.6
10.0,9.0,-27.47,153.03,26.0,1015.1
10.0,15.0,-27.47,153.03,26.0,1009.0
10.0,9.0,-27.47,153.03,26.0,1018.4
10.0,15.0,-27.47,153.03,26.0,1014.5
10.0,9.0,-27.47,153.03,26.0,1019.0
10.0,15.0,-27.47,153.03,26.0,1015.1
10.0,9.0,-27.47,153.03,26.0,1021.6
10.0,15.0,-27.47,153.03,26.0,1019.1
10.0,9.0,-27.47,153.03,26.0,1023.1
10.0,15.0,-27.47,153.03,26.0,1018.9
10.0,9.0,-27.47,153.03,26.0,1017.2
10.0,15.0,-27.47,153.03,26.0,1012.0
10.0,9.0,-27.47,153.03,26.0,1015.7
10.0,15.0,-27.47,153.03,26.0,1014.4
10.0,9.0,-27.47,153.03,26.0,1019.4
10.0,15.0,-27.47,153.03,26.0,1014.7
10.0,9.0,-27.47,153.03,26.0,1020.3
10.0,15.0,-27.47,153.03,26.0,1016.9
10.0,9.0,-27.47,153.03,26.0,1020.4
10.0,15.0,-27.47,153.03,26.0,1016.2
10.0,9.0,-27.47,153.03,26.0,1018.2
10.0,15.0,-27.47,153.03,26.0,1013.7
10.0,9.0,-27.47,153.03,26.0,1017.8
10.0,15.0,-27.47,153.03,26.0,1014.1
10.0,9.0,-27.47,153.03,26.0,1019.4
10.0,15.0,-27.47,153.03,26.0,1016.5
10.0,9.0,-27.47,153.03,26.0,1020.3
10.0,15.0,-27.47,153.03,26.0,1015.5
10.0,9.0,-27.47,153.03,26.0,1013.8
10.0,15.0,-27.47,153.03,26.0,1009.9
