12.0,9.0,-27.47,153.03,26.0,1012.5
12.0,15.0,-27.47,153.03,26.0,1006.2
12.0,9.0,-27.47,153.03,26.0,1012.3
12.0,15.0,-27.47,153.03,26.0,1009.6
12.0,9.0,-27.47,153.03,26.0,1015.3
12.0,15.0,-27.47,153.03,26.0,1010.8
12.0,9.0,-27.47,153.03,26.0,1015.8
12.0,15.0,-27.47,153.03,26.0,1012.8
12.0,9.0,-27.47,153.03,26.0,1015.0
12.0,15.0,-27.47,153.03,26.0,1011.3
12.0,9.0,-27.47,153.03,26.0,1016.4
12.0,15.0,-27.47,153.03,26.0,1009.1
12.0,9.0,-27.47,153.03,26.0,1013.4
12.0,15.0,-27.47,153.03,26.0,1010.3
12.0,9.0,-27.47,153.03,26.0,1012.6
12.0,15.0,-27.47,153.03,26.0,1007.4
12.0,9.0,-27.47,153.03,26.0,1009.3
12.0,15.0,-27.47,153.03,26.0,1009.5
12.0,9.0,-27.47,153.03,26.0,1020.5
12.0,15.0,-27.47,153.03,26.0,1019.2
12.0,9.0,-27.47,153.03,26.0,1021.9
12.0,15.0,-27.47,153.03,26.0,1020.5
12.0,9.0,-27.47,153.03,26.0,1022.4
12.0,15.0,-27.47,153.03,26.0,1021.0
12.0,9.0,-27.47,153.03,26.0,1020.9
12.0,15.0,-27.47,153.03,26.0,1017.6
12.0,9.0,-27.47,153.03,26.0,1016.8
12.0,15.0,-27.47,153.03,26.0,1012.5
12.0,9.0,-27.47,153.03,26.0,1013.2
12.0,15.0,-27.47,153.03,26.0,1009.9
12.0,9.0,-27.47,153.03,26.0,1014.0
12.0,15.0,-27.47,153.03,26.0,1012.0
12.0,9.0,-27.47,153.03,26.0,1013.1
12.0,15.0,-27.47,153.03,26.0,1009.4
12.0,9.0,-27.47,153.03,26.0,1013.1
12.0,15.0,-27.47,153.03,26.0,1013.5
12.0,9.0,-27.47,153.03,26.0,1017.8
12.0,15.0,-27.47,153.03,26.0,1015.5
12.0,9.0,-27.47,153.03,26.0,1015.5
12.0,15.0,-27.47,153.03,26.0,1011.2
12.0,9.0,-27.47,153.03,26.0,1012.2
12.0,15.0,-27.47,153.03,26.0,1008.6
12.0,9.0,-27.47,153.03,26.0,1014.8
12.0,15.0,-27.47,153.03,26.0,1014.2
12.0,9.0,-27.47,153.03,26.0,1018.2
12.0,15.0,-27.47,153.03,26.0,1015.8
12.0,9.0,-27.47,153.03,26.0,1017.4
12.0,15.0,-27.47,153.03,26.0,1014.8
12.0,9.0,-27.47,153.03,26.0,1016.7
12.0,15.0,-27.47,153.03,26.0,1015.6
12.0,9.0,-27.47,153.03,26.0,1016.6
12.0,15.0,-27.47,153.03,26.0,1014.5
12.0,9.0,-27.47,153.03,26.0,1016.1
12.0,15.0,-27.47,153.03,26.0,1013.9
12.0,9.0,-27.47,153.03,26.0,1015.3
12.0,15.0,-27.47,153.03,26.0,1012.8
12.0,9.0,-27.47,153.03,26.0,1012.8
12.0,15.0,-27.47,153.03,26.0,1008.5
12.0,9.0,-27.47,153.03,26.0,1008.4
12.0,15.0,-27.47,153.03,26.0,1005.5
12.0,9.0,-27.47,153.03,26.0,1007.0
12.0,15.0,-27.47,153.03,26.0,1003.4
