1.0,9.0,-27.47,153.03,26.0,1006.5
1.0,15.0,-27.47,153.03,26.0,1004.3
1.0,9.0,-27.47,153.03,26.0,1007.8
1.0,15.0,-27.47,153.03,26.0,1004.9
1.0,9.0,-27.47,153.03,26.0,1012.5
1.0,15.0,-27.47,153.03,26.0,1012.0
1.0,9.0,-27.47,153.03,26.0,1015.4
1.0,15.0,-27.47,153.03,26.0,1013.7
1.0,9.0,-27.47,153.03,26.0,1014.6
1.0,15.0,-27.47,153.03,26.0,1011.9
1.0,9.0,-27.47,153.03,26.0,1013.3
1.0,15.0,-27.47,153.03,26.0,1011.8
1.0,9.0,-27.47,153.03,26.0,1014.8
1.0,15.0,-27.47,153.03,26.0,1011.5
1.0,9.0,-27.47,153.03,26.0,1014.1
1.0,15.0,-27.47,153.03,26.0,1011.8
1.0,9.0,-27.47,153.03,26.0,1014.2
1.0,15.0,-27.47,153.03,26.0,1011.5
1.0,9.0,-27.47,153.03,26.0,1014.3
1.0,15.0,-27.47,153.03,26.0,1011.6
1.0,9.0,-27.47,153.03,26.0,1013.3
1.0,15.0,-27.47,153.03,26.0,1009.2
1.0,9.0,-27.47,153.03,26.0,1011.2
1.0,15.0,-27.47,153.03,26.0,1007.8
1.0,9.0,-27.47,153.03,26.0,1012.3
1.0,15.0,-27.47,153.03,26.0,1008.7
1.0,9.0,-27.47,153.03,26.0,1008.6
1.0,15.0,-27.47,153.03,26.0,1005.1
1.0,9.0,-27.47,153.03,26.0,1008.4
1.0,15.0,-27.47,153.03,26.0,1008.1
1.0,9.0,-27.47,153.03,26.0,1015.3
1.0,15.0,-27.47,153.03,26.0,1013.6
1.0,9.0,-27.47,153.03,26.0,1017.1
1.0,15.0,-27.47,153.03,26.0,1014.3
1.0,9.0,-27.47,153.03,26.0,1013.5
1.0,15.0,-27.47,153.03,26.0,1008.2
1.0,9.0,-27.47,153.03,26.0,1011.0
1.0,15.0,-27.47,153.03,26.0,1008.9
1.0,9.0,-27.47,153.03,26.0,1009.2
1.0,15.0,-27.47,153.03,26.0,1003.2
1.0,9.0,-27.47,153.03,26.0,1006.6
1.0,15.0,-27.47,153.03,26.0,1007.9
1.0,9.0,-27.47,153.03,26.0,1016.3
1.0,15.0,-27.47,153.03,26.0,1014.6
1.0,9.0,-27.47,153.03,26.0,1017.1
1.0,15.0,-27.47,153.03,26.0,1014.5
1.0,9.0,-27.47,153.03,26.0,1017.0
1.0,15.0,-27.47,153.03,26.0,1012.8
1.0,9.0,-27.47,153.03,26.0,1016.4
1.0,15.0,-27.47,153.03,26.0,1014.1
1.0,9.0,-27.47,153.03,26.0,1014.3
1.0,15.0,-27.47,153.03,26.0,1010.7
1.0,9.0,-27.47,153.03,26.0,1014.1
1.0,15.0,-27.47,153.03,26.0,1012.9
1.0,9.0,-27.47,153.03,26.0,1016.2
1.0,15.0,-27.47,153.03,26.0,1014.5
1.0,9.0,-27.47,153.03,26.0,1017.4
1.0,15.0,-27.47,153.03,26.0,1015.8
1.0,9.0,-27.47,153.03,26.0,1016.6
1.0,15.0,-27.47,153.03,26.0,1013.9
1.0,9.0,-27.47,153.03,26.0,1015.3
1.0,15.0,-27.47,153.03,26.0,1012.4
