4.0,9.0,-27.47,153.03,26.0,1014.7
4.0,15.0,-27.47,153.03,26.0,1011.8
4.0,9.0,-27.47,153.03,26.0,1018.1
4.0,15.0,-27.47,153.03,26.0,1015.9
4.0,9.0,-27.47,153.03,26.0,1019.9
4.0,15.0,-27.47,153.03,26.0,1017.8
4.0,9.0,-27.47,153.03,26.0,1020.8
4.0,15.0,-27.47,153.03,26.0,1019.1
4.0,9.0,-27.47,153.03,26.0,1020.9
4.0,15.0,-27.47,153.03,26.0,1018.2
4.0,9.0,-27.47,153.03,26.0,1022.0
4.0,15.0,-27.47,153.03,26.0,1019.9
4.0,9.0,-27.47,153.03,26.0,1023.6
4.0,15.0,-27.47,153.03,26.0,1020.8
4.0,9.0,-27.47,153.03,26.0,1023.0
4.0,15.0,-27.47,153.03,26.0,1019.5
4.0,9.0,-27.47,153.03,26.0,1018.6
4.0,15.0,-27.47,153.03,26.0,1013.4
4.0,9.0,-27.47,153.03,26.0,1012.5
4.0,15.0,-27.47,153.03,26.0,1008.6
4.0,9.0,-27.47,153.03,26.0,1015.8
4.0,15.0,-27.47,153.03,26.0,1013.6
4.0,9.0,-27.47,153.03,26.0,1019.2
4.0,15.0,-27.47,153.03,26.0,1016.4
4.0,9.0,-27.47,153.03,26.0,1021.5
4.0,15.0,-27.47,153.03,26.0,1018.3
4.0,9.0,-27.47,153.03,26.0,1021.0
4.0,15.0,-27.47,153.03,26.0,1017.5
4.0,9.0,-27.47,153.03,26.0,1020.8
4.0,15.0,-27.47,153.03,26.0,1017.3
4.0,9.0,-27.47,153.03,26.0,1020.8
4.0,15.0,-27.47,153.03,26.0,1018.1
4.0,9.0,-27.47,153.03,26.0,1023.1
4.0,15.0,-27.47,153.03,26.0,1019.9
4.0,9.0,-27.47,153.03,26.0,1025.1
4.0,15.0,-27.47,153.03,26.0,1022.1
4.0,9.0,-27.47,153.03,26.0,1026.1
4.0,15.0,-27.47,153.03,26.0,1023.7
4.0,9.0,-27.47,153.03,26.0,1026.4
4.0,15.0,-27.47,153.03,26.0,1023.9
4.0,9.0,-27.47,153.03,26.0,1025.6
4.0,15.0,-27.47,153.03,26.0,1023.0
4.0,9.0,-27.47,153.03,26.0,1024.8
4.0,15.0,-27.47,153.03,26.0,1021.6
4.0,9.0,-27.47,153.03,26.0,1023.4
4.0,15.0,-27.47,153.03,26.0,1019.7
4.0,9.0,-27.47,153.03,26.0,1021.9
4.0,15.0,-27.47,153.03,26.0,1018.7
4.0,9.0,-27.47,153.03,26.0,1019.6
4.0,15.0,-27.47,153.03,26.0,1014.9
4.0,9.0,-27.47,153.03,26.0,1013.7
4.0,15.0,-27.47,153.03,26.0,1009.2
4.0,9.0,-27.47,153.03,26.0,1014.5
4.0,15.0,-27.47,153.03,26.0,1012.0
4.0,9.0,-27.47,153.03,26.0,1017.2
4.0,15.0,-27.47,153.03,26.0,1014.7
4.0,9.0,-27.47,153.03,26.0,1020.2
4.0,15.0,-27.47,153.03,26.0,1016.8
4.0,9.0,-27.47,153.03,26.0,1021.2
4.0,15.0,-27.47,153.03,26.0,1017.8
