5.0,9.0,-27.47,153.03,26.0,1021.9
5.0,15.0,-27.47,153.03,26.0,1018.3
5.0,9.0,-27.47,153.03,26.0,1020.4
5.0,15.0,-27.47,153.03,26.0,1017.0
5.0,9.0,-27.47,153.03,26.0,1021.4
5.0,15.0,-27.47,153.03,26.0,1020.3
5.0,9.0,-27.47,153.03,26.0,1026.6
5.0,15.0,-27.47,153.03,26.0,1024.6
5.0,9.0,-27.47,153.03,26.0,1028.6
5.0,15.0,-27.47,153.03,26.0,1025.3
5.0,9.0,-27.47,153.03,26.0,1026.5
5.0,15.0,-27.47,153.03,26.0,1022.8
5.0,9.0,-27.47,153.03,26.0,1023.8
5.0,15.0,-27.47,153.03,26.0,1020.3
5.0,9.0,-27.47,153.03,26.0,1023.2
5.0,15.0,-27.47,153.03,26.0,1020.7
5.0,9.0,-27.47,153.03,26.0,1022.5
5.0,15.0,-27.47,153.03,26.0,1019.8
5.0,9.0,-27.47,153.03,26.0,1020.6
5.0,15.0,-27.47,153.03,26.0,1018.2
5.0,9.0,-27.47,153.03,26.0,1021.4
5.0,15.0,-27.47,153.03,26.0,1018.4
5.0,9.0,-27.47,153.03,26.0,1023.9
5.0,15.0,-27.47,153.03,26.0,1020.9
5.0,9.0,-27.47,153.03,26.0,1023.1
5.0,15.0,-27.47,153.03,26.0,1020.2
5.0,9.0,-27.47,153.03,26.0,1018.4
5.0,15.0,-27.47,153.03,26.0,1015.1
5.0,9.0,-27.47,153.03,26.0,1015.6
5.0,15.0,-27.47,153.03,26.0,1012.3
5.0,9.0,-27.47,153.03,26.0,1018.5
5.0,15.0,-27.47,153.03,26.0,1015.7
5.0,9.0,-27.47,153.03,26.0,1022.5
5.0,15.0,-27.47,153.03,26.0,1020.3
5.0,9.0,-27.47,153.03,26.0,1024.7
5.0,15.0,-27.47,153.03,26.0,1022.4
5.0,9.0,-27.47,153.03,26.0,1023.7
5.0,15.0,-27.47,153.03,26.0,1019.4
5.0,9.0,-27.47,153.03,26.0,1019.1
5.0,15.0,-27.47,153.03,26.0,1015.9
5.0,9.0,-27.47,153.03,26.0,1019.7
5.0,15.0,-27.47,153.03,26.0,1017.5
5.0,9.0,-27.47,153.03,26.0,1022.5
5.0,15.0,-27.47,153.03,26.0,1019.2
5.0,9.0,-27.47,153.03,26.0,1022.5
5.0,15.0,-27.47,153.03,26.0,1018.1
5.0,9.0,-27.47,153.03,26.0,1020.2
5.0,15.0,-27.47,153.03,26.0,1014.9
5.0,9.0,-27.47,153.03,26.0,1019.4
5.0,15.0,-27.47,153.03,26.0,1017.2
5.0,9.0,-27.47,153.03,26.0,1021.6
5.0,15.0,-27.47,153.03,26.0,1017.9
5.0,9.0,-27.47,153.03,26.0,1022.3
5.0,15.0,-27.47,153.03,26.0,1018.7
5.0,9.0,-27.47,153.03,26.0,1019.6
5.0,15.0,-27.47,153.03,26.0,1015.9
5.0,9.0,-27.47,153.03,26.0,1019.1
5.0,15.0,-27.47,153.03,26.0,1017.3
5.0,9.0,-27.47,153.03,26.0,1023.1
5.0,15.0,-27.47,153.03,26.0,1019.8
5.0,9.0,-27.47,153.03,26.0,1023.2
5.0,15.0,-27.47,153.03,26.0,1020.6
