11.0,9.0,-27.47,153.03,26.0,1011.1
11.0,15.0,-27.47,153.03,26.0,1007.3
11.0,9.0,-27.47,153.03,26.0,1014.1
11.0,15.0,-27.47,153.03,26.0,1012.5
11.0,9.0,-27.47,153.03,26.0,1019.3
11.0,15.0,-27.47,153.03,26.0,1016.0
11.0,9.0,-27.47,153.03,26.0,1016.4
11.0,15.0,-27.47,153.03,26.0,1011.9
11.0,9.0,-27.47,153.03,26.0,1011.9
11.0,15.0,-27.47,153.03,26.0,1006.4
11.0,9.0,-27.47,153.03,26.0,1010.7
11.0,15.0,-27.47,153.03,26.0,1006.9
11.0,9.0,-27.47,153.03,26.0,1015.7
11.0,15.0,-27.47,153.03,26.0,1011.9
11.0,9.0,-27.47,153.03,26.0,1014.2
11.0,15.0,-27.47,153.03,26.0,1010.0
11.0,9.0,-27.47,153.03,26.0,1014.2
11.0,15.0,-27.47,153.03,26.0,1008.2
11.0,9.0,-27.47,153.03,26.0,1009.1
11.0,15.0,-27.47,153.03,26.0,1004.6
11.0,9.0,-27.47,153.03,26.0,1012.6
11.0,15.0,-27.47,153.03,26.0,1008.9
11.0,9.0,-27.47,153.03,26.0,1009.7
11.0,15.0,-27.47,153.03,26.0,1005.1
11.0,9.0,-27.47,153.03,26.0,1004.3
11.0,15.0,-27.47,153.03,26.0,999.1
11.0,9.0,-27.47,153.03,26.0,1006.1
11.0,15.0,-27.47,153.03,26.0,1004.0
11.0,9.0,-27.47,153.03,26.0,1014.7
11.0,15.0,-27.47,153.03,26.0,1013.1
11.0,9.0,-27.47,153.03,26.0,1020.0
11.0,15.0,-27.47,153.03,26.0,1017.5
11.0,9.0,-27.47,153.03,26.0,1022.8
11.0,15.0,-27.47,153.03,26.0,1020.9
11.0,9.0,-27.47,153.03,26.0,1021.6
11.0,15.0,-27.47,153.03,26.0,1018.0
11.0,9.0,-27.47,153.03,26.0,1019.5
11.0,15.0,-27.47,153.03,26.0,1017.1
11.0,9.0,-27.47,153.03,26.0,1021.0
11.0,15.0,-27.47,153.03,26.0,1019.0
11.0,9.0,-27.47,153.03,26.0,1020.5
11.0,15.0,-27.47,153.03,26.0,1017.2
11.0,9.0,-27.47,153.03,26.0,1018.0
11.0,15.0,-27.47,153.03,26.0,1014.2
11.0,9.0,-27.47,153.03,26.0,1013.0
11.0,15.0,-27.47,153.03,26.0,1008.2
11.0,9.0,-27.47,153.03,26.0,1008.5
11.0,15.0,-27.47,153.03,26.0,1007.0
11.0,9.0,-27.47,153.03,26.0,1014.3
11.0,15.0,-27.47,153.03,26.0,1011.6
11.0,9.0,-27.47,153.03,26.0,1016.2
11.0,15.0,-27.47,153.03,26.0,1014.4
11.0,9.0,-27.47,153.03,26.0,1017.0
11.0,15.0,-27.47,153.03,26.0,1013.7
11.0,9.0,-27.47,153.03,26.0,1017.0
11.0,15.0,-27.47,153.03,26.0,1013.6
11.0,9.0,-27.47,153.03,26.0,1013.7
11.0,15.0,-27.47,153.03,26.0,1009.5
11.0,9.0,-27.47,153.03,26.0,1011.8
11.0,15.0,-27.47,153.03,26.0,1007.6
