2.0,9.0,-27.47,153.03,26.0,1015.7
2.0,15.0,-27.47,153.03,26.0,1012.3
2.0,9.0,-27.47,153.03,26.0,1013.5
2.0,15.0,-27.47,153.03,26.0,1010.1
2.0,9.0,-27.47,153.03,26.0,1015.2
2.0,15.0,-27.47,153.03,26.0,1012.9
2.0,9.0,-27.47,153.03,26.0,1016.2
2.0,15.0,-27.47,153.03,26.0,1013.3
2.0,9.0,-27.47,153.03,26.0,1015.6
2.0,15.0,-27.47,153.03,26.0,1012.4
2.0,9.0,-27.47,153.03,26.0,1014.7
2.0,15.0,-27.47,153.03,26.0,1011.6
2.0,9.0,-27.47,153.03,26.0,1014.9
2.0,15.0,-27.47,153.03,26.0,1012.9
2.0,9.0,-27.47,153.03,26.0,1016.4
2.0,15.0,-27.47,153.03,26.0,1014.7
2.0,9.0,-27.47,153.03,26.0,1015.8
2.0,15.0,-27.47,153.03,26.0,1012.3
2.0,9.0,-27.47,153.03,26.0,1013.6
2.0,15.0,-27.47,153.03,26.0,1009.0
2.0,9.0,-27.47,153.03,26.0,1010.2
2.0,15.0,-27.47,153.03,26.0,1006.8
2.0,9.0,-27.47,153.03,26.0,1005.8
2.0,15.0,-27.47,153.03,26.0,1000.1
2.0,9.0,-27.47,153.03,26.0,1004.3
2.0,15.0,-27.47,153.03,26.0,1002.8
2.0,9.0,-27.47,153.03,26.0,1011.9
2.0,15.0,-27.47,153.03,26.0,1010.8
2.0,9.0,-27.47,153.03,26.0,1014.5
2.0,15.0,-27.47,153.03,26.0,1012.1
2.0,9.0,-27.47,153.03,26.0,1015.5
2.0,15.0,-27.47,153.03,26.0,1012.5
2.0,9.0,-27.47,153.03,26.0,1015.8
2.0,15.0,-27.47,153.03,26.0,1012.0
2.0,9.0,-27.47,153.03,26.0,1012.1
2.0,15.0,-27.47,153.03,26.0,1007.9
2.0,9.0,-27.47,153.03,26.0,1008.2
2.0,15.0,-27.47,153.03,26.0,1006.0
2.0,9.0,-27.47,153.03,26.0,1011.7
2.0,15.0,-27.47,153.03,26.0,1009.0
2.0,9.0,-27.47,153.03,26.0,1017.3
2.0,15.0,-27.47,153.03,26.0,1015.3
2.0,9.0,-27.47,153.03,26.0,1019.9
2.0,15.0,-27.47,153.03,26.0,1016.7
2.0,9.0,-27.47,153.03,26.0,1019.4
2.0,15.0,-27.47,153.03,26.0,1016.8
2.0,9.0,-27.47,153.03,26.0,1018.9
2.0,15.0,-27.47,153.03,26.0,1015.4
2.0,9.0,-27.47,153.03,26.0,1017.0
2.0,15.0,-27.47,153.03,26.0,1013.1
2.0,9.0,-27.47,153.03,26.0,1016.2
2.0,15.0,-27.47,153.03,26.0,1014.1
2.0,9.0,-27.47,153.03,26.0,1018.4
2.0,15.0,-27.47,153.03,26.0,1015.7
2.0,9.0,-27.47,153.03,26.0,1016.8
2.0,15.0,-27.47,153.03,26.0,1014.0
