7.0,9.0,-27.47,153.03,26.0,1027.9
7.0,15.0,-27.47,153.03,26.0,1025.4
7.0,9.0,-27.47,153.03,26.0,1027.7
7.0,15.0,-27.47,153.03,26.0,1023.7
7.0,9.0,-27.47,153.03,26.0,1024.6
7.0,15.0,-27.47,153.03,26.0,1019.6
7.0,9.0,-27.47,153.03,26.0,1020.9
7.0,15.0,-27.47,153.03,26.0,1016.1
7.0,9.0,-27.47,153.03,26.0,1019.5
7.0,15.0,-27.47,153.03,26.0,1014.2
7.0,9.0,-27.47,153.03,26.0,1019.2
7.0,15.0,-27.47,153.03,26.0,1015.6
7.0,9.0,-27.47,153.03,26.0,1016.6
7.0,15.0,-27.47,153.03,26.0,1013.6
7.0,9.0,-27.47,153.03,26.0,1019.0
7.0,15.0,-27.47,153.03,26.0,1016.5
7.0,9.0,-27.47,153.03,26.0,1022.8
7.0,15.0,-27.47,153.03,26.0,1019.7
7.0,9.0,-27.47,153.03,26.0,1025.7
7.0,15.0,-27.47,153.03,26.0,1024.0
7.0,9.0,-27.47,153.03,26.0,1027.6
7.0,15.0,-27.47,153.03,26.0,1024.5
7.0,9.0,-27.47,153.03,26.0,1029.5
7.0,15.0,-27.47,153.03,26.0,1025.8
7.0,9.0,-27.47,153.03,26.0,1027.5
7.0,15.0,-27.47,153.03,26.0,1024.1
7.0,9.0,-27.47,153.03,26.0,1024.3
7.0,15.0,-27.47,153.03,26.0,1020.5
7.0,9.0,-27.47,153.03,26.0,1022.2
7.0,15.0,-27.47,153.03,26.0,1017.3
7.0,9.0,-27.47,153.03,26.0,1020.7
7.0,15.0,-27.47,153.03,26.0,1018.9
7.0,9.0,-27.47,153.03,26.0,1023.0
7.0,15.0,-27.47,153.03,26.0,1018.7
7.0,9.0,-27.47,153.03,26.0,1020.6
7.0,15.0,-27.47,153.03,26.0,1014.6
7.0,9.0,-27.47,153.03,26.0,1013.2
7.0,15.0,-27.47,153.03,26.0,1010.0
7.0,9.0,-27.47,153.03,26.0,1017.7
7.0,15.0,-27.47,153.03,26.0,1014.2
7.0,9.0,-27.47,153.03,26.0,1019.3
7.0,15.0,-27.47,153.03,26.0,1017.0
7.0,9.0,-27.47,153.03,26.0,1024.1
7.0,15.0,-27.47,153.03,26.0,1020.3
7.0,9.0,-27.47,153.03,26.0,1022.8
7.0,15.0,-27.47,153.03,26.0,1017.4
7.0,9.0,-27.47,153.03,26.0,1022.1
7.0,15.0,-27.47,153.03,26.0,1019.0
7.0,9.0,-27.47,153.03,26.0,1024.3
7.0,15.0,-27.47,153.03,26.0,1020.6
7.0,9.0,-27.47,153.03,26.0,1023.3
7.0,15.0,-27.47,153.03,26.0,1019.0
7.0,9.0,-27.47,153.03,26.0,1023.8
7.0,15.0,-27.47,153.03,26.0,1021.7
7.0,9.0,-27.47,153.03,26.0,1023.8
7.0,15.0,-27.47,153.03,26.0,1018.6
7.0,9.0,-27.47,153.03,26.0,1022.1
7.0,15.0,-27.47,153.03,26.0,1019.1
7.0,9.0,-27.47,153.03,26.0,1022.8
7.0,15.0,-27.47,153.03,26.0,1018.4
7.0,9.0,-27.47,153.03,26.0,1022.8
7.0,15.0,-27.47,153.03,26.0,1017.9
