6.0,9.0,-27.47,153.03,26.0,1028.3
6.0,15.0,-27.47,153.03,26.0,1025.6
6.0,9.0,-27.47,153.03,26.0,1029.1
6.0,15.0,-27.47,153.03,26.0,1025.1
6.0,9.0,-27.47,153.03,26.0,1026.5
6.0,15.0,-27.47,153.03,26.0,1022.8
6.0,9.0,-27.47,153.03,26.0,1025.0
6.0,15.0,-27.47,153.03,26.0,1021.1
6.0,9.0,-27.47,153.03,26.0,1024.5
6.0,15.0,-27.47,153.03,26.0,1020.3
6.0,9.0,-27.47,153.03,26.0,1021.4
6.0,15.0,-27.47,153.03,26.0,1016.5
6.0,9.0,-27.47,153.03,26.0,1018.9
6.0,15.0,-27.47,153.03,26.0,1016.0
6.0,9.0,-27.47,153.03,26.0,1020.2
6.0,15.0,-27.47,153.03,26.0,1017.7
6.0,9.0,-27.47,153.03,26.0,1021.6
6.0,15.0,-27.47,153.03,26.0,1019.5
6.0,9.0,-27.47,153.03,26.0,1024.3
6.0,15.0,-27.47,153.03,26.0,1022.0
6.0,9.0,-27.47,153.03,26.0,1023.7
6.0,15.0,-27.47,153.03,26.0,1020.6
6.0,9.0,-27.47,153.03,26.0,1021.0
6.0,15.0,-27.47,153.03,26.0,1017.1
6.0,9.0,-27.47,153.03,26.0,1019.1
6.0,15.0,-27.47,153.03,26.0,1019.7
6.0,9.0,-27.47,153.03,26.0,1023.2
6.0,15.0,-27.47,153.03,26.0,1022.7
6.0,9.0,-27.47,153.03,26.0,1025.1
6.0,15.0,-27.47,153.03,26.0,1021.5
6.0,9.0,-27.47,153.03,26.0,1022.6
6.0,15.0,-27.47,153.03,26.0,1019.8
6.0,9.0,-27.47,153.03,26.0,1020.4
6.0,15.0,-27.47,153.03,26.0,1016.8
6.0,9.0,-27.47,153.03,26.0,1020.1
6.0,15.0,-27.47,153.03,26.0,1018.3
6.0,9.0,-27.47,153.03,26.0,1021.9
6.0,15.0,-27.47,153.03,26.0,1020.3
6.0,9.0,-27.47,153.03,26.0,1022.4
6.0,15.0,-27.47,153.03,26.0,1020.7
6.0,9.0,-27.47,153.03,26.0,1023.4
6.0,15.0,-27.47,153.03,26.0,1021.3
6.0,9.0,-27.47,153.03,26.0,1026.0
6.0,15.0,-27.47,153.03,26.0,1022.4
6.0,9.0,-27.47,153.03,26.0,1023.3
6.0,15.0,-27.47,153.03,26.0,1018.4
6.0,9.0,-27.47,153.03,26.0,1018.6
6.0,15.0,-27.47,153.03,26.0,1015.4
6.0,9.0,-27.47,153.03,26.0,1020.5
6.0,15.0,-27.47,153.03,26.0,1017.3
6.0,9.0,-27.47,153.03,26.0,1021.5
6.0,15.0,-27.47,153.03,26.0,1019.3
6.0,9.0,-27.47,153.03,26.0,1025.4
6.0,15.0,-27.47,153.03,26.0,1023.3
6.0,9.0,-27.47,153.03,26.0,1025.3
6.0,15.0,-27.47,153.03,26.0,1022.2
6.0,9.0,-27.47,153.03,26.0,1021.9
6.0,15.0,-27.47,153.03,26.0,1017.5
6.0,9.0,-27.47,153.03,26.0,1022.2
6.0,15.0,-27.47,153.03,26.0,1019.7
