9.0,9.0,-27.47,153.03,26.0,1021.5
9.0,15.0,-27.47,153.03,26.0,1016.8
9.0,9.0,-27.47,153.03,26.0,1016.0
9.0,15.0,-27.47,153.03,26.0,1010.2
9.0,9.0,-27.47,153.03,26.0,1013.4
9.0,15.0,-27.47,153.03,26.0,1012.3
9.0,9.0,-27.47,153.03,26.0,1022.7
9.0,15.0,-27.47,153.03,26.0,1020.8
9.0,9.0,-27.47,153.03,26.0,1028.7
9.0,15.0,-27.47,153.03,26.0,1025.8
9.0,9.0,-27.47,153.03,26.0,1029.2
9.0,15.0,-27.47,153.03,26.0,1026.3
9.0,9.0,-27.47,153.03,26.0,1029.0
9.0,15.0,-27.47,153.03,26.0,1026.3
9.0,9.0,-27.47,153.03,26.0,1028.3
9.0,15.0,-27.47,153.03,26.0,1024.9
9.0,9.0,-27.47,153.03,26.0,1024.5
9.0,15.0,-27.47,153.03,26.0,1021.0
9.0,9.0,-27.47,153.03,26.0,1020.0
9.0,15.0,-27.47,153.03,26.0,1016.2
9.0,9.0,-27.47,153.03,26.0,1019.4
9.0,15.0,-27.47,153.03,26.0,1016.2
9.0,9.0,-27.47,153.03,26.0,1021.3
9.0,15.0,-27.47,153.03,26.0,1018.1
9.0,9.0,-27.47,153.03,26.0,1022.1
9.0,15.0,-27.47,153.03,26.0,1018.7
9.0,9.0,-27.47,153.03,26.0,1019.5
9.0,15.0,-27.47,153.03,26.0,1015.6
9.0,9.0,-27.47,153.03,26.0,1017.6
9.0,15.0,-27.47,153.03,26.0,1013.7
9.0,9.0,-27.47,153.03,26.0,1018.8
9.0,15.0,-27.47,153.03,26.0,1017.0
9.0,9.0,-27.47,153.03,26.0,1023.3
9.0,15.0,-27.47,153.03,26.0,1018.8
9.0,9.0,-27.47,153.03,26.0,1016.9
9.0,15.0,-27.47,153.03,26.0,1011.2
9.0,9.0,-27.47,153.03,26.0,1013.2
9.0,15.0,-27.47,153.03,26.0,1011.7
9.0,9.0,-27.47,153.03,26.0,1018.7
9.0,15.0,-27.47,153.03,26.0,1015.9
9.0,9.0,-27.47,153.03,26.0,1016.1
9.0,15.0,-27.47,153.03,26.0,1011.6
9.0,9.0,-27.47,153.03,26.0,1012.7
9.0,15.0,-27.47,153.03,26.0,1008.5
9.0,9.0,-27.47,153.03,26.0,1012.2
9.0,15.0,-27.47,153.03,26.0,1008.5
9.0,9.0,-27.47,153.03,26.0,1013.0
9.0,15.0,-27.47,153.03,26.0,1008.2
9.0,9.0,-27.47,153.03,26.0,1009.6
9.0,15.0,-27.47,153.03,26.0,1005.5
9.0,9.0,-27.47,153.03,26.0,1013.6
9.0,15.0,-27.47,153.03,26.0,1009.3
9.0,9.0,-27.47,153.03,26.0,1015.2
9.0,15.0,-27.47,153.03,26.0,1010.7
9.0,9.0,-27.47,153.03,26.0,1014.1
9.0,15.0,-27.47,153.03,26.0,1010.4
9.0,9.0,-27.47,153.03,26.0,1009.2
9.0,15.0,-27.47,153.03,26.0,1006.5
9.0,9.0,-27.47,153.03,26.0,1007.2
9.0,15.0,-27.47,153.03,26.0,1003.9
