8.0,9.0,-27.47,153.03,26.0,1019.2
8.0,15.0,-27.47,153.03,26.0,1014.7
8.0,9.0,-27.47,153.03,26.0,1015.0
8.0,15.0,-27.47,153.03,26.0,1010.5
8.0,9.0,-27.47,153.03,26.0,1009.8
8.0,15.0,-27.47,153.03,26.0,1007.4
8.0,9.0,-27.47,153.03,26.0,1014.3
8.0,15.0,-27.47,153.03,26.0,1016.4
8.0,9.0,-27.47,153.03,26.0,1024.8
8.0,15.0,-27.47,153.03,26.0,1022.8
8.0,9.0,-27.47,153.03,26.0,1025.7
8.0,15.0,-27.47,153.03,26.0,1023.1
8.0,9.0,-27.47,153.03,26.0,1026.2
8.0,15.0,-27.47,153.03,26.0,1022.4
8.0,9.0,-27.47,153.03,26.0,1024.5
8.0,15.0,-27.47,153.03,26.0,1021.2
8.0,9.0,-27.47,153.03,26.0,1024.5
8.0,15.0,-27.47,153.03,26.0,1021.1
8.0,9.0,-27.47,153.03,26.0,1023.4
8.0,15.0,-27.47,153.03,26.0,1019.4
8.0,9.0,-27.47,153.03,26.0,1021.4
8.0,15.0,-27.47,153.03,26.0,1016.8
8.0,9.0,-27.47,153.03,26.0,1022.0
8.0,15.0,-27.47,153.03,26.0,1019.8
8.0,9.0,-27.47,153.03,26.0,1023.6
8.0,15.0,-27.47,153.03,26.0,1019.1
8.0,9.0,-27.47,153.03,26.0,1026.5
8.0,15.0,-27.47,153.03,26.0,1023.4
8.0,9.0,-27.47,153.03,26.0,1029.6
8.0,15.0,-27.47,153.03,26.0,1027.3
8.0,9.0,-27.47,153.03,26.0,1030.6
8.0,15.0,-27.47,153.03,26.0,1027.1
8.0,9.0,-27.47,153.03,26.0,1027.3
8.0,15.0,-27.47,153.03,26.0,1023.0
8.0,9.0,-27.47,153.03,26.0,1025.0
8.0,15.0,-27.47,153.03,26.0,1021.5
8.0,9.0,-27.47,153.03,26.0,1023.5
8.0,15.0,-27.47,153.03,26.0,1019.1
8.0,9.0,-27.47,153.03,26.0,1019.3
8.0,15.0,-27.47,153.03,26.0,1015.2
8.0,9.0,-27.47,153.03,26.0,1020.6
8.0,15.0,-27.47,153.03,26.0,1016.8
8.0,9.0,-27.47,153.03,26.0,1018.5
8.0,15.0,-27.47,153.03,26.0,1014.2
8.0,9.0,-27.47,153.03,26.0,1014.5
8.0,15.0,-27.47,153.03,26.0,1011.3
8.0,9.0,-27.47,153.03,26.0,1008.3
8.0,15.0,-27.47,153.03,26.0,1007.0
8.0,9.0,-27.47,153.03,26.0,1011.6
8.0,15.0,-27.47,153.03,26.0,1010.6
8.0,9.0,-27.47,153.03,26.0,1017.8
8.0,15.0,-27.47,153.03,26.0,1014.0
8.0,9.0,-27.47,153.03,26.0,1020.5
8.0,15.0,-27.47,153.03,26.0,1017.9
8.0,9.0,-27.47,153.03,26.0,1024.3
8.0,15.0,-27.47,153.03,26.0,1020.9
8.0,9.0,-27.47,153.03,26.0,1026.6
8.0,15.0,-27.47,153.03,26.0,1024.0
8.0,9.0,-27.47,153.03,26.0,1028.8
8.0,15.0,-27.47,153.03,26.0,1025.9
8.0,9.0,-27.47,153.03,26.0,1027.1
8.0,15.0,-27.47,153.03,26.0,1021.8
