3.0,9.0,-27.47,153.03,26.0,1017.3
3.0,15.0,-27.47,153.03,26.0,1014.2
3.0,9.0,-27.47,153.03,26.0,1015.5
3.0,15.0,-27.47,153.03,26.0,1011.8
3.0,9.0,-27.47,153.03,26.0,1013.4
3.0,15.0,-27.47,153.03,26.0,1010.7
3.0,9.0,-27.47,153.03,26.0,1013.3
3.0,15.0,-27.47,153.03,26.0,1009.9
3.0,9.0,-27.47,153.03,26.0,1010.0
3.0,15.0,-27.47,153.03,26.0,1005.6
3.0,9.0,-27.47,153.03,26.0,1010.2
3.0,15.0,-27.47,153.03,26.0,1007.7
3.0,9.0,-27.47,153.03,26.0,1013.6
3.0,15.0,-27.47,153.03,26.0,1010.2
3.0,9.0,-27.47,153.03,26.0,1014.4
3.0,15.0,-27.47,153.03,26.0,1010.1
3.0,9.0,-27.47,153.03,26.0,1012.5
3.0,15.0,-27.47,153.03,26.0,1008.3
3.0,9.0,-27.47,153.03,26.0,1012.4
3.0,15.0,-27.47,153.03,26.0,1008.8
3.0,9.0,-27.47,153.03,26.0,1013.2
3.0,15.0,-27.47,153.03,26.0,1009.8
3.0,9.0,-27.47,153.03,26.0,1012.7
3.0,15.0,-27.47,153.03,26.0,1008.5
3.0,9.0,-27.47,153.03,26.0,1014.9
3.0,15.0,-27.47,153.03,26.0,1011.9
3.0,9.0,-27.47,153.03,26.0,1015.9
3.0,15.0,-27.47,153.03,26.0,1013.9
3.0,9.0,-27.47,153.03,26.0,1014.1
3.0,15.0,-27.47,153.03,26.0,1012.0
3.0,9.0,-27.47,153.03,26.0,1012.2
3.0,15.0,-27.47,153.03,26.0,1008.2
3.0,9.0,-27.47,153.03,26.0,1012.0
3.0,15.0,-27.47,153.03,26.0,1009.8
3.0,9.0,-27.47,153.03,26.0,1011.4
3.0,15.0,-27.47,153.03,26.0,1009.1
3.0,9.0,-27.47,153.03,26.0,1017.7
3.0,15.0,-27.47,153.03,26.0,1015.1
3.0,9.0,-27.47,153.03,26.0,1017.1
3.0,15.0,-27.47,153.03,26.0,1014.8
3.0,9.0,-27.47,153.03,26.0,1016.9
3.0,15.0,-27.47,153.03,26.0,1014.9
3.0,9.0,-27.47,153.03,26.0,1016.3
3.0,15.0,-27.47,153.03,26.0,1013.8
3.0,9.0,-27.47,153.03,26.0,1016.5
3.0,15.0,-27.47,153.03,26.0,1013.7
3.0,9.0,-27.47,153.03,26.0,1016.3
3.0,15.0,-27.47,153.03,26.0,1013.5
3.0,9.0,-27.47,153.03,26.0,1017.0
3.0,15.0,-27.47,153.03,26.0,1014.2
3.0,9.0,-27.47,153.03,26.0,1016.0
3.0,15.0,-27.47,153.03,26.0,1011.8
3.0,9.0,-27.47,153.03,26.0,1016.2
3.0,15.0,-27.47,153.03,26.0,1012.8
3.0,9.0,-27.47,153.03,26.0,1014.9
3.0,15.0,-27.47,153.03,26.0,1011.6
3.0,9.0,-27.47,153.03,26.0,1014.4
3.0,15.0,-27.47,153.03,26.0,1011.7
3.0,9.0,-27.47,153.03,26.0,1009.8
3.0,15.0,-27.47,153.03,26.0,1002.9
3.0,9.0,-27.47,153.03,26.0,1006.9
3.0,15.0,-27.47,153.03,26.0,1008.1
