11.0,3.0,-31.94,115.96,10.0,11.6
11.0,12.0,-31.94,115.96,10.0,26.5
11.0,9.0,-31.94,115.96,10.0,18.3
11.0,15.0,-31.94,115.96,10.0,25.2
11.0,3.0,-31.94,115.96,10.0,11.5
11.0,12.0,-31.94,115.96,10.0,31.0
11.0,9.0,-31.94,115.96,10.0,21.4
11.0,15.0,-31.94,115.96,10.0,29.8
11.0,3.0,-31.94,115.96,10.0,12.4
11.0,12.0,-31.94,115.96,10.0,24.1
11.0,9.0,-31.94,115.96,10.0,18.0
11.0,15.0,-31.94,115.96,10.0,22.5
11.0,3.0,-31.94,115.96,10.0,15.7
11.0,12.0,-31.94,115.96,10.0,27.4
11.0,9.0,-31.94,115.96,10.0,18.4
11.0,15.0,-31.94,115.96,10.0,26.6
11.0,3.0,-31.94,115.96,10.0,13.6
11.0,12.0,-31.94,115.96,10.0,37.2
11.0,9.0,-31.94,115.96,10.0,25.6
11.0,15.0,-31.94,115.96,10.0,36.6
11.0,3.0,-31.94,115.96,10.0,15.3
11.0,12.0,-31.94,115.96,10.0,26.6
11.0,9.0,-31.94,115.96,10.0,23.2
11.0,15.0,-31.94,115.96,10.0,23.0
11.0,3.0,-31.94,115.96,10.0,10.9
11.0,12.0,-31.94,115.96,10.0,23.3
11.0,9.0,-31.94,115.96,10.0,17.4
11.0,15.0,-31.94,115.96,10.0,20.7
11.0,3.0,-31.94,115.96,10.0,11.1
11.0,12.0,-31.94,115.96,10.0,24.0
11.0,9.0,-31.94,115.96,10.0,18.5
11.0,15.0,-31.94,115.96,10.0,21.4
11.0,3.0,-31.94,115.96,10.0,10.9
11.0,12.0,-31.94,115.96,10.0,21.6
11.0,9.0,-31.94,115.96,10.0,16.7
11.0,15.0,-31.94,115.96,10.0,20.6
11.0,3.0,-31.94,115.96,10.0,6.4
11.0,12.0,-31.94,115.96,10.0,22.2
11.0,9.0,-31.94,115.96,10.0,19.0
11.0,15.0,-31.94,115.96,10.0,17.5
11.0,3.0,-31.94,115.96,10.0,7.9
11.0,12.0,-31.94,115.96,10.0,21.2
11.0,9.0,-31.94,115.96,10.0,17.9
11.0,15.0,-31.94,115.96,10.0,20.2
11.0,3.0,-31.94,115.96,10.0,5.1
11.0,12.0,-31.94,115.96,10.0,23.6
11.0,9.0,-31.94,115.96,10.0,19.4
11.0,15.0,-31.94,115.96,10.0,22.0
11.0,3.0,-31.94,115.96,10.0,9.7
11.0,12.0,-31.94,115.96,10.0,31.6
11.0,9.0,-31.94,115.96,10.0,21.2
11.0,15.0,-31.94,115.96,10.0,30.8
11.0,3.0,-31.94,115.96,10.0,13.1
11.0,12.0,-31.94,115.96,10.0,37.1
11.0,9.0,-31.94,115.96,10.0,28.5
11.0,15.0,-31.94,115.96,10.0,36.2
11.0,3.0,-31.94,115.96,10.0,17.0
11.0,12.0,-31.94,115.96,10.0,36.8
11.0,9.0,-31.94,115.96,10.0,32.1
11.0,15.0,-31.94,115.96,10.0,24.7
11.0,3.0,-31.94,115.96,10.0,18.3
11.0,12.0,-31.94,115.96,10.0,21.8
11.0,9.0,-31.94,115.96,10.0,20.6
11.0,15.0,-31.94,115.96,10.0,19.3
11.0,3.0,-31.94,115.96,10.0,8.2
11.0,12.0,-31.94,115.96,10.0,22.5
11.0,9.0,-31.94,115.96,10.0,17.1
11.0,15.0,-31.94,115.96,10.0,21.2
11.0,3.0,-31.94,115.96,10.0,7.8
11.0,12.0,-31.94,115.96,10.0,30.0
11.0,9.0,-31.94,115.96,10.0,21.9
11.0,15.0,-31.94,115.96,10.0,27.3
11.0,3.0,-31.94,115.96,10.0,9.0
11.0,12.0,-31.94,115.96,10.0,26.5
11.0,9.0,-31.94,115.96,10.0,22.2
11.0,15.0,-31.94,115.96,10.0,24.8
11.0,3.0,-31.94,115.96,10.0,12.7
11.0,12.0,-31.94,115.96,10.0,23.6
11.0,9.0,-31.94,115.96,10.0,20.9
11.0,15.0,-31.94,115.96,10.0,22.3
11.0,3.0,-31.94,115.96,10.0,8.8
11.0,12.0,-31.94,115.96,10.0,22.6
11.0,9.0,-31.94,115.96,10.0,17.9
11.0,15.0,-31.94,115.96,10.0,21.4
11.0,3.0,-31.94,115.96,10.0,12.6
11.0,12.0,-31.94,115.96,10.0,28.9
11.0,9.0,-31.94,115.96,10.0,21.6
11.0,15.0,-31.94,115.96,10.0,27.5
11.0,3.0,-31.94,115.96,10.0,13.2
11.0,12.0,-31.94,115.96,10.0,33.1
11.0,9.0,-31.94,115.96,10.0,25.7
11.0,15.0,-31.94,115.96,10.0,31.3
11.0,3.0,-31.94,115.96,10.0,18.4
11.0,12.0,-31.94,115.96,10.0,34.6
11.0,9.0,-31.94,115.96,10.0,26.0
11.0,15.0,-31.94,115.96,10.0,33.6
11.0,3.0,-31.94,115.96,10.0,16.7
11.0,12.0,-31.94,115.96,10.0,35.2
11.0,9.0,-31.94,115.96,10.0,25.9
11.0,15.0,-31.94,115.96,10.0,35.2
11.0,3.0,-31.94,115.96,10.0,18.9
11.0,12.0,-31.94,115.96,10.0,38.2
11.0,9.0,-31.94,115.96,10.0,32.0
11.0,15.0,-31.94,115.96,10.0,37.1
11.0,3.0,-31.94,115.96,10.0,12.9
11.0,12.0,-31.94,115.96,10.0,32.0
11.0,9.0,-31.94,115.96,10.0,26.9
11.0,15.0,-31.94,115.96,10.0,31.3
11.0,3.0,-31.94,115.96,10.0,13.4
11.0,12.0,-31.94,115.96,10.0,29.9
11.0,9.0,-31.94,115.96,10.0,22.9
11.0,15.0,-31.94,115.96,10.0,26.6
11.0,3.0,-31.94,115.96,10.0,13.2
11.0,12.0,-31.94,115.96,10.0,28.3
11.0,9.0,-31.94,115.96,10.0,21.4
11.0,15.0,-31.94,115.96,10.0,26.1
11.0,3.0,-31.94,115.96,10.0,15.0
11.0,12.0,-31.94,115.96,10.0,27.4
11.0,9.0,-31.94,115.96,10.0,22.5
11.0,15.0,-31.94,115.96,10.0,24.7
