8.0,3.0,-31.94,115.96,10.0,1.1
8.0,12.0,-31.94,115.96,10.0,15.7
8.0,9.0,-31.94,115.96,10.0,7.7
8.0,15.0,-31.94,115.96,10.0,15.1
8.0,3.0,-31.94,115.96,10.0,4.8
8.0,12.0,-31.94,115.96,10.0,17.3
8.0,9.0,-31.94,115.96,10.0,10.0
8.0,15.0,-31.94,115.96,10.0,17.0
8.0,3.0,-31.94,115.96,10.0,7.1
8.0,12.0,-31.94,115.96,10.0,17.2
8.0,9.0,-31.94,115.96,10.0,12.2
8.0,15.0,-31.94,115.96,10.0,17.1
8.0,3.0,-31.94,115.96,10.0,12.1
8.0,12.0,-31.94,115.96,10.0,15.5
8.0,9.0,-31.94,115.96,10.0,12.7
8.0,15.0,-31.94,115.96,10.0,14.8
8.0,3.0,-31.94,115.96,10.0,7.8
8.0,12.0,-31.94,115.96,10.0,16.5
8.0,9.0,-31.94,115.96,10.0,12.7
8.0,15.0,-31.94,115.96,10.0,16.2
8.0,3.0,-31.94,115.96,10.0,9.6
8.0,12.0,-31.94,115.96,10.0,18.2
8.0,9.0,-31.94,115.96,10.0,14.2
8.0,15.0,-31.94,115.96,10.0,15.5
8.0,3.0,-31.94,115.96,10.0,9.5
8.0,12.0,-31.94,115.96,10.0,17.4
8.0,9.0,-31.94,115.96,10.0,13.9
8.0,15.0,-31.94,115.96,10.0,16.8
8.0,3.0,-31.94,115.96,10.0,10.1
8.0,12.0,-31.94,115.96,10.0,14.4
8.0,9.0,-31.94,115.96,10.0,11.6
8.0,15.0,-31.94,115.96,10.0,13.3
8.0,3.0,-31.94,115.96,10.0,6.0
8.0,12.0,-31.94,115.96,10.0,16.7
8.0,9.0,-31.94,115.96,10.0,11.3
8.0,15.0,-31.94,115.96,10.0,16.1
8.0,3.0,-31.94,115.96,10.0,8.8
8.0,12.0,-31.94,115.96,10.0,17.7
8.0,9.0,-31.94,115.96,10.0,11.2
8.0,15.0,-31.94,115.96,10.0,17.0
8.0,3.0,-31.94,115.96,10.0,11.1
8.0,12.0,-31.94,115.96,10.0,19.3
8.0,9.0,-31.94,115.96,10.0,14.0
8.0,15.0,-31.94,115.96,10.0,18.9
8.0,3.0,-31.94,115.96,10.0,4.9
8.0,12.0,-31.94,115.96,10.0,17.7
8.0,9.0,-31.94,115.96,10.0,11.3
8.0,15.0,-31.94,115.96,10.0,17.3
8.0,3.0,-31.94,115.96,10.0,6.3
8.0,12.0,-31.94,115.96,10.0,19.1
8.0,9.0,-31.94,115.96,10.0,12.8
8.0,15.0,-31.94,115.96,10.0,17.5
8.0,3.0,-31.94,115.96,10.0,6.2
8.0,12.0,-31.94,115.96,10.0,22.3
8.0,9.0,-31.94,115.96,10.0,11.9
8.0,15.0,-31.94,115.96,10.0,20.5
8.0,3.0,-31.94,115.96,10.0,7.5
8.0,12.0,-31.94,115.96,10.0,18.9
8.0,9.0,-31.94,115.96,10.0,15.7
8.0,15.0,-31.94,115.96,10.0,17.0
8.0,3.0,-31.94,115.96,10.0,7.1
8.0,12.0,-31.94,115.96,10.0,20.0
8.0,9.0,-31.94,115.96,10.0,11.1
8.0,15.0,-31.94,115.96,10.0,18.8
8.0,3.0,-31.94,115.96,10.0,11.1
8.0,12.0,-31.94,115.96,10.0,15.6
8.0,9.0,-31.94,115.96,10.0,14.8
8.0,15.0,-31.94,115.96,10.0,13.4
8.0,3.0,-31.94,115.96,10.0,4.2
8.0,12.0,-31.94,115.96,10.0,15.3
8.0,9.0,-31.94,115.96,10.0,9.8
8.0,15.0,-31.94,115.96,10.0,14.8
8.0,3.0,-31.94,115.96,10.0,8.1
8.0,12.0,-31.94,115.96,10.0,15.5
8.0,9.0,-31.94,115.96,10.0,10.6
8.0,15.0,-31.94,115.96,10.0,15.4
8.0,3.0,-31.94,115.96,10.0,8.8
8.0,12.0,-31.94,115.96,10.0,17.8
8.0,9.0,-31.94,115.96,10.0,11.0
8.0,15.0,-31.94,115.96,10.0,16.9
8.0,3.0,-31.94,115.96,10.0,6.6
8.0,12.0,-31.94,115.96,10.0,18.0
8.0,9.0,-31.94,115.96,10.0,9.6
8.0,15.0,-31.94,115.96,10.0,16.8
8.0,3.0,-31.94,115.96,10.0,4.5
8.0,12.0,-31.94,115.96,10.0,16.5
8.0,9.0,-31.94,115.96,10.0,8.6
8.0,15.0,-31.94,115.96,10.0,16.1
8.0,3.0,-31.94,115.96,10.0,1.8
8.0,12.0,-31.94,115.96,10.0,16.7
8.0,9.0,-31.94,115.96,10.0,10.3
8.0,15.0,-31.94,115.96,10.0,15.6
8.0,3.0,-31.94,115.96,10.0,5.7
8.0,12.0,-31.94,115.96,10.0,16.7
8.0,9.0,-31.94,115.96,10.0,9.4
8.0,15.0,-31.94,115.96,10.0,16.4
8.0,3.0,-31.94,115.96,10.0,4.9
8.0,12.0,-31.94,115.96,10.0,18.8
8.0,9.0,-31.94,115.96,10.0,11.6
8.0,15.0,-31.94,115.96,10.0,18.3
8.0,3.0,-31.94,115.96,10.0,11.6
8.0,12.0,-31.94,115.96,10.0,20.7
8.0,9.0,-31.94,115.96,10.0,16.5
8.0,15.0,-31.94,115.96,10.0,20.1
8.0,3.0,-31.94,115.96,10.0,10.9
8.0,12.0,-31.94,115.96,10.0,16.8
8.0,9.0,-31.94,115.96,10.0,12.7
8.0,15.0,-31.94,115.96,10.0,14.6
8.0,3.0,-31.94,115.96,10.0,10.2
8.0,12.0,-31.94,115.96,10.0,16.1
8.0,9.0,-31.94,115.96,10.0,13.0
8.0,15.0,-31.94,115.96,10.0,14.7
8.0,3.0,-31.94,115.96,10.0,10.5
8.0,12.0,-31.94,115.96,10.0,17.7
8.0,9.0,-31.94,115.96,10.0,13.4
8.0,15.0,-31.94,115.96,10.0,17.6
8.0,3.0,-31.94,115.96,10.0,3.5
8.0,12.0,-31.94,115.96,10.0,17.9
8.0,9.0,-31.94,115.96,10.0,10.3
8.0,15.0,-31.94,115.96,10.0,16.9
8.0,3.0,-31.94,115.96,10.0,10.1
8.0,12.0,-31.94,115.96,10.0,17.7
8.0,9.0,-31.94,115.96,10.0,12.4
8.0,15.0,-31.94,115.96,10.0,16.5
