9.0,3.0,-31.94,115.96,10.0,3.5
9.0,12.0,-31.94,115.96,10.0,17.5
9.0,9.0,-31.94,115.96,10.0,11.0
9.0,15.0,-31.94,115.96,10.0,16.9
9.0,3.0,-31.94,115.96,10.0,4.4
9.0,12.0,-31.94,115.96,10.0,17.8
9.0,9.0,-31.94,115.96,10.0,12.4
9.0,15.0,-31.94,115.96,10.0,16.6
9.0,3.0,-31.94,115.96,10.0,4.2
9.0,12.0,-31.94,115.96,10.0,19.6
9.0,9.0,-31.94,115.96,10.0,13.0
9.0,15.0,-31.94,115.96,10.0,19.1
9.0,3.0,-31.94,115.96,10.0,7.7
9.0,12.0,-31.94,115.96,10.0,22.6
9.0,9.0,-31.94,115.96,10.0,13.4
9.0,15.0,-31.94,115.96,10.0,21.4
9.0,3.0,-31.94,115.96,10.0,6.2
9.0,12.0,-31.94,115.96,10.0,20.3
9.0,9.0,-31.94,115.96,10.0,11.9
9.0,15.0,-31.94,115.96,10.0,19.0
9.0,3.0,-31.94,115.96,10.0,6.8
9.0,12.0,-31.94,115.96,10.0,19.4
9.0,9.0,-31.94,115.96,10.0,14.1
9.0,15.0,-31.94,115.96,10.0,18.7
9.0,3.0,-31.94,115.96,10.0,12.5
9.0,12.0,-31.94,115.96,10.0,17.0
9.0,9.0,-31.94,115.96,10.0,14.2
9.0,15.0,-31.94,115.96,10.0,16.0
9.0,3.0,-31.94,115.96,10.0,11.4
9.0,12.0,-31.94,115.96,10.0,17.7
9.0,9.0,-31.94,115.96,10.0,13.9
9.0,15.0,-31.94,115.96,10.0,17.0
9.0,3.0,-31.94,115.96,10.0,6.7
9.0,12.0,-31.94,115.96,10.0,18.9
9.0,9.0,-31.94,115.96,10.0,12.7
9.0,15.0,-31.94,115.96,10.0,17.8
9.0,3.0,-31.94,115.96,10.0,11.9
9.0,12.0,-31.94,115.96,10.0,19.8
9.0,9.0,-31.94,115.96,10.0,15.6
9.0,15.0,-31.94,115.96,10.0,18.5
9.0,3.0,-31.94,115.96,10.0,11.5
9.0,12.0,-31.94,115.96,10.0,15.5
9.0,9.0,-31.94,115.96,10.0,13.2
9.0,15.0,-31.94,115.96,10.0,14.9
9.0,3.0,-31.94,115.96,10.0,8.6
9.0,12.0,-31.94,115.96,10.0,17.4
9.0,9.0,-31.94,115.96,10.0,12.6
9.0,15.0,-31.94,115.96,10.0,16.5
9.0,3.0,-31.94,115.96,10.0,8.1
9.0,12.0,-31.94,115.96,10.0,17.8
9.0,9.0,-31.94,115.96,10.0,12.3
9.0,15.0,-31.94,115.96,10.0,17.2
9.0,3.0,-31.94,115.96,10.0,7.6
9.0,12.0,-31.94,115.96,10.0,19.3
9.0,9.0,-31.94,115.96,10.0,12.8
9.0,15.0,-31.94,115.96,10.0,18.5
9.0,3.0,-31.94,115.96,10.0,3.8
9.0,12.0,-31.94,115.96,10.0,18.5
9.0,9.0,-31.94,115.96,10.0,13.4
9.0,15.0,-31.94,115.96,10.0,16.6
9.0,3.0,-31.94,115.96,10.0,5.0
9.0,12.0,-31.94,115.96,10.0,17.3
9.0,9.0,-31.94,115.96,10.0,11.9
9.0,15.0,-31.94,115.96,10.0,15.5
9.0,3.0,-31.94,115.96,10.0,7.0
9.0,12.0,-31.94,115.96,10.0,18.4
9.0,9.0,-31.94,115.96,10.0,12.5
9.0,15.0,-31.94,115.96,10.0,16.8
9.0,3.0,-31.94,115.96,10.0,3.1
9.0,12.0,-31.94,115.96,10.0,18.9
9.0,9.0,-31.94,115.96,10.0,12.9
9.0,15.0,-31.94,115.96,10.0,15.7
9.0,3.0,-31.94,115.96,10.0,4.1
9.0,12.0,-31.94,115.96,10.0,16.3
9.0,9.0,-31.94,115.96,10.0,11.7
9.0,15.0,-31.94,115.96,10.0,15.0
9.0,3.0,-31.94,115.96,10.0,5.9
9.0,12.0,-31.94,115.96,10.0,19.3
9.0,9.0,-31.94,115.96,10.0,14.6
9.0,15.0,-31.94,115.96,10.0,18.6
9.0,3.0,-31.94,115.96,10.0,5.0
9.0,12.0,-31.94,115.96,10.0,23.4
9.0,9.0,-31.94,115.96,10.0,15.3
9.0,15.0,-31.94,115.96,10.0,22.9
9.0,3.0,-31.94,115.96,10.0,6.1
9.0,12.0,-31.94,115.96,10.0,19.0
9.0,9.0,-31.94,115.96,10.0,14.5
9.0,15.0,-31.94,115.96,10.0,15.4
9.0,3.0,-31.94,115.96,10.0,8.4
9.0,12.0,-31.94,115.96,10.0,15.9
9.0,9.0,-31.94,115.96,10.0,12.7
9.0,15.0,-31.94,115.96,10.0,14.5
9.0,3.0,-31.94,115.96,10.0,4.2
9.0,12.0,-31.94,115.96,10.0,17.4
9.0,9.0,-31.94,115.96,10.0,10.1
9.0,15.0,-31.94,115.96,10.0,16.6
9.0,3.0,-31.94,115.96,10.0,8.8
9.0,12.0,-31.94,115.96,10.0,17.6
9.0,9.0,-31.94,115.96,10.0,12.7
9.0,15.0,-31.94,115.96,10.0,17.0
9.0,3.0,-31.94,115.96,10.0,3.9
9.0,12.0,-31.94,115.96,10.0,17.6
9.0,9.0,-31.94,115.96,10.0,12.5
9.0,15.0,-31.94,115.96,10.0,16.8
9.0,3.0,-31.94,115.96,10.0,11.2
9.0,12.0,-31.94,115.96,10.0,19.4
9.0,9.0,-31.94,115.96,10.0,17.0
9.0,15.0,-31.94,115.96,10.0,14.6
9.0,3.0,-31.94,115.96,10.0,4.8
9.0,12.0,-31.94,115.96,10.0,16.2
9.0,9.0,-31.94,115.96,10.0,11.7
9.0,15.0,-31.94,115.96,10.0,16.1
9.0,3.0,-31.94,115.96,10.0,5.2
9.0,12.0,-31.94,115.96,10.0,19.4
9.0,9.0,-31.94,115.96,10.0,12.8
9.0,15.0,-31.94,115.96,10.0,18.7
9.0,3.0,-31.94,115.96,10.0,6.3
9.0,12.0,-31.94,115.96,10.0,19.1
9.0,9.0,-31.94,115.96,10.0,14.3
9.0,15.0,-31.94,115.96,10.0,18.4
