1.0,3.0,-31.94,115.96,10.0,16.1
1.0,12.0,-31.94,115.96,10.0,32.8
1.0,9.0,-31.94,115.96,10.0,22.8
1.0,15.0,-31.94,115.96,10.0,32.1
1.0,3.0,-31.94,115.96,10.0,16.2
1.0,12.0,-31.94,115.96,10.0,37.4
1.0,9.0,-31.94,115.96,10.0,28.1
1.0,15.0,-31.94,115.96,10.0,37.0
1.0,3.0,-31.94,115.96,10.0,18.7
1.0,12.0,-31.94,115.96,10.0,40.2
1.0,9.0,-31.94,115.96,10.0,31.5
1.0,15.0,-31.94,115.96,10.0,39.6
1.0,3.0,-31.94,115.96,10.0,19.8
1.0,12.0,-31.94,115.96,10.0,43.3
1.0,9.0,-31.94,115.96,10.0,34.5
1.0,15.0,-31.94,115.96,10.0,38.1
1.0,3.0,-31.94,115.96,10.0,20.6
1.0,12.0,-31.94,115.96,10.0,25.6
1.0,9.0,-31.94,115.96,10.0,22.0
1.0,15.0,-31.94,115.96,10.0,23.9
1.0,3.0,-31.94,115.96,10.0,16.5
1.0,12.0,-31.94,115.96,10.0,24.1
1.0,9.0,-31.94,115.96,10.0,19.6
1.0,15.0,-31.94,115.96,10.0,23.0
1.0,3.0,-31.94,115.96,10.0,9.5
1.0,12.0,-31.94,115.96,10.0,26.5
1.0,9.0,-31.94,115.96,10.0,20.2
1.0,15.0,-31.94,115.96,10.0,24.3
1.0,3.0,-31.94,115.96,10.0,15.5
1.0,12.0,-31.94,115.96,10.0,31.6
1.0,9.0,-31.94,115.96,10.0,24.2
1.0,15.0,-31.94,115.96,10.0,29.9
1.0,3.0,-31.94,115.96,10.0,17.9
1.0,12.0,-31.94,115.96,10.0,36.4
1.0,9.0,-31.94,115.96,10.0,25.1
1.0,15.0,-31.94,115.96,10.0,34.8
1.0,3.0,-31.94,115.96,10.0,19.7
1.0,12.0,-31.94,115.96,10.0,36.4
1.0,9.0,-31.94,115.96,10.0,28.5
1.0,15.0,-31.94,115.96,10.0,35.0
1.0,3.0,-31.94,115.96,10.0,21.8
1.0,12.0,-31.94,115.96,10.0,37.6
1.0,9.0,-31.94,115.96,10.0,30.4
1.0,15.0,-31.94,115.96,10.0,31.0
1.0,3.0,-31.94,115.96,10.0,16.8
1.0,12.0,-31.94,115.96,10.0,24.7
1.0,9.0,-31.94,115.96,10.0,22.6
1.0,15.0,-31.94,115.96,10.0,23.3
1.0,3.0,-31.94,115.96,10.0,8.0
1.0,12.0,-31.94,115.96,10.0,27.2
1.0,9.0,-31.94,115.96,10.0,19.3
1.0,15.0,-31.94,115.96,10.0,25.8
1.0,3.0,-31.94,115.96,10.0,13.2
1.0,12.0,-31.94,115.96,10.0,37.7
1.0,9.0,-31.94,115.96,10.0,25.9
1.0,15.0,-31.94,115.96,10.0,36.9
1.0,3.0,-31.94,115.96,10.0,13.6
1.0,12.0,-31.94,115.96,10.0,35.5
1.0,9.0,-31.94,115.96,10.0,28.6
1.0,15.0,-31.94,115.96,10.0,32.8
1.0,3.0,-31.94,115.96,10.0,16.2
1.0,12.0,-31.94,115.96,10.0,28.1
1.0,9.0,-31.94,115.96,10.0,21.5
1.0,15.0,-31.94,115.96,10.0,25.7
1.0,3.0,-31.94,115.96,10.0,15.9
1.0,12.0,-31.94,115.96,10.0,31.4
1.0,9.0,-31.94,115.96,10.0,21.8
1.0,15.0,-31.94,115.96,10.0,29.7
1.0,3.0,-31.94,115.96,10.0,16.7
1.0,12.0,-31.94,115.96,10.0,34.4
1.0,9.0,-31.94,115.96,10.0,24.4
1.0,15.0,-31.94,115.96,10.0,32.6
1.0,3.0,-31.94,115.96,10.0,16.8
1.0,12.0,-31.94,115.96,10.0,25.8
1.0,9.0,-31.94,115.96,10.0,20.9
1.0,15.0,-31.94,115.96,10.0,23.6
1.0,3.0,-31.94,115.96,10.0,13.4
1.0,12.0,-31.94,115.96,10.0,28.5
1.0,9.0,-31.94,115.96,10.0,21.8
1.0,15.0,-31.94,115.96,10.0,26.9
1.0,3.0,-31.94,115.96,10.0,12.4
1.0,12.0,-31.94,115.96,10.0,34.5
1.0,9.0,-31.94,115.96,10.0,24.1
1.0,15.0,-31.94,115.96,10.0,32.3
1.0,3.0,-31.94,115.96,10.0,15.8
1.0,12.0,-31.94,115.96,10.0,26.3
1.0,9.0,-31.94,115.96,10.0,21.9
1.0,15.0,-31.94,115.96,10.0,24.8
1.0,3.0,-31.94,115.96,10.0,9.6
1.0,12.0,-31.94,115.96,10.0,26.9
1.0,9.0,-31.94,115.96,10.0,20.9
1.0,15.0,-31.94,115.96,10.0,25.3
1.0,3.0,-31.94,115.96,10.0,12.1
1.0,12.0,-31.94,115.96,10.0,33.6
1.0,9.0,-31.94,115.96,10.0,22.7
1.0,15.0,-31.94,115.96,10.0,32.6
1.0,3.0,-31.94,115.96,10.0,16.7
1.0,12.0,-31.94,115.96,10.0,39.9
1.0,9.0,-31.94,115.96,10.0,28.3
1.0,15.0,-31.94,115.96,10.0,39.6
1.0,3.0,-31.94,115.96,10.0,21.7
1.0,12.0,-31.94,115.96,10.0,41.9
1.0,9.0,-31.94,115.96,10.0,34.3
1.0,15.0,-31.94,115.96,10.0,41.2
1.0,3.0,-31.94,115.96,10.0,20.7
1.0,12.0,-31.94,115.96,10.0,36.1
1.0,9.0,-31.94,115.96,10.0,29.6
1.0,15.0,-31.94,115.96,10.0,34.1
1.0,3.0,-31.94,115.96,10.0,19.8
1.0,12.0,-31.94,115.96,10.0,39.8
1.0,9.0,-31.94,115.96,10.0,26.9
1.0,15.0,-31.94,115.96,10.0,36.9
1.0,3.0,-31.94,115.96,10.0,22.2
1.0,12.0,-31.94,115.96,10.0,25.6
1.0,9.0,-31.94,115.96,10.0,22.3
1.0,15.0,-31.94,115.96,10.0,24.3
1.0,3.0,-31.94,115.96,10.0,16.5
1.0,12.0,-31.94,115.96,10.0,19.7
1.0,9.0,-31.94,115.96,10.0,16.8
1.0,15.0,-31.94,115.96,10.0,18.4
1.0,3.0,-31.94,115.96,10.0,15.8
1.0,12.0,-31.94,115.96,10.0,22.1
1.0,9.0,-31.94,115.96,10.0,17.4
1.0,15.0,-31.94,115.96,10.0,19.4
