2.0,3.0,-31.94,115.96,10.0,17.3
2.0,12.0,-31.94,115.96,10.0,30.2
2.0,9.0,-31.94,115.96,10.0,22.0
2.0,15.0,-31.94,115.96,10.0,28.1
2.0,3.0,-31.94,115.96,10.0,18.3
2.0,12.0,-31.94,115.96,10.0,31.7
2.0,9.0,-31.94,115.96,10.0,21.9
2.0,15.0,-31.94,115.96,10.0,30.5
2.0,3.0,-31.94,115.96,10.0,18.8
2.0,12.0,-31.94,115.96,10.0,33.6
2.0,9.0,-31.94,115.96,10.0,28.4
2.0,15.0,-31.94,115.96,10.0,31.7
2.0,3.0,-31.94,115.96,10.0,16.1
2.0,12.0,-31.94,115.96,10.0,29.4
2.0,9.0,-31.94,115.96,10.0,23.0
2.0,15.0,-31.94,115.96,10.0,27.3
2.0,3.0,-31.94,115.96,10.0,17.3
2.0,12.0,-31.94,115.96,10.0,30.2
2.0,9.0,-31.94,115.96,10.0,22.3
2.0,15.0,-31.94,115.96,10.0,29.5
2.0,3.0,-31.94,115.96,10.0,16.7
2.0,12.0,-31.94,115.96,10.0,33.8
2.0,9.0,-31.94,115.96,10.0,23.2
2.0,15.0,-31.94,115.96,10.0,33.2
2.0,3.0,-31.94,115.96,10.0,20.5
2.0,12.0,-31.94,115.96,10.0,29.6
2.0,9.0,-31.94,115.96,10.0,27.1
2.0,15.0,-31.94,115.96,10.0,23.9
2.0,3.0,-31.94,115.96,10.0,14.6
2.0,12.0,-31.94,115.96,10.0,26.7
2.0,9.0,-31.94,115.96,10.0,19.2
2.0,15.0,-31.94,115.96,10.0,25.5
2.0,3.0,-31.94,115.96,10.0,14.1
2.0,12.0,-31.94,115.96,10.0,17.1
2.0,9.0,-31.94,115.96,10.0,15.0
2.0,15.0,-31.94,115.96,10.0,16.9
2.0,3.0,-31.94,115.96,10.0,14.9
2.0,12.0,-31.94,115.96,10.0,21.3
2.0,9.0,-31.94,115.96,10.0,16.7
2.0,15.0,-31.94,115.96,10.0,19.8
2.0,3.0,-31.94,115.96,10.0,16.7
2.0,12.0,-31.94,115.96,10.0,24.8
2.0,9.0,-31.94,115.96,10.0,21.0
2.0,15.0,-31.94,115.96,10.0,23.4
2.0,3.0,-31.94,115.96,10.0,19.7
2.0,12.0,-31.94,115.96,10.0,27.9
2.0,9.0,-31.94,115.96,10.0,21.4
2.0,15.0,-31.94,115.96,10.0,27.5
2.0,3.0,-31.94,115.96,10.0,21.1
2.0,12.0,-31.94,115.96,10.0,34.2
2.0,9.0,-31.94,115.96,10.0,25.4
2.0,15.0,-31.94,115.96,10.0,32.7
2.0,3.0,-31.94,115.96,10.0,23.7
2.0,12.0,-31.94,115.96,10.0,30.5
2.0,9.0,-31.94,115.96,10.0,28.2
2.0,15.0,-31.94,115.96,10.0,29.4
2.0,3.0,-31.94,115.96,10.0,19.2
2.0,12.0,-31.94,115.96,10.0,32.3
2.0,9.0,-31.94,115.96,10.0,24.5
2.0,15.0,-31.94,115.96,10.0,30.5
2.0,3.0,-31.94,115.96,10.0,18.1
2.0,12.0,-31.94,115.96,10.0,31.3
2.0,9.0,-31.94,115.96,10.0,22.7
2.0,15.0,-31.94,115.96,10.0,29.4
2.0,3.0,-31.94,115.96,10.0,15.9
2.0,12.0,-31.94,115.96,10.0,32.2
2.0,9.0,-31.94,115.96,10.0,21.4
2.0,15.0,-31.94,115.96,10.0,31.9
2.0,3.0,-31.94,115.96,10.0,17.1
2.0,12.0,-31.94,115.96,10.0,34.8
2.0,9.0,-31.94,115.96,10.0,23.5
2.0,15.0,-31.94,115.96,10.0,34.0
2.0,3.0,-31.94,115.96,10.0,22.9
2.0,12.0,-31.94,115.96,10.0,38.4
2.0,9.0,-31.94,115.96,10.0,29.6
2.0,15.0,-31.94,115.96,10.0,34.9
2.0,3.0,-31.94,115.96,10.0,20.1
2.0,12.0,-31.94,115.96,10.0,27.2
2.0,9.0,-31.94,115.96,10.0,22.2
2.0,15.0,-31.94,115.96,10.0,24.2
2.0,3.0,-31.94,115.96,10.0,16.3
2.0,12.0,-31.94,115.96,10.0,23.1
2.0,9.0,-31.94,115.96,10.0,19.4
2.0,15.0,-31.94,115.96,10.0,22.4
2.0,3.0,-31.94,115.96,10.0,7.8
2.0,12.0,-31.94,115.96,10.0,24.7
2.0,9.0,-31.94,115.96,10.0,19.3
2.0,15.0,-31.94,115.96,10.0,24.1
2.0,3.0,-31.94,115.96,10.0,10.2
2.0,12.0,-31.94,115.96,10.0,32.1
2.0,9.0,-31.94,115.96,10.0,21.9
2.0,15.0,-31.94,115.96,10.0,31.3
2.0,3.0,-31.94,115.96,10.0,16.1
2.0,12.0,-31.94,115.96,10.0,36.4
2.0,9.0,-31.94,115.96,10.0,26.3
2.0,15.0,-31.94,115.96,10.0,36.3
2.0,3.0,-31.94,115.96,10.0,21.5
2.0,12.0,-31.94,115.96,10.0,39.0
2.0,9.0,-31.94,115.96,10.0,30.7
2.0,15.0,-31.94,115.96,10.0,38.3
2.0,3.0,-31.94,115.96,10.0,16.5
2.0,12.0,-31.94,115.96,10.0,30.2
2.0,9.0,-31.94,115.96,10.0,24.0
2.0,15.0,-31.94,115.96,10.0,27.2
2.0,3.0,-31.94,115.96,10.0,13.2
2.0,12.0,-31.94,115.96,10.0,30.5
2.0,9.0,-31.94,115.96,10.0,23.1
2.0,15.0,-31.94,115.96,10.0,28.1
2.0,3.0,-31.94,115.96,10.0,16.3
2.0,12.0,-31.94,115.96,10.0,33.8
2.0,9.0,-31.94,115.96,10.0,25.2
2.0,15.0,-31.94,115.96,10.0,32.5
