7.0,3.0,-31.94,115.96,10.0,9.5
7.0,12.0,-31.94,115.96,10.0,16.2
7.0,9.0,-31.94,115.96,10.0,12.0
7.0,15.0,-31.94,115.96,10.0,8.9
7.0,3.0,-31.94,115.96,10.0,3.9
7.0,12.0,-31.94,115.96,10.0,15.0
7.0,9.0,-31.94,115.96,10.0,7.3
7.0,15.0,-31.94,115.96,10.0,14.2
7.0,3.0,-31.94,115.96,10.0,7.0
7.0,12.0,-31.94,115.96,10.0,16.6
7.0,9.0,-31.94,115.96,10.0,8.9
7.0,15.0,-31.94,115.96,10.0,15.2
7.0,3.0,-31.94,115.96,10.0,5.5
7.0,12.0,-31.94,115.96,10.0,14.4
7.0,9.0,-31.94,115.96,10.0,8.3
7.0,15.0,-31.94,115.96,10.0,13.9
7.0,3.0,-31.94,115.96,10.0,8.0
7.0,12.0,-31.94,115.96,10.0,13.9
7.0,9.0,-31.94,115.96,10.0,11.9
7.0,15.0,-31.94,115.96,10.0,10.7
7.0,3.0,-31.94,115.96,10.0,4.7
7.0,12.0,-31.94,115.96,10.0,16.0
7.0,9.0,-31.94,115.96,10.0,7.4
7.0,15.0,-31.94,115.96,10.0,14.4
7.0,3.0,-31.94,115.96,10.0,7.4
7.0,12.0,-31.94,115.96,10.0,17.6
7.0,9.0,-31.94,115.96,10.0,11.6
7.0,15.0,-31.94,115.96,10.0,16.2
7.0,3.0,-31.94,115.96,10.0,3.2
7.0,12.0,-31.94,115.96,10.0,17.2
7.0,9.0,-31.94,115.96,10.0,10.2
7.0,15.0,-31.94,115.96,10.0,16.5
7.0,3.0,-31.94,115.96,10.0,7.1
7.0,12.0,-31.94,115.96,10.0,17.8
7.0,9.0,-31.94,115.96,10.0,10.4
7.0,15.0,-31.94,115.96,10.0,17.4
7.0,3.0,-31.94,115.96,10.0,5.9
7.0,12.0,-31.94,115.96,10.0,17.9
7.0,9.0,-31.94,115.96,10.0,12.5
7.0,15.0,-31.94,115.96,10.0,17.6
7.0,3.0,-31.94,115.96,10.0,12.5
7.0,12.0,-31.94,115.96,10.0,19.7
7.0,9.0,-31.94,115.96,10.0,15.6
7.0,15.0,-31.94,115.96,10.0,18.5
7.0,3.0,-31.94,115.96,10.0,14.8
7.0,12.0,-31.94,115.96,10.0,20.4
7.0,9.0,-31.94,115.96,10.0,18.0
7.0,15.0,-31.94,115.96,10.0,19.2
7.0,3.0,-31.94,115.96,10.0,13.2
7.0,12.0,-31.94,115.96,10.0,18.6
7.0,9.0,-31.94,115.96,10.0,15.1
7.0,15.0,-31.94,115.96,10.0,18.1
7.0,3.0,-31.94,115.96,10.0,12.3
7.0,12.0,-31.94,115.96,10.0,19.2
7.0,9.0,-31.94,115.96,10.0,14.6
7.0,15.0,-31.94,115.96,10.0,18.1
7.0,3.0,-31.94,115.96,10.0,11.4
7.0,12.0,-31.94,115.96,10.0,19.9
7.0,9.0,-31.94,115.96,10.0,14.0
7.0,15.0,-31.94,115.96,10.0,16.9
7.0,3.0,-31.94,115.96,10.0,13.7
7.0,12.0,-31.94,115.96,10.0,19.2
7.0,9.0,-31.94,115.96,10.0,15.8
7.0,15.0,-31.94,115.96,10.0,18.1
7.0,3.0,-31.94,115.96,10.0,8.7
7.0,12.0,-31.94,115.96,10.0,19.2
7.0,9.0,-31.94,115.96,10.0,12.4
7.0,15.0,-31.94,115.96,10.0,18.5
7.0,3.0,-31.94,115.96,10.0,11.2
7.0,12.0,-31.94,115.96,10.0,24.6
7.0,9.0,-31.94,115.96,10.0,14.8
7.0,15.0,-31.94,115.96,10.0,24.1
7.0,3.0,-31.94,115.96,10.0,13.2
7.0,12.0,-31.94,115.96,10.0,18.7
7.0,9.0,-31.94,115.96,10.0,14.0
7.0,15.0,-31.94,115.96,10.0,14.1
7.0,3.0,-31.94,115.96,10.0,11.5
7.0,12.0,-31.94,115.96,10.0,18.2
7.0,9.0,-31.94,115.96,10.0,15.3
7.0,15.0,-31.94,115.96,10.0,16.4
7.0,3.0,-31.94,115.96,10.0,10.6
7.0,12.0,-31.94,115.96,10.0,20.1
7.0,9.0,-31.94,115.96,10.0,13.2
7.0,15.0,-31.94,115.96,10.0,18.6
7.0,3.0,-31.94,115.96,10.0,10.7
7.0,12.0,-31.94,115.96,10.0,19.3
7.0,9.0,-31.94,115.96,10.0,12.4
7.0,15.0,-31.94,115.96,10.0,17.8
7.0,3.0,-31.94,115.96,10.0,11.7
7.0,12.0,-31.94,115.96,10.0,18.1
7.0,9.0,-31.94,115.96,10.0,13.4
7.0,15.0,-31.94,115.96,10.0,18.0
7.0,3.0,-31.94,115.96,10.0,10.0
7.0,12.0,-31.94,115.96,10.0,18.6
7.0,9.0,-31.94,115.96,10.0,12.4
7.0,15.0,-31.94,115.96,10.0,17.1
7.0,3.0,-31.94,115.96,10.0,10.4
7.0,12.0,-31.94,115.96,10.0,19.6
7.0,9.0,-31.94,115.96,10.0,13.0
7.0,15.0,-31.94,115.96,10.0,18.7
7.0,3.0,-31.94,115.96,10.0,11.7
7.0,12.0,-31.94,115.96,10.0,19.2
7.0,9.0,-31.94,115.96,10.0,15.6
7.0,15.0,-31.94,115.96,10.0,17.4
7.0,3.0,-31.94,115.96,10.0,11.6
7.0,12.0,-31.94,115.96,10.0,21.5
7.0,9.0,-31.94,115.96,10.0,14.5
7.0,15.0,-31.94,115.96,10.0,19.4
7.0,3.0,-31.94,115.96,10.0,14.5
7.0,12.0,-31.94,115.96,10.0,17.7
7.0,9.0,-31.94,115.96,10.0,17.0
7.0,15.0,-31.94,115.96,10.0,13.9
7.0,3.0,-31.94,115.96,10.0,9.7
7.0,12.0,-31.94,115.96,10.0,15.1
7.0,9.0,-31.94,115.96,10.0,12.1
7.0,15.0,-31.94,115.96,10.0,12.3
7.0,3.0,-31.94,115.96,10.0,5.3
7.0,12.0,-31.94,115.96,10.0,17.1
7.0,9.0,-31.94,115.96,10.0,11.1
7.0,15.0,-31.94,115.96,10.0,15.4
7.0,3.0,-31.94,115.96,10.0,9.5
7.0,12.0,-31.94,115.96,10.0,15.7
7.0,9.0,-31.94,115.96,10.0,12.3
7.0,15.0,-31.94,115.96,10.0,12.8
