3.0,3.0,-31.94,115.96,10.0,20.3
3.0,12.0,-31.94,115.96,10.0,38.1
3.0,9.0,-31.94,115.96,10.0,26.7
3.0,15.0,-31.94,115.96,10.0,37.0
3.0,3.0,-31.94,115.96,10.0,21.9
3.0,12.0,-31.94,115.96,10.0,29.1
3.0,9.0,-31.94,115.96,10.0,24.1
3.0,15.0,-31.94,115.96,10.0,25.2
3.0,3.0,-31.94,115.96,10.0,19.0
3.0,12.0,-31.94,115.96,10.0,36.5
3.0,9.0,-31.94,115.96,10.0,26.3
3.0,15.0,-31.94,115.96,10.0,34.8
3.0,3.0,-31.94,115.96,10.0,23.4
3.0,12.0,-31.94,115.96,10.0,35.7
3.0,9.0,-31.94,115.96,10.0,27.0
3.0,15.0,-31.94,115.96,10.0,35.5
3.0,3.0,-31.94,115.96,10.0,21.1
3.0,12.0,-31.94,115.96,10.0,36.1
3.0,9.0,-31.94,115.96,10.0,25.3
3.0,15.0,-31.94,115.96,10.0,35.1
3.0,3.0,-31.94,115.96,10.0,18.0
3.0,12.0,-31.94,115.96,10.0,35.6
3.0,9.0,-31.94,115.96,10.0,26.4
3.0,15.0,-31.94,115.96,10.0,33.7
3.0,3.0,-31.94,115.96,10.0,16.1
3.0,12.0,-31.94,115.96,10.0,35.3
3.0,9.0,-31.94,115.96,10.0,24.5
3.0,15.0,-31.94,115.96,10.0,34.1
3.0,3.0,-31.94,115.96,10.0,21.4
3.0,12.0,-31.94,115.96,10.0,35.0
3.0,9.0,-31.94,115.96,10.0,25.6
3.0,15.0,-31.94,115.96,10.0,34.1
3.0,3.0,-31.94,115.96,10.0,17.0
3.0,12.0,-31.94,115.96,10.0,32.3
3.0,9.0,-31.94,115.96,10.0,22.0
3.0,15.0,-31.94,115.96,10.0,31.7
3.0,3.0,-31.94,115.96,10.0,19.6
3.0,12.0,-31.94,115.96,10.0,30.1
3.0,9.0,-31.94,115.96,10.0,22.6
3.0,15.0,-31.94,115.96,10.0,29.6
3.0,3.0,-31.94,115.96,10.0,15.4
3.0,12.0,-31.94,115.96,10.0,30.4
3.0,9.0,-31.94,115.96,10.0,19.6
3.0,15.0,-31.94,115.96,10.0,30.4
3.0,3.0,-31.94,115.96,10.0,17.9
3.0,12.0,-31.94,115.96,10.0,25.1
3.0,9.0,-31.94,115.96,10.0,20.9
3.0,15.0,-31.94,115.96,10.0,23.1
3.0,3.0,-31.94,115.96,10.0,20.3
3.0,12.0,-31.94,115.96,10.0,23.8
3.0,9.0,-31.94,115.96,10.0,23.5
3.0,15.0,-31.94,115.96,10.0,22.6
3.0,3.0,-31.94,115.96,10.0,15.2
3.0,12.0,-31.94,115.96,10.0,24.0
3.0,9.0,-31.94,115.96,10.0,21.1
3.0,15.0,-31.94,115.96,10.0,22.8
3.0,3.0,-31.94,115.96,10.0,13.5
3.0,12.0,-31.94,115.96,10.0,24.9
3.0,9.0,-31.94,115.96,10.0,19.9
3.0,15.0,-31.94,115.96,10.0,23.8
3.0,3.0,-31.94,115.96,10.0,11.0
3.0,12.0,-31.94,115.96,10.0,28.3
3.0,9.0,-31.94,115.96,10.0,19.5
3.0,15.0,-31.94,115.96,10.0,28.3
3.0,3.0,-31.94,115.96,10.0,9.2
3.0,12.0,-31.94,115.96,10.0,24.8
3.0,9.0,-31.94,115.96,10.0,19.5
3.0,15.0,-31.94,115.96,10.0,22.9
3.0,3.0,-31.94,115.96,10.0,16.2
3.0,12.0,-31.94,115.96,10.0,20.5
3.0,9.0,-31.94,115.96,10.0,17.3
3.0,15.0,-31.94,115.96,10.0,19.3
3.0,3.0,-31.94,115.96,10.0,7.9
3.0,12.0,-31.94,115.96,10.0,24.4
3.0,9.0,-31.94,115.96,10.0,18.3
3.0,15.0,-31.94,115.96,10.0,23.8
3.0,3.0,-31.94,115.96,10.0,12.1
3.0,12.0,-31.94,115.96,10.0,26.5
3.0,9.0,-31.94,115.96,10.0,17.4
3.0,15.0,-31.94,115.96,10.0,25.3
3.0,3.0,-31.94,115.96,10.0,17.3
3.0,12.0,-31.94,115.96,10.0,21.3
3.0,9.0,-31.94,115.96,10.0,18.9
3.0,15.0,-31.94,115.96,10.0,17.6
3.0,3.0,-31.94,115.96,10.0,15.8
3.0,12.0,-31.94,115.96,10.0,24.7
3.0,9.0,-31.94,115.96,10.0,20.4
3.0,15.0,-31.94,115.96,10.0,22.6
3.0,3.0,-31.94,115.96,10.0,16.5
3.0,12.0,-31.94,115.96,10.0,24.6
3.0,9.0,-31.94,115.96,10.0,20.4
3.0,15.0,-31.94,115.96,10.0,23.9
3.0,3.0,-31.94,115.96,10.0,14.5
3.0,12.0,-31.94,115.96,10.0,27.3
3.0,9.0,-31.94,115.96,10.0,20.0
3.0,15.0,-31.94,115.96,10.0,25.2
3.0,3.0,-31.94,115.96,10.0,15.5
3.0,12.0,-31.94,115.96,10.0,28.2
3.0,9.0,-31.94,115.96,10.0,21.2
3.0,15.0,-31.94,115.96,10.0,25.6
3.0,3.0,-31.94,115.96,10.0,16.0
3.0,12.0,-31.94,115.96,10.0,22.9
3.0,9.0,-31.94,115.96,10.0,19.7
3.0,15.0,-31.94,115.96,10.0,20.5
3.0,3.0,-31.94,115.96,10.0,6.3
3.0,12.0,-31.94,115.96,10.0,24.0
3.0,9.0,-31.94,115.96,10.0,16.8
3.0,15.0,-31.94,115.96,10.0,23.7
3.0,3.0,-31.94,115.96,10.0,6.9
3.0,12.0,-31.94,115.96,10.0,23.5
3.0,9.0,-31.94,115.96,10.0,17.3
3.0,15.0,-31.94,115.96,10.0,21.9
3.0,3.0,-31.94,115.96,10.0,12.7
3.0,12.0,-31.94,115.96,10.0,24.9
3.0,9.0,-31.94,115.96,10.0,16.8
3.0,15.0,-31.94,115.96,10.0,24.2
3.0,3.0,-31.94,115.96,10.0,12.9
3.0,12.0,-31.94,115.96,10.0,28.1
3.0,9.0,-31.94,115.96,10.0,18.0
3.0,15.0,-31.94,115.96,10.0,27.7
3.0,3.0,-31.94,115.96,10.0,10.7
3.0,12.0,-31.94,115.96,10.0,29.9
3.0,9.0,-31.94,115.96,10.0,20.7
3.0,15.0,-31.94,115.96,10.0,29.3
