10.0,3.0,-31.94,115.96,10.0,10.5
10.0,12.0,-31.94,115.96,10.0,16.2
10.0,9.0,-31.94,115.96,10.0,15.0
10.0,15.0,-31.94,115.96,10.0,11.9
10.0,3.0,-31.94,115.96,10.0,9.1
10.0,12.0,-31.94,115.96,10.0,17.5
10.0,9.0,-31.94,115.96,10.0,14.8
10.0,15.0,-31.94,115.96,10.0,16.1
10.0,3.0,-31.94,115.96,10.0,7.1
10.0,12.0,-31.94,115.96,10.0,19.0
10.0,9.0,-31.94,115.96,10.0,15.0
10.0,15.0,-31.94,115.96,10.0,16.5
10.0,3.0,-31.94,115.96,10.0,11.4
10.0,12.0,-31.94,115.96,10.0,21.1
10.0,9.0,-31.94,115.96,10.0,16.1
10.0,15.0,-31.94,115.96,10.0,19.5
10.0,3.0,-31.94,115.96,10.0,8.1
10.0,12.0,-31.94,115.96,10.0,23.6
10.0,9.0,-31.94,115.96,10.0,17.1
10.0,15.0,-31.94,115.96,10.0,23.4
10.0,3.0,-31.94,115.96,10.0,12.0
10.0,12.0,-31.94,115.96,10.0,21.8
10.0,9.0,-31.94,115.96,10.0,18.7
10.0,15.0,-31.94,115.96,10.0,21.4
10.0,3.0,-31.94,115.96,10.0,14.7
10.0,12.0,-31.94,115.96,10.0,24.7
10.0,9.0,-31.94,115.96,10.0,18.8
10.0,15.0,-31.94,115.96,10.0,24.2
10.0,3.0,-31.94,115.96,10.0,15.2
10.0,12.0,-31.94,115.96,10.0,18.7
10.0,9.0,-31.94,115.96,10.0,16.3
10.0,15.0,-31.94,115.96,10.0,17.4
10.0,3.0,-31.94,115.96,10.0,12.7
10.0,12.0,-31.94,115.96,10.0,19.0
10.0,9.0,-31.94,115.96,10.0,15.8
10.0,15.0,-31.94,115.96,10.0,16.9
10.0,3.0,-31.94,115.96,10.0,6.3
10.0,12.0,-31.94,115.96,10.0,20.9
10.0,9.0,-31.94,115.96,10.0,14.9
10.0,15.0,-31.94,115.96,10.0,20.0
10.0,3.0,-31.94,115.96,10.0,9.1
10.0,12.0,-31.94,115.96,10.0,26.1
10.0,9.0,-31.94,115.96,10.0,16.5
10.0,15.0,-31.94,115.96,10.0,25.5
10.0,3.0,-31.94,115.96,10.0,13.2
10.0,12.0,-31.94,115.96,10.0,32.6
10.0,9.0,-31.94,115.96,10.0,22.8
10.0,15.0,-31.94,115.96,10.0,32.2
10.0,3.0,-31.94,115.96,10.0,9.3
10.0,12.0,-31.94,115.96,10.0,24.9
10.0,9.0,-31.94,115.96,10.0,20.8
10.0,15.0,-31.94,115.96,10.0,22.8
10.0,3.0,-31.94,115.96,10.0,13.5
10.0,12.0,-31.94,115.96,10.0,20.8
10.0,9.0,-31.94,115.96,10.0,18.3
10.0,15.0,-31.94,115.96,10.0,19.3
10.0,3.0,-31.94,115.96,10.0,11.2
10.0,12.0,-31.94,115.96,10.0,17.8
10.0,9.0,-31.94,115.96,10.0,13.4
10.0,15.0,-31.94,115.96,10.0,17.7
10.0,3.0,-31.94,115.96,10.0,4.9
10.0,12.0,-31.94,115.96,10.0,20.4
10.0,9.0,-31.94,115.96,10.0,15.6
10.0,15.0,-31.94,115.96,10.0,18.9
10.0,3.0,-31.94,115.96,10.0,6.6
10.0,12.0,-31.94,115.96,10.0,20.1
10.0,9.0,-31.94,115.96,10.0,16.2
10.0,15.0,-31.94,115.96,10.0,18.8
10.0,3.0,-31.94,115.96,10.0,10.6
10.0,12.0,-31.94,115.96,10.0,21.8
10.0,9.0,-31.94,115.96,10.0,15.7
10.0,15.0,-31.94,115.96,10.0,20.1
10.0,3.0,-31.94,115.96,10.0,5.9
10.0,12.0,-31.94,115.96,10.0,19.8
10.0,9.0,-31.94,115.96,10.0,15.8
10.0,15.0,-31.94,115.96,10.0,18.6
10.0,3.0,-31.94,115.96,10.0,10.0
10.0,12.0,-31.94,115.96,10.0,19.4
10.0,9.0,-31.94,115.96,10.0,14.3
10.0,15.0,-31.94,115.96,10.0,18.6
10.0,3.0,-31.94,115.96,10.0,7.7
10.0,12.0,-31.94,115.96,10.0,22.0
10.0,9.0,-31.94,115.96,10.0,13.8
10.0,15.0,-31.94,115.96,10.0,21.2
10.0,3.0,-31.94,115.96,10.0,8.3
10.0,12.0,-31.94,115.96,10.0,28.5
10.0,9.0,-31.94,115.96,10.0,19.1
10.0,15.0,-31.94,115.96,10.0,27.8
10.0,3.0,-31.94,115.96,10.0,8.8
10.0,12.0,-31.94,115.96,10.0,29.3
10.0,9.0,-31.94,115.96,10.0,23.2
10.0,15.0,-31.94,115.96,10.0,25.7
10.0,3.0,-31.94,115.96,10.0,8.6
10.0,12.0,-31.94,115.96,10.0,22.1
10.0,9.0,-31.94,115.96,10.0,19.1
10.0,15.0,-31.94,115.96,10.0,20.2
10.0,3.0,-31.94,115.96,10.0,7.1
10.0,12.0,-31.94,115.96,10.0,20.3
10.0,9.0,-31.94,115.96,10.0,16.2
10.0,15.0,-31.94,115.96,10.0,18.5
10.0,3.0,-31.94,115.96,10.0,6.6
10.0,12.0,-31.94,115.96,10.0,22.6
10.0,9.0,-31.94,115.96,10.0,18.0
10.0,15.0,-31.94,115.96,10.0,20.6
10.0,3.0,-31.94,115.96,10.0,6.3
10.0,12.0,-31.94,115.96,10.0,22.6
10.0,9.0,-31.94,115.96,10.0,18.7
10.0,15.0,-31.94,115.96,10.0,21.7
10.0,3.0,-31.94,115.96,10.0,5.9
10.0,12.0,-31.94,115.96,10.0,22.2
10.0,9.0,-31.94,115.96,10.0,17.8
10.0,15.0,-31.94,115.96,10.0,20.8
10.0,3.0,-31.94,115.96,10.0,11.7
10.0,12.0,-31.94,115.96,10.0,20.5
10.0,9.0,-31.94,115.96,10.0,18.1
10.0,15.0,-31.94,115.96,10.0,19.5
10.0,3.0,-31.94,115.96,10.0,6.9
10.0,12.0,-31.94,115.96,10.0,21.5
10.0,9.0,-31.94,115.96,10.0,15.8
10.0,15.0,-31.94,115.96,10.0,20.1
10.0,3.0,-31.94,115.96,10.0,10.7
10.0,12.0,-31.94,115.96,10.0,22.9
10.0,9.0,-31.94,115.96,10.0,17.0
10.0,15.0,-31.94,115.96,10.0,21.4
