5.0,3.0,-31.94,115.96,10.0,13.8
5.0,12.0,-31.94,115.96,10.0,24.7
5.0,9.0,-31.94,115.96,10.0,16.2
5.0,15.0,-31.94,115.96,10.0,24.3
5.0,3.0,-31.94,115.96,10.0,11.6
5.0,12.0,-31.94,115.96,10.0,26.8
5.0,9.0,-31.94,115.96,10.0,16.3
5.0,15.0,-31.94,115.96,10.0,26.2
5.0,3.0,-31.94,115.96,10.0,15.4
5.0,12.0,-31.94,115.96,10.0,30.5
5.0,9.0,-31.94,115.96,10.0,21.2
5.0,15.0,-31.94,115.96,10.0,26.6
5.0,3.0,-31.94,115.96,10.0,13.1
5.0,12.0,-31.94,115.96,10.0,24.6
5.0,9.0,-31.94,115.96,10.0,18.3
5.0,15.0,-31.94,115.96,10.0,22.9
5.0,3.0,-31.94,115.96,10.0,15.2
5.0,12.0,-31.94,115.96,10.0,24.3
5.0,9.0,-31.94,115.96,10.0,19.9
5.0,15.0,-31.94,115.96,10.0,23.3
5.0,3.0,-31.94,115.96,10.0,12.4
5.0,12.0,-31.94,115.96,10.0,26.8
5.0,9.0,-31.94,115.96,10.0,16.5
5.0,15.0,-31.94,115.96,10.0,25.7
5.0,3.0,-31.94,115.96,10.0,12.5
5.0,12.0,-31.94,115.96,10.0,30.9
5.0,9.0,-31.94,115.96,10.0,19.8
5.0,15.0,-31.94,115.96,10.0,29.9
5.0,3.0,-31.94,115.96,10.0,12.9
5.0,12.0,-31.94,115.96,10.0,28.2
5.0,9.0,-31.94,115.96,10.0,19.2
5.0,15.0,-31.94,115.96,10.0,24.4
5.0,3.0,-31.94,115.96,10.0,16.9
5.0,12.0,-31.94,115.96,10.0,21.2
5.0,9.0,-31.94,115.96,10.0,18.2
5.0,15.0,-31.94,115.96,10.0,20.2
5.0,3.0,-31.94,115.96,10.0,6.2
5.0,12.0,-31.94,115.96,10.0,21.7
5.0,9.0,-31.94,115.96,10.0,16.3
5.0,15.0,-31.94,115.96,10.0,20.8
5.0,3.0,-31.94,115.96,10.0,9.1
5.0,12.0,-31.94,115.96,10.0,22.6
5.0,9.0,-31.94,115.96,10.0,16.2
5.0,15.0,-31.94,115.96,10.0,20.5
5.0,3.0,-31.94,115.96,10.0,10.1
5.0,12.0,-31.94,115.96,10.0,22.6
5.0,9.0,-31.94,115.96,10.0,13.2
5.0,15.0,-31.94,115.96,10.0,21.9
5.0,3.0,-31.94,115.96,10.0,9.5
5.0,12.0,-31.94,115.96,10.0,23.3
5.0,9.0,-31.94,115.96,10.0,15.5
5.0,15.0,-31.94,115.96,10.0,21.5
5.0,3.0,-31.94,115.96,10.0,11.5
5.0,12.0,-31.94,115.96,10.0,25.9
5.0,9.0,-31.94,115.96,10.0,19.4
5.0,15.0,-31.94,115.96,10.0,22.6
5.0,3.0,-31.94,115.96,10.0,15.5
5.0,12.0,-31.94,115.96,10.0,20.9
5.0,9.0,-31.94,115.96,10.0,19.4
5.0,15.0,-31.94,115.96,10.0,18.6
5.0,3.0,-31.94,115.96,10.0,14.4
5.0,12.0,-31.94,115.96,10.0,21.8
5.0,9.0,-31.94,115.96,10.0,15.7
5.0,15.0,-31.94,115.96,10.0,20.1
5.0,3.0,-31.94,115.96,10.0,9.4
5.0,12.0,-31.94,115.96,10.0,20.2
5.0,9.0,-31.94,115.96,10.0,14.8
5.0,15.0,-31.94,115.96,10.0,19.5
5.0,3.0,-31.94,115.96,10.0,12.3
5.0,12.0,-31.94,115.96,10.0,25.6
5.0,9.0,-31.94,115.96,10.0,17.2
5.0,15.0,-31.94,115.96,10.0,24.4
5.0,3.0,-31.94,115.96,10.0,13.9
5.0,12.0,-31.94,115.96,10.0,22.2
5.0,9.0,-31.94,115.96,10.0,16.5
5.0,15.0,-31.94,115.96,10.0,20.9
5.0,3.0,-31.94,115.96,10.0,9.8
5.0,12.0,-31.94,115.96,10.0,17.0
5.0,9.0,-31.94,115.96,10.0,12.9
5.0,15.0,-31.94,115.96,10.0,15.1
5.0,3.0,-31.94,115.96,10.0,11.8
5.0,12.0,-31.94,115.96,10.0,17.7
5.0,9.0,-31.94,115.96,10.0,14.8
5.0,15.0,-31.94,115.96,10.0,17.0
5.0,3.0,-31.94,115.96,10.0,7.9
5.0,12.0,-31.94,115.96,10.0,19.2
5.0,9.0,-31.94,115.96,10.0,12.5
5.0,15.0,-31.94,115.96,10.0,17.4
5.0,3.0,-31.94,115.96,10.0,12.1
5.0,12.0,-31.94,115.96,10.0,17.8
5.0,9.0,-31.94,115.96,10.0,14.2
5.0,15.0,-31.94,115.96,10.0,17.2
5.0,3.0,-31.94,115.96,10.0,11.6
5.0,12.0,-31.94,115.96,10.0,21.2
5.0,9.0,-31.94,115.96,10.0,15.2
5.0,15.0,-31.94,115.96,10.0,20.4
5.0,3.0,-31.94,115.96,10.0,8.3
5.0,12.0,-31.94,115.96,10.0,22.5
5.0,9.0,-31.94,115.96,10.0,14.4
5.0,15.0,-31.94,115.96,10.0,21.6
5.0,3.0,-31.94,115.96,10.0,9.7
5.0,12.0,-31.94,115.96,10.0,19.9
5.0,9.0,-31.94,115.96,10.0,15.9
5.0,15.0,-31.94,115.96,10.0,18.1
5.0,3.0,-31.94,115.96,10.0,7.1
5.0,12.0,-31.94,115.96,10.0,18.5
5.0,9.0,-31.94,115.96,10.0,13.8
5.0,15.0,-31.94,115.96,10.0,18.0
5.0,3.0,-31.94,115.96,10.0,4.7
5.0,12.0,-31.94,115.96,10.0,19.5
5.0,9.0,-31.94,115.96,10.0,12.0
5.0,15.0,-31.94,115.96,10.0,19.0
5.0,3.0,-31.94,115.96,10.0,7.6
5.0,12.0,-31.94,115.96,10.0,21.4
5.0,9.0,-31.94,115.96,10.0,11.8
5.0,15.0,-31.94,115.96,10.0,21.2
5.0,3.0,-31.94,115.96,10.0,11.4
5.0,12.0,-31.94,115.96,10.0,25.4
5.0,9.0,-31.94,115.96,10.0,16.5
5.0,15.0,-31.94,115.96,10.0,23.7
5.0,3.0,-31.94,115.96,10.0,7.7
5.0,12.0,-31.94,115.96,10.0,25.7
5.0,9.0,-31.94,115.96,10.0,16.1
5.0,15.0,-31.94,115.96,10.0,24.9
