12.0,3.0,-31.94,115.96,10.0,11.0
12.0,12.0,-31.94,115.96,10.0,25.2
12.0,9.0,-31.94,115.96,10.0,20.0
12.0,15.0,-31.94,115.96,10.0,23.2
12.0,3.0,-31.94,115.96,10.0,13.3
12.0,12.0,-31.94,115.96,10.0,29.1
12.0,9.0,-31.94,115.96,10.0,21.5
12.0,15.0,-31.94,115.96,10.0,26.5
12.0,3.0,-31.94,115.96,10.0,13.7
12.0,12.0,-31.94,115.96,10.0,23.5
12.0,9.0,-31.94,115.96,10.0,20.9
12.0,15.0,-31.94,115.96,10.0,21.8
12.0,3.0,-31.94,115.96,10.0,13.7
12.0,12.0,-31.94,115.96,10.0,24.5
12.0,9.0,-31.94,115.96,10.0,18.4
12.0,15.0,-31.94,115.96,10.0,22.2
12.0,3.0,-31.94,115.96,10.0,11.6
12.0,12.0,-31.94,115.96,10.0,24.8
12.0,9.0,-31.94,115.96,10.0,19.3
12.0,15.0,-31.94,115.96,10.0,23.2
12.0,3.0,-31.94,115.96,10.0,10.7
12.0,12.0,-31.94,115.96,10.0,25.5
12.0,9.0,-31.94,115.96,10.0,21.6
12.0,15.0,-31.94,115.96,10.0,23.6
12.0,3.0,-31.94,115.96,10.0,17.3
12.0,12.0,-31.94,115.96,10.0,24.6
12.0,9.0,-31.94,115.96,10.0,21.2
12.0,15.0,-31.94,115.96,10.0,23.2
12.0,3.0,-31.94,115.96,10.0,13.4
12.0,12.0,-31.94,115.96,10.0,30.9
12.0,9.0,-31.94,115.96,10.0,20.5
12.0,15.0,-31.94,115.96,10.0,29.7
12.0,3.0,-31.94,115.96,10.0,13.5
12.0,12.0,-31.94,115.96,10.0,36.0
12.0,9.0,-31.94,115.96,10.0,27.1
12.0,15.0,-31.94,115.96,10.0,34.2
12.0,3.0,-31.94,115.96,10.0,15.3
12.0,12.0,-31.94,115.96,10.0,39.1
12.0,9.0,-31.94,115.96,10.0,33.3
12.0,15.0,-31.94,115.96,10.0,30.9
12.0,3.0,-31.94,115.96,10.0,16.2
12.0,12.0,-31.94,115.96,10.0,30.7
12.0,9.0,-31.94,115.96,10.0,23.7
12.0,15.0,-31.94,115.96,10.0,27.6
12.0,3.0,-31.94,115.96,10.0,17.8
12.0,12.0,-31.94,115.96,10.0,24.7
12.0,9.0,-31.94,115.96,10.0,20.0
12.0,15.0,-31.94,115.96,10.0,21.5
12.0,3.0,-31.94,115.96,10.0,14.9
12.0,12.0,-31.94,115.96,10.0,26.4
12.0,9.0,-31.94,115.96,10.0,19.1
12.0,15.0,-31.94,115.96,10.0,25.1
12.0,3.0,-31.94,115.96,10.0,15.1
12.0,12.0,-31.94,115.96,10.0,31.2
12.0,9.0,-31.94,115.96,10.0,22.4
12.0,15.0,-31.94,115.96,10.0,30.3
12.0,3.0,-31.94,115.96,10.0,17.2
12.0,12.0,-31.94,115.96,10.0,33.8
12.0,9.0,-31.94,115.96,10.0,27.7
12.0,15.0,-31.94,115.96,10.0,31.9
12.0,3.0,-31.94,115.96,10.0,17.3
12.0,12.0,-31.94,115.96,10.0,30.9
12.0,9.0,-31.94,115.96,10.0,22.0
12.0,15.0,-31.94,115.96,10.0,30.6
12.0,3.0,-31.94,115.96,10.0,14.1
12.0,12.0,-31.94,115.96,10.0,30.7
12.0,9.0,-31.94,115.96,10.0,21.7
12.0,15.0,-31.94,115.96,10.0,28.0
12.0,3.0,-31.94,115.96,10.0,14.7
12.0,12.0,-31.94,115.96,10.0,25.9
12.0,9.0,-31.94,115.96,10.0,21.8
12.0,15.0,-31.94,115.96,10.0,24.5
12.0,3.0,-31.94,115.96,10.0,13.7
12.0,12.0,-31.94,115.96,10.0,28.0
12.0,9.0,-31.94,115.96,10.0,21.4
12.0,15.0,-31.94,115.96,10.0,26.4
12.0,3.0,-31.94,115.96,10.0,15.8
12.0,12.0,-31.94,115.96,10.0,34.4
12.0,9.0,-31.94,115.96,10.0,23.7
12.0,15.0,-31.94,115.96,10.0,33.5
12.0,3.0,-31.94,115.96,10.0,20.1
12.0,12.0,-31.94,115.96,10.0,42.8
12.0,9.0,-31.94,115.96,10.0,30.6
12.0,15.0,-31.94,115.96,10.0,41.9
12.0,3.0,-31.94,115.96,10.0,20.2
12.0,12.0,-31.94,115.96,10.0,27.7
12.0,9.0,-31.94,115.96,10.0,21.6
12.0,15.0,-31.94,115.96,10.0,26.5
12.0,3.0,-31.94,115.96,10.0,15.7
12.0,12.0,-31.94,115.96,10.0,34.1
12.0,9.0,-31.94,115.96,10.0,26.9
12.0,15.0,-31.94,115.96,10.0,32.6
12.0,3.0,-31.94,115.96,10.0,16.6
12.0,12.0,-31.94,115.96,10.0,31.4
12.0,9.0,-31.94,115.96,10.0,25.2
12.0,15.0,-31.94,115.96,10.0,28.7
12.0,3.0,-31.94,115.96,10.0,17.8
12.0,12.0,-31.94,115.96,10.0,34.0
12.0,9.0,-31.94,115.96,10.0,24.1
12.0,15.0,-31.94,115.96,10.0,32.8
12.0,3.0,-31.94,115.96,10.0,16.2
12.0,12.0,-31.94,115.96,10.0,33.8
12.0,9.0,-31.94,115.96,10.0,25.8
12.0,15.0,-31.94,115.96,10.0,26.2
12.0,3.0,-31.94,115.96,10.0,16.3
12.0,12.0,-31.94,115.96,10.0,23.2
12.0,9.0,-31.94,115.96,10.0,20.1
12.0,15.0,-31.94,115.96,10.0,21.7
12.0,3.0,-31.94,115.96,10.0,8.9
12.0,12.0,-31.94,115.96,10.0,23.5
12.0,9.0,-31.94,115.96,10.0,19.4
12.0,15.0,-31.94,115.96,10.0,22.7
12.0,3.0,-31.94,115.96,10.0,9.5
12.0,12.0,-31.94,115.96,10.0,24.8
12.0,9.0,-31.94,115.96,10.0,19.2
12.0,15.0,-31.94,115.96,10.0,23.5
12.0,3.0,-31.94,115.96,10.0,10.6
12.0,12.0,-31.94,115.96,10.0,24.2
12.0,9.0,-31.94,115.96,10.0,20.0
12.0,15.0,-31.94,115.96,10.0,23.5
12.0,3.0,-31.94,115.96,10.0,12.1
12.0,12.0,-31.94,115.96,10.0,28.9
12.0,9.0,-31.94,115.96,10.0,20.3
12.0,15.0,-31.94,115.96,10.0,27.4
