4.0,3.0,-31.94,115.96,10.0,14.7
4.0,12.0,-31.94,115.96,10.0,30.1
4.0,9.0,-31.94,115.96,10.0,19.6
4.0,15.0,-31.94,115.96,10.0,30.1
4.0,3.0,-31.94,115.96,10.0,17.1
4.0,12.0,-31.94,115.96,10.0,31.7
4.0,9.0,-31.94,115.96,10.0,23.5
4.0,15.0,-31.94,115.96,10.0,31.0
4.0,3.0,-31.94,115.96,10.0,11.1
4.0,12.0,-31.94,115.96,10.0,32.6
4.0,9.0,-31.94,115.96,10.0,23.6
4.0,15.0,-31.94,115.96,10.0,32.2
4.0,3.0,-31.94,115.96,10.0,15.9
4.0,12.0,-31.94,115.96,10.0,31.0
4.0,9.0,-31.94,115.96,10.0,19.5
4.0,15.0,-31.94,115.96,10.0,30.6
4.0,3.0,-31.94,115.96,10.0,12.6
4.0,12.0,-31.94,115.96,10.0,30.6
4.0,9.0,-31.94,115.96,10.0,22.0
4.0,15.0,-31.94,115.96,10.0,29.6
4.0,3.0,-31.94,115.96,10.0,10.3
4.0,12.0,-31.94,115.96,10.0,25.2
4.0,9.0,-31.94,115.96,10.0,18.0
4.0,15.0,-31.94,115.96,10.0,24.0
4.0,3.0,-31.94,115.96,10.0,14.3
4.0,12.0,-31.94,115.96,10.0,23.0
4.0,9.0,-31.94,115.96,10.0,17.3
4.0,15.0,-31.94,115.96,10.0,21.2
4.0,3.0,-31.94,115.96,10.0,7.9
4.0,12.0,-31.94,115.96,10.0,24.4
4.0,9.0,-31.94,115.96,10.0,16.7
4.0,15.0,-31.94,115.96,10.0,23.4
4.0,3.0,-31.94,115.96,10.0,9.9
4.0,12.0,-31.94,115.96,10.0,27.3
4.0,9.0,-31.94,115.96,10.0,17.7
4.0,15.0,-31.94,115.96,10.0,27.2
4.0,3.0,-31.94,115.96,10.0,14.3
4.0,12.0,-31.94,115.96,10.0,29.7
4.0,9.0,-31.94,115.96,10.0,19.1
4.0,15.0,-31.94,115.96,10.0,29.3
4.0,3.0,-31.94,115.96,10.0,13.2
4.0,12.0,-31.94,115.96,10.0,28.5
4.0,9.0,-31.94,115.96,10.0,21.0
4.0,15.0,-31.94,115.96,10.0,26.6
4.0,3.0,-31.94,115.96,10.0,7.2
4.0,12.0,-31.94,115.96,10.0,24.8
4.0,9.0,-31.94,115.96,10.0,17.6
4.0,15.0,-31.94,115.96,10.0,23.6
4.0,3.0,-31.94,115.96,10.0,12.9
4.0,12.0,-31.94,115.96,10.0,28.0
4.0,9.0,-31.94,115.96,10.0,20.1
4.0,15.0,-31.94,115.96,10.0,27.2
4.0,3.0,-31.94,115.96,10.0,13.5
4.0,12.0,-31.94,115.96,10.0,29.4
4.0,9.0,-31.94,115.96,10.0,18.7
4.0,15.0,-31.94,115.96,10.0,28.6
4.0,3.0,-31.94,115.96,10.0,11.9
4.0,12.0,-31.94,115.96,10.0,30.1
4.0,9.0,-31.94,115.96,10.0,18.6
4.0,15.0,-31.94,115.96,10.0,29.4
4.0,3.0,-31.94,115.96,10.0,17.4
4.0,12.0,-31.94,115.96,10.0,26.4
4.0,9.0,-31.94,115.96,10.0,18.9
4.0,15.0,-31.94,115.96,10.0,26.0
4.0,3.0,-31.94,115.96,10.0,14.5
4.0,12.0,-31.94,115.96,10.0,22.2
4.0,9.0,-31.94,115.96,10.0,16.9
4.0,15.0,-31.94,115.96,10.0,21.4
4.0,3.0,-31.94,115.96,10.0,11.4
4.0,12.0,-31.94,115.96,10.0,24.4
4.0,9.0,-31.94,115.96,10.0,19.9
4.0,15.0,-31.94,115.96,10.0,23.3
4.0,3.0,-31.94,115.96,10.0,11.8
4.0,12.0,-31.94,115.96,10.0,25.8
4.0,9.0,-31.94,115.96,10.0,17.4
4.0,15.0,-31.94,115.96,10.0,24.1
4.0,3.0,-31.94,115.96,10.0,9.1
4.0,12.0,-31.94,115.96,10.0,29.2
4.0,9.0,-31.94,115.96,10.0,19.9
4.0,15.0,-31.94,115.96,10.0,28.3
4.0,3.0,-31.94,115.96,10.0,11.2
4.0,12.0,-31.94,115.96,10.0,29.6
4.0,9.0,-31.94,115.96,10.0,21.6
4.0,15.0,-31.94,115.96,10.0,28.0
4.0,3.0,-31.94,115.96,10.0,15.1
4.0,12.0,-31.94,115.96,10.0,28.7
4.0,9.0,-31.94,115.96,10.0,21.7
4.0,15.0,-31.94,115.96,10.0,28.4
4.0,3.0,-31.94,115.96,10.0,16.7
4.0,12.0,-31.94,115.96,10.0,28.6
4.0,9.0,-31.94,115.96,10.0,20.9
4.0,15.0,-31.94,115.96,10.0,27.9
4.0,3.0,-31.94,115.96,10.0,14.5
4.0,12.0,-31.94,115.96,10.0,27.0
4.0,9.0,-31.94,115.96,10.0,18.8
4.0,15.0,-31.94,115.96,10.0,25.1
4.0,3.0,-31.94,115.96,10.0,12.1
4.0,12.0,-31.94,115.96,10.0,24.6
4.0,9.0,-31.94,115.96,10.0,16.6
4.0,15.0,-31.94,115.96,10.0,24.1
4.0,3.0,-31.94,115.96,10.0,6.5
4.0,12.0,-31.94,115.96,10.0,25.9
4.0,9.0,-31.94,115.96,10.0,17.6
4.0,15.0,-31.94,115.96,10.0,25.1
4.0,3.0,-31.94,115.96,10.0,12.4
4.0,12.0,-31.94,115.96,10.0,26.3
4.0,9.0,-31.94,115.96,10.0,18.5
4.0,15.0,-31.94,115.96,10.0,25.3
4.0,3.0,-31.94,115.96,10.0,9.3
4.0,12.0,-31.94,115.96,10.0,26.8
4.0,9.0,-31.94,115.96,10.0,19.1
4.0,15.0,-31.94,115.96,10.0,26.4
4.0,3.0,-31.94,115.96,10.0,6.8
4.0,12.0,-31.94,115.96,10.0,27.6
4.0,9.0,-31.94,115.96,10.0,18.1
4.0,15.0,-31.94,115.96,10.0,26.8
4.0,3.0,-31.94,115.96,10.0,6.2
4.0,12.0,-31.94,115.96,10.0,25.2
4.0,9.0,-31.94,115.96,10.0,15.7
4.0,15.0,-31.94,115.96,10.0,23.2
