6.0,3.0,-31.94,115.96,10.0,7.4
6.0,12.0,-31.94,115.96,10.0,23.3
6.0,9.0,-31.94,115.96,10.0,12.1
6.0,15.0,-31.94,115.96,10.0,22.5
6.0,3.0,-31.94,115.96,10.0,8.3
6.0,12.0,-31.94,115.96,10.0,24.2
6.0,9.0,-31.94,115.96,10.0,14.7
6.0,15.0,-31.94,115.96,10.0,22.5
6.0,3.0,-31.94,115.96,10.0,9.1
6.0,12.0,-31.94,115.96,10.0,23.1
6.0,9.0,-31.94,115.96,10.0,14.7
6.0,15.0,-31.94,115.96,10.0,22.9
6.0,3.0,-31.94,115.96,10.0,12.8
6.0,12.0,-31.94,115.96,10.0,22.6
6.0,9.0,-31.94,115.96,10.0,16.3
6.0,15.0,-31.94,115.96,10.0,22.5
6.0,3.0,-31.94,115.96,10.0,10.1
6.0,12.0,-31.94,115.96,10.0,25.3
6.0,9.0,-31.94,115.96,10.0,15.0
6.0,15.0,-31.94,115.96,10.0,24.9
6.0,3.0,-31.94,115.96,10.0,9.2
6.0,12.0,-31.94,115.96,10.0,25.2
6.0,9.0,-31.94,115.96,10.0,17.9
6.0,15.0,-31.94,115.96,10.0,24.5
6.0,3.0,-31.94,115.96,10.0,5.0
6.0,12.0,-31.94,115.96,10.0,22.8
6.0,9.0,-31.94,115.96,10.0,12.4
6.0,15.0,-31.94,115.96,10.0,22.5
6.0,3.0,-31.94,115.96,10.0,9.9
6.0,12.0,-31.94,115.96,10.0,22.5
6.0,9.0,-31.94,115.96,10.0,13.0
6.0,15.0,-31.94,115.96,10.0,22.1
6.0,3.0,-31.94,115.96,10.0,7.7
6.0,12.0,-31.94,115.96,10.0,24.1
6.0,9.0,-31.94,115.96,10.0,15.8
6.0,15.0,-31.94,115.96,10.0,23.8
6.0,3.0,-31.94,115.96,10.0,7.7
6.0,12.0,-31.94,115.96,10.0,20.8
6.0,9.0,-31.94,115.96,10.0,14.7
6.0,15.0,-31.94,115.96,10.0,20.4
6.0,3.0,-31.94,115.96,10.0,11.4
6.0,12.0,-31.94,115.96,10.0,23.5
6.0,9.0,-31.94,115.96,10.0,13.6
6.0,15.0,-31.94,115.96,10.0,23.4
6.0,3.0,-31.94,115.96,10.0,10.1
6.0,12.0,-31.94,115.96,10.0,24.0
6.0,9.0,-31.94,115.96,10.0,16.7
6.0,15.0,-31.94,115.96,10.0,23.7
6.0,3.0,-31.94,115.96,10.0,10.8
6.0,12.0,-31.94,115.96,10.0,24.8
6.0,9.0,-31.94,115.96,10.0,15.0
6.0,15.0,-31.94,115.96,10.0,22.4
6.0,3.0,-31.94,115.96,10.0,12.1
6.0,12.0,-31.94,115.96,10.0,20.4
6.0,9.0,-31.94,115.96,10.0,14.2
6.0,15.0,-31.94,115.96,10.0,19.4
6.0,3.0,-31.94,115.96,10.0,9.9
6.0,12.0,-31.94,115.96,10.0,19.3
6.0,9.0,-31.94,115.96,10.0,14.7
6.0,15.0,-31.94,115.96,10.0,18.1
6.0,3.0,-31.94,115.96,10.0,6.6
6.0,12.0,-31.94,115.96,10.0,20.8
6.0,9.0,-31.94,115.96,10.0,12.1
6.0,15.0,-31.94,115.96,10.0,20.2
6.0,3.0,-31.94,115.96,10.0,5.0
6.0,12.0,-31.94,115.96,10.0,21.7
6.0,9.0,-31.94,115.96,10.0,13.1
6.0,15.0,-31.94,115.96,10.0,21.5
6.0,3.0,-31.94,115.96,10.0,10.0
6.0,12.0,-31.94,115.96,10.0,23.3
6.0,9.0,-31.94,115.96,10.0,14.1
6.0,15.0,-31.94,115.96,10.0,22.4
6.0,3.0,-31.94,115.96,10.0,7.8
6.0,12.0,-31.94,115.96,10.0,22.9
6.0,9.0,-31.94,115.96,10.0,12.9
6.0,15.0,-31.94,115.96,10.0,22.2
6.0,3.0,-31.94,115.96,10.0,10.6
6.0,12.0,-31.94,115.96,10.0,23.0
6.0,9.0,-31.94,115.96,10.0,14.0
6.0,15.0,-31.94,115.96,10.0,21.5
6.0,3.0,-31.94,115.96,10.0,9.9
6.0,12.0,-31.94,115.96,10.0,20.7
6.0,9.0,-31.94,115.96,10.0,13.8
6.0,15.0,-31.94,115.96,10.0,19.2
6.0,3.0,-31.94,115.96,10.0,12.6
6.0,12.0,-31.94,115.96,10.0,16.6
6.0,9.0,-31.94,115.96,10.0,16.2
6.0,15.0,-31.94,115.96,10.0,15.7
6.0,3.0,-31.94,115.96,10.0,13.4
6.0,12.0,-31.94,115.96,10.0,19.2
6.0,9.0,-31.94,115.96,10.0,15.5
6.0,15.0,-31.94,115.96,10.0,19.0
6.0,3.0,-31.94,115.96,10.0,11.0
6.0,12.0,-31.94,115.96,10.0,18.4
6.0,9.0,-31.94,115.96,10.0,13.7
6.0,15.0,-31.94,115.96,10.0,17.5
6.0,3.0,-31.94,115.96,10.0,4.9
6.0,12.0,-31.94,115.96,10.0,16.8
6.0,9.0,-31.94,115.96,10.0,12.0
6.0,15.0,-31.94,115.96,10.0,16.2
6.0,3.0,-31.94,115.96,10.0,2.8
6.0,12.0,-31.94,115.96,10.0,18.2
6.0,9.0,-31.94,115.96,10.0,9.6
6.0,15.0,-31.94,115.96,10.0,17.5
6.0,3.0,-31.94,115.96,10.0,3.8
6.0,12.0,-31.94,115.96,10.0,18.9
6.0,9.0,-31.94,115.96,10.0,11.4
6.0,15.0,-31.94,115.96,10.0,18.3
6.0,3.0,-31.94,115.96,10.0,7.2
6.0,12.0,-31.94,115.96,10.0,18.6
6.0,9.0,-31.94,115.96,10.0,10.4
6.0,15.0,-31.94,115.96,10.0,18.4
6.0,3.0,-31.94,115.96,10.0,6.8
6.0,12.0,-31.94,115.96,10.0,19.2
6.0,9.0,-31.94,115.96,10.0,12.0
6.0,15.0,-31.94,115.96,10.0,18.8
6.0,3.0,-31.94,115.96,10.0,3.6
6.0,12.0,-31.94,115.96,10.0,19.7
6.0,9.0,-31.94,115.96,10.0,13.2
6.0,15.0,-31.94,115.96,10.0,16.8
