9.0,9.0,-33.87,151.21,55.0,1020.3
9.0,15.0,-33.87,151.21,55.0,1015.3
9.0,9.0,-33.87,151.21,55.0,1011.6
9.0,15.0,-33.87,151.21,55.0,1006.0
9.0,9.0,-33.87,151.21,55.0,998.3
9.0,15.0,-33.87,151.21,55.0,1004.3
9.0,9.0,-33.87,151.21,55.0,1021.6
9.0,15.0,-33.87,151.21,55.0,1022.0
9.0,9.0,-33.87,151.21,55.0,1030.4
9.0,15.0,-33.87,151.21,55.0,1027.1
9.0,9.0,-33.87,151.21,55.0,1030.4
9.0,15.0,-33.87,151.21,55.0,1026.3
9.0,9.0,-33.87,151.21,55.0,1031.7
9.0,15.0,-33.87,151.21,55.0,1029.3
9.0,9.0,-33.87,151.21,55.0,1029.7
9.0,15.0,-33.87,151.21,55.0,1024.8
9.0,9.0,-33.87,151.21,55.0,1021.9
9.0,15.0,-33.87,151.21,55.0,1015.9
9.0,9.0,-33.87,151.21,55.0,1012.7
9.0,15.0,-33.87,151.21,55.0,1010.9
9.0,9.0,-33.87,151.21,55.0,1019.0
9.0,15.0,-33.87,151.21,55.0,1017.1
9.0,9.0,-33.87,151.21,55.0,1021.5
9.0,15.0,-33.87,151.21,55.0,1018.5
9.0,9.0,-33.87,151.21,55.0,1021.4
9.0,15.0,-33.87,151.21,55.0,1017.8
9.0,9.0,-33.87,151.21,55.0,1014.1
9.0,15.0,-33.87,151.21,55.0,1008.4
9.0,9.0,-33.87,151.21,55.0,1009.8
9.0,15.0,-33.87,151.21,55.0,1007.5
9.0,9.0,-33.87,151.21,55.0,1016.5
9.0,15.0,-33.87,151.21,55.0,1015.5
9.0,9.0,-33.87,151.21,55.0,1022.0
9.0,15.0,-33.87,151.21,55.0,1018.0
9.0,9.0,-33.87,151.21,55.0,1012.6
9.0,15.0,-33.87,151.21,55.0,1005.7
9.0,9.0,-33.87,151.21,55.0,1008.5
9.0,15.0,-33.87,151.21,55.0,1008.7
9.0,9.0,-33.87,151.21,55.0,1018.9
9.0,15.0,-33.87,151.21,55.0,1016.0
9.0,9.0,-33.87,151.21,55.0,1012.5
9.0,15.0,-33.87,151.21,55.0,1007.5
9.0,9.0,-33.87,151.21,55.0,1006.9
9.0,15.0,-33.87,151.21,55.0,1005.9
9.0,9.0,-33.87,151.21,55.0,1011.7
9.0,15.0,-33.87,151.21,55.0,1010.7
9.0,9.0,-33.87,151.21,55.0,1012.6
9.0,15.0,-33.87,151.21,55.0,1007.9
9.0,9.0,-33.87,151.21,55.0,1006.7
9.0,15.0,-33.87,151.21,55.0,1006.1
9.0,9.0,-33.87,151.21,55.0,1013.0
9.0,15.0,-33.87,151.21,55.0,1009.0
9.0,9.0,-33.87,151.21,55.0,1009.7
9.0,15.0,-33.87,151.21,55.0,1006.8
9.0,9.0,-33.87,151.21,55.0,1014.7
9.0,15.0,-33.87,151.21,55.0,1011.3
9.0,9.0,-33.87,151.21,55.0,1000.5
9.0,15.0,-33.87,151.21,55.0,994.0
9.0,9.0,-33.87,151.21,55.0,999.1
9.0,15.0,-33.87,151.21,55.0,998.3
