8.0,9.0,-33.87,151.21,55.0,1017.2
8.0,15.0,-33.87,151.21,55.0,1013.0
8.0,9.0,-33.87,151.21,55.0,1013.7
8.0,15.0,-33.87,151.21,55.0,1013.9
8.0,9.0,-33.87,151.21,55.0,1018.0
8.0,15.0,-33.87,151.21,55.0,1017.7
8.0,9.0,-33.87,151.21,55.0,1024.3
8.0,15.0,-33.87,151.21,55.0,1025.1
8.0,9.0,-33.87,151.21,55.0,1030.4
8.0,15.0,-33.87,151.21,55.0,1028.3
8.0,9.0,-33.87,151.21,55.0,1029.0
8.0,15.0,-33.87,151.21,55.0,1026.8
8.0,9.0,-33.87,151.21,55.0,1027.4
8.0,15.0,-33.87,151.21,55.0,1024.7
8.0,9.0,-33.87,151.21,55.0,1026.4
8.0,15.0,-33.87,151.21,55.0,1022.9
8.0,9.0,-33.87,151.21,55.0,1023.1
8.0,15.0,-33.87,151.21,55.0,1017.9
8.0,9.0,-33.87,151.21,55.0,1015.6
8.0,15.0,-33.87,151.21,55.0,1011.4
8.0,9.0,-33.87,151.21,55.0,1018.4
8.0,15.0,-33.87,151.21,55.0,1017.0
8.0,9.0,-33.87,151.21,55.0,1024.4
8.0,15.0,-33.87,151.21,55.0,1019.8
8.0,9.0,-33.87,151.21,55.0,1022.5
8.0,15.0,-33.87,151.21,55.0,1020.2
8.0,9.0,-33.87,151.21,55.0,1027.7
8.0,15.0,-33.87,151.21,55.0,1027.2
8.0,9.0,-33.87,151.21,55.0,1032.7
8.0,15.0,-33.87,151.21,55.0,1029.7
8.0,9.0,-33.87,151.21,55.0,1031.0
8.0,15.0,-33.87,151.21,55.0,1025.8
8.0,9.0,-33.87,151.21,55.0,1026.3
8.0,15.0,-33.87,151.21,55.0,1022.1
8.0,9.0,-33.87,151.21,55.0,1024.5
8.0,15.0,-33.87,151.21,55.0,1020.7
8.0,9.0,-33.87,151.21,55.0,1020.1
8.0,15.0,-33.87,151.21,55.0,1013.9
8.0,9.0,-33.87,151.21,55.0,1015.3
8.0,15.0,-33.87,151.21,55.0,1013.8
8.0,9.0,-33.87,151.21,55.0,1019.8
8.0,15.0,-33.87,151.21,55.0,1016.4
8.0,9.0,-33.87,151.21,55.0,1016.8
8.0,15.0,-33.87,151.21,55.0,1015.0
8.0,9.0,-33.87,151.21,55.0,1014.4
8.0,15.0,-33.87,151.21,55.0,1013.5
8.0,9.0,-33.87,151.21,55.0,1013.3
8.0,15.0,-33.87,151.21,55.0,1007.5
8.0,9.0,-33.87,151.21,55.0,1010.2
8.0,15.0,-33.87,151.21,55.0,1010.6
8.0,9.0,-33.87,151.21,55.0,1018.7
8.0,15.0,-33.87,151.21,55.0,1017.6
8.0,9.0,-33.87,151.21,55.0,1023.6
8.0,15.0,-33.87,151.21,55.0,1020.3
8.0,9.0,-33.87,151.21,55.0,1022.9
8.0,15.0,-33.87,151.21,55.0,1020.9
8.0,9.0,-33.87,151.21,55.0,1027.4
8.0,15.0,-33.87,151.21,55.0,1025.0
8.0,9.0,-33.87,151.21,55.0,1026.9
8.0,15.0,-33.87,151.21,55.0,1023.1
8.0,9.0,-33.87,151.21,55.0,1018.7
8.0,15.0,-33.87,151.21,55.0,1013.9
