1.0,9.0,-33.87,151.21,55.0,1007.4
1.0,15.0,-33.87,151.21,55.0,1005.5
1.0,9.0,-33.87,151.21,55.0,1009.9
1.0,15.0,-33.87,151.21,55.0,1011.8
1.0,9.0,-33.87,151.21,55.0,1018.5
1.0,15.0,-33.87,151.21,55.0,1018.3
1.0,9.0,-33.87,151.21,55.0,1021.4
1.0,15.0,-33.87,151.21,55.0,1020.0
1.0,9.0,-33.87,151.21,55.0,1019.0
1.0,15.0,-33.87,151.21,55.0,1017.2
1.0,9.0,-33.87,151.21,55.0,1018.3
1.0,15.0,-33.87,151.21,55.0,1017.5
1.0,9.0,-33.87,151.21,55.0,1018.4
1.0,15.0,-33.87,151.21,55.0,1015.0
1.0,9.0,-33.87,151.21,55.0,1013.5
1.0,15.0,-33.87,151.21,55.0,1010.0
1.0,9.0,-33.87,151.21,55.0,1011.5
1.0,15.0,-33.87,151.21,55.0,1009.2
1.0,9.0,-33.87,151.21,55.0,1012.0
1.0,15.0,-33.87,151.21,55.0,1008.1
1.0,9.0,-33.87,151.21,55.0,1007.6
1.0,15.0,-33.87,151.21,55.0,1003.4
1.0,9.0,-33.87,151.21,55.0,1012.4
1.0,15.0,-33.87,151.21,55.0,1010.7
1.0,9.0,-33.87,151.21,55.0,1008.9
1.0,15.0,-33.87,151.21,55.0,1001.3
1.0,9.0,-33.87,151.21,55.0,1003.4
1.0,15.0,-33.87,151.21,55.0,1003.2
1.0,9.0,-33.87,151.21,55.0,1015.1
1.0,15.0,-33.87,151.21,55.0,1015.7
1.0,9.0,-33.87,151.21,55.0,1017.1
1.0,15.0,-33.87,151.21,55.0,1013.9
1.0,9.0,-33.87,151.21,55.0,1013.6
1.0,15.0,-33.87,151.21,55.0,1008.3
1.0,9.0,-33.87,151.21,55.0,1005.4
1.0,15.0,-33.87,151.21,55.0,1006.8
1.0,9.0,-33.87,151.21,55.0,1015.3
1.0,15.0,-33.87,151.21,55.0,1013.7
1.0,9.0,-33.87,151.21,55.0,1001.1
1.0,15.0,-33.87,151.21,55.0,994.3
1.0,9.0,-33.87,151.21,55.0,1010.5
1.0,15.0,-33.87,151.21,55.0,1012.2
1.0,9.0,-33.87,151.21,55.0,1017.9
1.0,15.0,-33.87,151.21,55.0,1015.8
1.0,9.0,-33.87,151.21,55.0,1014.9
1.0,15.0,-33.87,151.21,55.0,1010.1
1.0,9.0,-33.87,151.21,55.0,1007.4
1.0,15.0,-33.87,151.21,55.0,1008.4
1.0,9.0,-33.87,151.21,55.0,1020.5
1.0,15.0,-33.87,151.21,55.0,1018.0
1.0,9.0,-33.87,151.21,55.0,1015.9
1.0,15.0,-33.87,151.21,55.0,1014.9
1.0,9.0,-33.87,151.21,55.0,1018.5
1.0,15.0,-33.87,151.21,55.0,1016.9
1.0,9.0,-33.87,151.21,55.0,1015.9
1.0,15.0,-33.87,151.21,55.0,1012.2
1.0,9.0,-33.87,151.21,55.0,1016.8
1.0,15.0,-33.87,151.21,55.0,1015.4
1.0,9.0,-33.87,151.21,55.0,1012.5
1.0,15.0,-33.87,151.21,55.0,1008.0
1.0,9.0,-33.87,151.21,55.0,1008.1
1.0,15.0,-33.87,151.21,55.0,1009.7
