5.0,9.0,-33.87,151.21,55.0,1019.5
5.0,15.0,-33.87,151.21,55.0,1014.9
5.0,9.0,-33.87,151.21,55.0,1017.5
5.0,15.0,-33.87,151.21,55.0,1016.0
5.0,9.0,-33.87,151.21,55.0,1027.0
5.0,15.0,-33.87,151.21,55.0,1027.3
5.0,9.0,-33.87,151.21,55.0,1031.6
5.0,15.0,-33.87,151.21,55.0,1029.4
5.0,9.0,-33.87,151.21,55.0,1031.2
5.0,15.0,-33.87,151.21,55.0,1027.8
5.0,9.0,-33.87,151.21,55.0,1025.9
5.0,15.0,-33.87,151.21,55.0,1021.1
5.0,9.0,-33.87,151.21,55.0,1023.6
5.0,15.0,-33.87,151.21,55.0,1023.2
5.0,9.0,-33.87,151.21,55.0,1027.9
5.0,15.0,-33.87,151.21,55.0,1025.1
5.0,9.0,-33.87,151.21,55.0,1026.9
5.0,15.0,-33.87,151.21,55.0,1024.0
5.0,9.0,-33.87,151.21,55.0,1025.1
5.0,15.0,-33.87,151.21,55.0,1021.9
5.0,9.0,-33.87,151.21,55.0,1024.7
5.0,15.0,-33.87,151.21,55.0,1022.9
5.0,9.0,-33.87,151.21,55.0,1027.0
5.0,15.0,-33.87,151.21,55.0,1024.5
5.0,9.0,-33.87,151.21,55.0,1024.9
5.0,15.0,-33.87,151.21,55.0,1021.7
5.0,9.0,-33.87,151.21,55.0,1021.9
5.0,15.0,-33.87,151.21,55.0,1019.2
5.0,9.0,-33.87,151.21,55.0,1017.1
5.0,15.0,-33.87,151.21,55.0,1014.0
5.0,9.0,-33.87,151.21,55.0,1017.9
5.0,15.0,-33.87,151.21,55.0,1016.5
5.0,9.0,-33.87,151.21,55.0,1023.4
5.0,15.0,-33.87,151.21,55.0,1021.3
5.0,9.0,-33.87,151.21,55.0,1027.0
5.0,15.0,-33.87,151.21,55.0,1024.7
5.0,9.0,-33.87,151.21,55.0,1025.3
5.0,15.0,-33.87,151.21,55.0,1020.9
5.0,9.0,-33.87,151.21,55.0,1017.9
5.0,15.0,-33.87,151.21,55.0,1015.4
5.0,9.0,-33.87,151.21,55.0,1021.0
5.0,15.0,-33.87,151.21,55.0,1019.3
5.0,9.0,-33.87,151.21,55.0,1024.7
5.0,15.0,-33.87,151.21,55.0,1021.9
5.0,9.0,-33.87,151.21,55.0,1022.1
5.0,15.0,-33.87,151.21,55.0,1017.2
5.0,9.0,-33.87,151.21,55.0,1014.7
5.0,15.0,-33.87,151.21,55.0,1012.7
5.0,9.0,-33.87,151.21,55.0,1021.3
5.0,15.0,-33.87,151.21,55.0,1018.9
5.0,9.0,-33.87,151.21,55.0,1021.7
5.0,15.0,-33.87,151.21,55.0,1019.7
5.0,9.0,-33.87,151.21,55.0,1021.8
5.0,15.0,-33.87,151.21,55.0,1017.6
5.0,9.0,-33.87,151.21,55.0,1013.2
5.0,15.0,-33.87,151.21,55.0,1009.0
5.0,9.0,-33.87,151.21,55.0,1017.8
5.0,15.0,-33.87,151.21,55.0,1018.6
5.0,9.0,-33.87,151.21,55.0,1023.1
5.0,15.0,-33.87,151.21,55.0,1020.1
5.0,9.0,-33.87,151.21,55.0,1025.4
5.0,15.0,-33.87,151.21,55.0,1026.0
