11.0,9.0,-33.87,151.21,55.0,1014.4
11.0,15.0,-33.87,151.21,55.0,1010.0
11.0,9.0,-33.87,151.21,55.0,1014.6
11.0,15.0,-33.87,151.21,55.0,1013.0
11.0,9.0,-33.87,151.21,55.0,1018.9
11.0,15.0,-33.87,151.21,55.0,1014.8
11.0,9.0,-33.87,151.21,55.0,1014.8
11.0,15.0,-33.87,151.21,55.0,1009.2
11.0,9.0,-33.87,151.21,55.0,1002.9
11.0,15.0,-33.87,151.21,55.0,1006.2
11.0,9.0,-33.87,151.21,55.0,1009.1
11.0,15.0,-33.87,151.21,55.0,1007.8
11.0,9.0,-33.87,151.21,55.0,1011.1
11.0,15.0,-33.87,151.21,55.0,1006.4
11.0,9.0,-33.87,151.21,55.0,1007.3
11.0,15.0,-33.87,151.21,55.0,1007.1
11.0,9.0,-33.87,151.21,55.0,1013.3
11.0,15.0,-33.87,151.21,55.0,1009.8
11.0,9.0,-33.87,151.21,55.0,1009.4
11.0,15.0,-33.87,151.21,55.0,1007.0
11.0,9.0,-33.87,151.21,55.0,1012.9
11.0,15.0,-33.87,151.21,55.0,1009.9
11.0,9.0,-33.87,151.21,55.0,1002.5
11.0,15.0,-33.87,151.21,55.0,996.9
11.0,9.0,-33.87,151.21,55.0,998.6
11.0,15.0,-33.87,151.21,55.0,995.4
11.0,9.0,-33.87,151.21,55.0,1002.0
11.0,15.0,-33.87,151.21,55.0,1004.5
11.0,9.0,-33.87,151.21,55.0,1016.1
11.0,15.0,-33.87,151.21,55.0,1015.0
11.0,9.0,-33.87,151.21,55.0,1020.0
11.0,15.0,-33.87,151.21,55.0,1021.3
11.0,9.0,-33.87,151.21,55.0,1025.6
11.0,15.0,-33.87,151.21,55.0,1021.9
11.0,9.0,-33.87,151.21,55.0,1017.4
11.0,15.0,-33.87,151.21,55.0,1013.5
11.0,9.0,-33.87,151.21,55.0,1018.3
11.0,15.0,-33.87,151.21,55.0,1018.4
11.0,9.0,-33.87,151.21,55.0,1021.3
11.0,15.0,-33.87,151.21,55.0,1018.2
11.0,9.0,-33.87,151.21,55.0,1018.4
11.0,15.0,-33.87,151.21,55.0,1015.1
11.0,9.0,-33.87,151.21,55.0,1014.8
11.0,15.0,-33.87,151.21,55.0,1012.1
11.0,9.0,-33.87,151.21,55.0,1013.0
11.0,15.0,-33.87,151.21,55.0,1011.8
11.0,9.0,-33.87,151.21,55.0,1012.8
11.0,15.0,-33.87,151.21,55.0,1012.5
11.0,9.0,-33.87,151.21,55.0,1017.4
11.0,15.0,-33.87,151.21,55.0,1013.7
11.0,9.0,-33.87,151.21,55.0,1017.8
11.0,15.0,-33.87,151.21,55.0,1016.9
11.0,9.0,-33.87,151.21,55.0,1015.0
11.0,15.0,-33.87,151.21,55.0,1010.4
11.0,9.0,-33.87,151.21,55.0,1011.8
11.0,15.0,-33.87,151.21,55.0,1010.8
11.0,9.0,-33.87,151.21,55.0,1012.4
11.0,15.0,-33.87,151.21,55.0,1008.8
