7.0,9.0,-33.87,151.21,55.0,1030.6
7.0,15.0,-33.87,151.21,55.0,1028.4
7.0,9.0,-33.87,151.21,55.0,1028.3
7.0,15.0,-33.87,151.21,55.0,1023.8
7.0,9.0,-33.87,151.21,55.0,1021.5
7.0,15.0,-33.87,151.21,55.0,1015.1
7.0,9.0,-33.87,151.21,55.0,1013.4
7.0,15.0,-33.87,151.21,55.0,1010.1
7.0,9.0,-33.87,151.21,55.0,1014.8
7.0,15.0,-33.87,151.21,55.0,1010.1
7.0,9.0,-33.87,151.21,55.0,1017.5
7.0,15.0,-33.87,151.21,55.0,1015.1
7.0,9.0,-33.87,151.21,55.0,1013.6
7.0,15.0,-33.87,151.21,55.0,1009.6
7.0,9.0,-33.87,151.21,55.0,1016.8
7.0,15.0,-33.87,151.21,55.0,1014.8
7.0,9.0,-33.87,151.21,55.0,1021.2
7.0,15.0,-33.87,151.21,55.0,1019.1
7.0,9.0,-33.87,151.21,55.0,1026.5
7.0,15.0,-33.87,151.21,55.0,1024.4
7.0,9.0,-33.87,151.21,55.0,1030.7
7.0,15.0,-33.87,151.21,55.0,1029.7
7.0,9.0,-33.87,151.21,55.0,1034.0
7.0,15.0,-33.87,151.21,55.0,1031.5
7.0,9.0,-33.87,151.21,55.0,1029.1
7.0,15.0,-33.87,151.21,55.0,1023.9
7.0,9.0,-33.87,151.21,55.0,1019.3
7.0,15.0,-33.87,151.21,55.0,1015.1
7.0,9.0,-33.87,151.21,55.0,1019.7
7.0,15.0,-33.87,151.21,55.0,1017.9
7.0,9.0,-33.87,151.21,55.0,1023.9
7.0,15.0,-33.87,151.21,55.0,1020.7
7.0,9.0,-33.87,151.21,55.0,1020.7
7.0,15.0,-33.87,151.21,55.0,1017.0
7.0,9.0,-33.87,151.21,55.0,1014.0
7.0,15.0,-33.87,151.21,55.0,1007.1
7.0,9.0,-33.87,151.21,55.0,1007.3
7.0,15.0,-33.87,151.21,55.0,1006.4
7.0,9.0,-33.87,151.21,55.0,1013.7
7.0,15.0,-33.87,151.21,55.0,1011.4
7.0,9.0,-33.87,151.21,55.0,1020.7
7.0,15.0,-33.87,151.21,55.0,1020.6
7.0,9.0,-33.87,151.21,55.0,1024.0
7.0,15.0,-33.87,151.21,55.0,1019.0
7.0,9.0,-33.87,151.21,55.0,1017.3
7.0,15.0,-33.87,151.21,55.0,1012.9
7.0,9.0,-33.87,151.21,55.0,1019.7
7.0,15.0,-33.87,151.21,55.0,1018.0
7.0,9.0,-33.87,151.21,55.0,1023.2
7.0,15.0,-33.87,151.21,55.0,1019.0
7.0,9.0,-33.87,151.21,55.0,1015.5
7.0,15.0,-33.87,151.21,55.0,1014.7
7.0,9.0,-33.87,151.21,55.0,1025.2
7.0,15.0,-33.87,151.21,55.0,1022.9
7.0,9.0,-33.87,151.21,55.0,1018.1
7.0,15.0,-33.87,151.21,55.0,1015.8
7.0,9.0,-33.87,151.21,55.0,1021.5
7.0,15.0,-33.87,151.21,55.0,1015.9
7.0,9.0,-33.87,151.21,55.0,1014.8
7.0,15.0,-33.87,151.21,55.0,1011.2
7.0,9.0,-33.87,151.21,55.0,1018.5
7.0,15.0,-33.87,151.21,55.0,1014.8
