4.0,9.0,-33.87,151.21,55.0,1018.2
4.0,15.0,-33.87,151.21,55.0,1016.6
4.0,9.0,-33.87,151.21,55.0,1025.1
4.0,15.0,-33.87,151.21,55.0,1024.7
4.0,9.0,-33.87,151.21,55.0,1028.4
4.0,15.0,-33.87,151.21,55.0,1026.3
4.0,9.0,-33.87,151.21,55.0,1028.1
4.0,15.0,-33.87,151.21,55.0,1026.3
4.0,9.0,-33.87,151.21,55.0,1026.1
4.0,15.0,-33.87,151.21,55.0,1023.3
4.0,9.0,-33.87,151.21,55.0,1026.2
4.0,15.0,-33.87,151.21,55.0,1023.9
4.0,9.0,-33.87,151.21,55.0,1028.4
4.0,15.0,-33.87,151.21,55.0,1025.7
4.0,9.0,-33.87,151.21,55.0,1026.2
4.0,15.0,-33.87,151.21,55.0,1021.4
4.0,9.0,-33.87,151.21,55.0,1015.3
4.0,15.0,-33.87,151.21,55.0,1007.1
4.0,9.0,-33.87,151.21,55.0,1009.3
4.0,15.0,-33.87,151.21,55.0,1008.5
4.0,9.0,-33.87,151.21,55.0,1017.2
4.0,15.0,-33.87,151.21,55.0,1017.3
4.0,9.0,-33.87,151.21,55.0,1023.7
4.0,15.0,-33.87,151.21,55.0,1022.2
4.0,9.0,-33.87,151.21,55.0,1023.8
4.0,15.0,-33.87,151.21,55.0,1020.9
4.0,9.0,-33.87,151.21,55.0,1022.1
4.0,15.0,-33.87,151.21,55.0,1019.3
4.0,9.0,-33.87,151.21,55.0,1021.0
4.0,15.0,-33.87,151.21,55.0,1018.7
4.0,9.0,-33.87,151.21,55.0,1020.0
4.0,15.0,-33.87,151.21,55.0,1017.4
4.0,9.0,-33.87,151.21,55.0,1024.4
4.0,15.0,-33.87,151.21,55.0,1022.1
4.0,9.0,-33.87,151.21,55.0,1027.0
4.0,15.0,-33.87,151.21,55.0,1025.3
4.0,9.0,-33.87,151.21,55.0,1030.6
4.0,15.0,-33.87,151.21,55.0,1028.1
4.0,9.0,-33.87,151.21,55.0,1030.3
4.0,15.0,-33.87,151.21,55.0,1027.5
4.0,9.0,-33.87,151.21,55.0,1028.4
4.0,15.0,-33.87,151.21,55.0,1024.8
4.0,9.0,-33.87,151.21,55.0,1025.9
4.0,15.0,-33.87,151.21,55.0,1022.2
4.0,9.0,-33.87,151.21,55.0,1024.1
4.0,15.0,-33.87,151.21,55.0,1020.9
4.0,9.0,-33.87,151.21,55.0,1022.7
4.0,15.0,-33.87,151.21,55.0,1018.4
4.0,9.0,-33.87,151.21,55.0,1014.0
4.0,15.0,-33.87,151.21,55.0,1008.8
4.0,9.0,-33.87,151.21,55.0,1015.8
4.0,15.0,-33.87,151.21,55.0,1015.2
4.0,9.0,-33.87,151.21,55.0,1022.7
4.0,15.0,-33.87,151.21,55.0,1020.3
4.0,9.0,-33.87,151.21,55.0,1020.8
4.0,15.0,-33.87,151.21,55.0,1018.2
4.0,9.0,-33.87,151.21,55.0,1023.0
4.0,15.0,-33.87,151.21,55.0,1020.9
