12.0,9.0,-33.87,151.21,55.0,1008.0
12.0,15.0,-33.87,151.21,55.0,1005.3
12.0,9.0,-33.87,151.21,55.0,1008.4
12.0,15.0,-33.87,151.21,55.0,1007.7
12.0,9.0,-33.87,151.21,55.0,1016.0
12.0,15.0,-33.87,151.21,55.0,1015.0
12.0,9.0,-33.87,151.21,55.0,1016.0
12.0,15.0,-33.87,151.21,55.0,1013.1
12.0,9.0,-33.87,151.21,55.0,1009.6
12.0,15.0,-33.87,151.21,55.0,1005.9
12.0,9.0,-33.87,151.21,55.0,1012.4
12.0,15.0,-33.87,151.21,55.0,1010.6
12.0,9.0,-33.87,151.21,55.0,1015.2
12.0,15.0,-33.87,151.21,55.0,1014.4
12.0,9.0,-33.87,151.21,55.0,1008.7
12.0,15.0,-33.87,151.21,55.0,999.4
12.0,9.0,-33.87,151.21,55.0,1007.9
12.0,15.0,-33.87,151.21,55.0,1009.9
12.0,9.0,-33.87,151.21,55.0,1022.5
12.0,15.0,-33.87,151.21,55.0,1020.5
12.0,9.0,-33.87,151.21,55.0,1022.2
12.0,15.0,-33.87,151.21,55.0,1020.4
12.0,9.0,-33.87,151.21,55.0,1022.6
12.0,15.0,-33.87,151.21,55.0,1018.1
12.0,9.0,-33.87,151.21,55.0,1015.5
12.0,15.0,-33.87,151.21,55.0,1011.1
12.0,9.0,-33.87,151.21,55.0,1008.5
12.0,15.0,-33.87,151.21,55.0,1007.0
12.0,9.0,-33.87,151.21,55.0,1017.2
12.0,15.0,-33.87,151.21,55.0,1017.4
12.0,9.0,-33.87,151.21,55.0,1013.3
12.0,15.0,-33.87,151.21,55.0,1009.3
12.0,9.0,-33.87,151.21,55.0,1007.4
12.0,15.0,-33.87,151.21,55.0,1005.2
12.0,9.0,-33.87,151.21,55.0,1018.8
12.0,15.0,-33.87,151.21,55.0,1020.0
12.0,9.0,-33.87,151.21,55.0,1021.0
12.0,15.0,-33.87,151.21,55.0,1017.5
12.0,9.0,-33.87,151.21,55.0,1010.4
12.0,15.0,-33.87,151.21,55.0,1005.3
12.0,9.0,-33.87,151.21,55.0,1012.3
12.0,15.0,-33.87,151.21,55.0,1012.2
12.0,9.0,-33.87,151.21,55.0,1019.4
12.0,15.0,-33.87,151.21,55.0,1018.1
12.0,9.0,-33.87,151.21,55.0,1019.3
12.0,15.0,-33.87,151.21,55.0,1016.6
12.0,9.0,-33.87,151.21,55.0,1015.7
12.0,15.0,-33.87,151.21,55.0,1013.8
12.0,9.0,-33.87,151.21,55.0,1017.1
12.0,15.0,-33.87,151.21,55.0,1015.5
12.0,9.0,-33.87,151.21,55.0,1014.7
12.0,15.0,-33.87,151.21,55.0,1011.4
12.0,9.0,-33.87,151.21,55.0,1014.5
12.0,15.0,-33.87,151.21,55.0,1013.3
12.0,9.0,-33.87,151.21,55.0,1013.0
12.0,15.0,-33.87,151.21,55.0,1009.7
12.0,9.0,-33.87,151.21,55.0,1007.2
12.0,15.0,-33.87,151.21,55.0,1004.4
12.0,9.0,-33.87,151.21,55.0,1003.6
12.0,15.0,-33.87,151.21,55.0,1001.7
12.0,9.0,-33.87,151.21,55.0,1003.7
12.0,15.0,-33.87,151.21,55.0,1003.4
