2.0,9.0,-33.87,151.21,55.0,1016.1
2.0,15.0,-33.87,151.21,55.0,1012.7
2.0,9.0,-33.87,151.21,55.0,1013.2
2.0,15.0,-33.87,151.21,55.0,1013.9
2.0,9.0,-33.87,151.21,55.0,1015.5
2.0,15.0,-33.87,151.21,55.0,1013.5
2.0,9.0,-33.87,151.21,55.0,1013.9
2.0,15.0,-33.87,151.21,55.0,1010.4
2.0,9.0,-33.87,151.21,55.0,1010.4
2.0,15.0,-33.87,151.21,55.0,1007.3
2.0,9.0,-33.87,151.21,55.0,1011.3
2.0,15.0,-33.87,151.21,55.0,1009.3
2.0,9.0,-33.87,151.21,55.0,1017.6
2.0,15.0,-33.87,151.21,55.0,1018.7
2.0,9.0,-33.87,151.21,55.0,1022.1
2.0,15.0,-33.87,151.21,55.0,1021.8
2.0,9.0,-33.87,151.21,55.0,1018.6
2.0,15.0,-33.87,151.21,55.0,1013.0
2.0,9.0,-33.87,151.21,55.0,1010.4
2.0,15.0,-33.87,151.21,55.0,1006.4
2.0,9.0,-33.87,151.21,55.0,1007.8
2.0,15.0,-33.87,151.21,55.0,1002.7
2.0,9.0,-33.87,151.21,55.0,1000.5
2.0,15.0,-33.87,151.21,55.0,998.0
2.0,9.0,-33.87,151.21,55.0,1008.1
2.0,15.0,-33.87,151.21,55.0,1007.3
2.0,9.0,-33.87,151.21,55.0,1015.0
2.0,15.0,-33.87,151.21,55.0,1015.9
2.0,9.0,-33.87,151.21,55.0,1017.4
2.0,15.0,-33.87,151.21,55.0,1013.6
2.0,9.0,-33.87,151.21,55.0,1012.1
2.0,15.0,-33.87,151.21,55.0,1009.0
2.0,9.0,-33.87,151.21,55.0,1009.8
2.0,15.0,-33.87,151.21,55.0,1005.7
2.0,9.0,-33.87,151.21,55.0,1007.1
2.0,15.0,-33.87,151.21,55.0,1004.9
2.0,9.0,-33.87,151.21,55.0,1008.7
2.0,15.0,-33.87,151.21,55.0,1006.1
2.0,9.0,-33.87,151.21,55.0,1010.5
2.0,15.0,-33.87,151.21,55.0,1009.6
2.0,9.0,-33.87,151.21,55.0,1019.7
2.0,15.0,-33.87,151.21,55.0,1018.5
2.0,9.0,-33.87,151.21,55.0,1021.6
2.0,15.0,-33.87,151.21,55.0,1018.5
2.0,9.0,-33.87,151.21,55.0,1019.8
2.0,15.0,-33.87,151.21,55.0,1017.2
2.0,9.0,-33.87,151.21,55.0,1020.8
2.0,15.0,-33.87,151.21,55.0,1018.6
2.0,9.0,-33.87,151.21,55.0,1020.5
2.0,15.0,-33.87,151.21,55.0,1020.1
2.0,9.0,-33.87,151.21,55.0,1021.8
2.0,15.0,-33.87,151.21,55.0,1021.8
2.0,9.0,-33.87,151.21,55.0,1024.0
2.0,15.0,-33.87,151.21,55.0,1022.8
2.0,9.0,-33.87,151.21,55.0,1022.7
2.0,15.0,-33.87,151.21,55.0,1021.4
