3.0,9.0,-33.87,151.21,55.0,1021.0
3.0,15.0,-33.87,151.21,55.0,1019.4
3.0,9.0,-33.87,151.21,55.0,1018.1
3.0,15.0,-33.87,151.21,55.0,1016.0
3.0,9.0,-33.87,151.21,55.0,1016.9
3.0,15.0,-33.87,151.21,55.0,1016.0
3.0,9.0,-33.87,151.21,55.0,1015.2
3.0,15.0,-33.87,151.21,55.0,1013.1
3.0,9.0,-33.87,151.21,55.0,1010.2
3.0,15.0,-33.87,151.21,55.0,1009.6
3.0,9.0,-33.87,151.21,55.0,1012.8
3.0,15.0,-33.87,151.21,55.0,1013.2
3.0,9.0,-33.87,151.21,55.0,1017.6
3.0,15.0,-33.87,151.21,55.0,1017.7
3.0,9.0,-33.87,151.21,55.0,1018.5
3.0,15.0,-33.87,151.21,55.0,1017.4
3.0,9.0,-33.87,151.21,55.0,1017.0
3.0,15.0,-33.87,151.21,55.0,1016.0
3.0,9.0,-33.87,151.21,55.0,1015.1
3.0,15.0,-33.87,151.21,55.0,1014.0
3.0,9.0,-33.87,151.21,55.0,1014.2
3.0,15.0,-33.87,151.21,55.0,1012.3
3.0,9.0,-33.87,151.21,55.0,1010.6
3.0,15.0,-33.87,151.21,55.0,1007.7
3.0,9.0,-33.87,151.21,55.0,1011.1
3.0,15.0,-33.87,151.21,55.0,1012.4
3.0,9.0,-33.87,151.21,55.0,1019.2
3.0,15.0,-33.87,151.21,55.0,1020.2
3.0,9.0,-33.87,151.21,55.0,1020.6
3.0,15.0,-33.87,151.21,55.0,1018.7
3.0,9.0,-33.87,151.21,55.0,1013.2
3.0,15.0,-33.87,151.21,55.0,1009.0
3.0,9.0,-33.87,151.21,55.0,1018.4
3.0,15.0,-33.87,151.21,55.0,1020.6
3.0,9.0,-33.87,151.21,55.0,1022.9
3.0,15.0,-33.87,151.21,55.0,1022.2
3.0,9.0,-33.87,151.21,55.0,1020.3
3.0,15.0,-33.87,151.21,55.0,1017.9
3.0,9.0,-33.87,151.21,55.0,1018.5
3.0,15.0,-33.87,151.21,55.0,1015.6
3.0,9.0,-33.87,151.21,55.0,1015.7
3.0,15.0,-33.87,151.21,55.0,1012.6
3.0,9.0,-33.87,151.21,55.0,1012.6
3.0,15.0,-33.87,151.21,55.0,1010.7
3.0,9.0,-33.87,151.21,55.0,1018.5
3.0,15.0,-33.87,151.21,55.0,1017.4
3.0,9.0,-33.87,151.21,55.0,1019.9
3.0,15.0,-33.87,151.21,55.0,1019.1
3.0,9.0,-33.87,151.21,55.0,1017.8
3.0,15.0,-33.87,151.21,55.0,1014.1
3.0,9.0,-33.87,151.21,55.0,1015.9
3.0,15.0,-33.87,151.21,55.0,1014.7
3.0,9.0,-33.87,151.21,55.0,1017.1
3.0,15.0,-33.87,151.21,55.0,1012.3
3.0,9.0,-33.87,151.21,55.0,1013.9
3.0,15.0,-33.87,151.21,55.0,1012.4
3.0,9.0,-33.87,151.21,55.0,1012.3
3.0,15.0,-33.87,151.21,55.0,1007.4
3.0,9.0,-33.87,151.21,55.0,1007.0
3.0,15.0,-33.87,151.21,55.0,1007.7
3.0,9.0,-33.87,151.21,55.0,1016.4
3.0,15.0,-33.87,151.21,55.0,1015.6
