6.0,9.0,-33.87,151.21,55.0,1032.8
6.0,15.0,-33.87,151.21,55.0,1031.2
6.0,9.0,-33.87,151.21,55.0,1032.7
6.0,15.0,-33.87,151.21,55.0,1030.8
6.0,9.0,-33.87,151.21,55.0,1031.1
6.0,15.0,-33.87,151.21,55.0,1028.8
6.0,9.0,-33.87,151.21,55.0,1028.3
6.0,15.0,-33.87,151.21,55.0,1024.5
6.0,9.0,-33.87,151.21,55.0,1025.0
6.0,15.0,-33.87,151.21,55.0,1021.5
6.0,9.0,-33.87,151.21,55.0,1019.7
6.0,15.0,-33.87,151.21,55.0,1017.7
6.0,9.0,-33.87,151.21,55.0,1020.2
6.0,15.0,-33.87,151.21,55.0,1019.6
6.0,9.0,-33.87,151.21,55.0,1024.2
6.0,15.0,-33.87,151.21,55.0,1023.4
6.0,9.0,-33.87,151.21,55.0,1027.6
6.0,15.0,-33.87,151.21,55.0,1026.7
6.0,9.0,-33.87,151.21,55.0,1031.9
6.0,15.0,-33.87,151.21,55.0,1030.2
6.0,9.0,-33.87,151.21,55.0,1029.2
6.0,15.0,-33.87,151.21,55.0,1025.9
6.0,9.0,-33.87,151.21,55.0,1025.0
6.0,15.0,-33.87,151.21,55.0,1024.0
6.0,9.0,-33.87,151.21,55.0,1030.0
6.0,15.0,-33.87,151.21,55.0,1029.1
6.0,9.0,-33.87,151.21,55.0,1031.3
6.0,15.0,-33.87,151.21,55.0,1028.4
6.0,9.0,-33.87,151.21,55.0,1027.9
6.0,15.0,-33.87,151.21,55.0,1024.4
6.0,9.0,-33.87,151.21,55.0,1026.2
6.0,15.0,-33.87,151.21,55.0,1023.5
6.0,9.0,-33.87,151.21,55.0,1024.3
6.0,15.0,-33.87,151.21,55.0,1021.8
6.0,9.0,-33.87,151.21,55.0,1025.7
6.0,15.0,-33.87,151.21,55.0,1025.8
6.0,9.0,-33.87,151.21,55.0,1030.4
6.0,15.0,-33.87,151.21,55.0,1028.4
6.0,9.0,-33.87,151.21,55.0,1028.7
6.0,15.0,-33.87,151.21,55.0,1025.2
6.0,9.0,-33.87,151.21,55.0,1025.9
6.0,15.0,-33.87,151.21,55.0,1025.3
6.0,9.0,-33.87,151.21,55.0,1028.5
6.0,15.0,-33.87,151.21,55.0,1024.6
6.0,9.0,-33.87,151.21,55.0,1020.8
6.0,15.0,-33.87,151.21,55.0,1015.0
6.0,9.0,-33.87,151.21,55.0,1017.3
6.0,15.0,-33.87,151.21,55.0,1015.1
6.0,9.0,-33.87,151.21,55.0,1018.6
6.0,15.0,-33.87,151.21,55.0,1015.4
6.0,9.0,-33.87,151.21,55.0,1022.1
6.0,15.0,-33.87,151.21,55.0,1021.6
6.0,9.0,-33.87,151.21,55.0,1027.0
6.0,15.0,-33.87,151.21,55.0,1024.2
6.0,9.0,-33.87,151.21,55.0,1022.7
6.0,15.0,-33.87,151.21,55.0,1021.3
6.0,9.0,-33.87,151.21,55.0,1022.1
6.0,15.0,-33.87,151.21,55.0,1018.4
6.0,9.0,-33.87,151.21,55.0,1024.6
6.0,15.0,-33.87,151.21,55.0,1024.5
