10.0,9.0,-33.87,151.21,55.0,1005.0
10.0,15.0,-33.87,151.21,55.0,1005.5
10.0,9.0,-33.87,151.21,55.0,1012.9
10.0,15.0,-33.87,151.21,55.0,1008.3
10.0,9.0,-33.87,151.21,55.0,999.4
10.0,15.0,-33.87,151.21,55.0,997.8
10.0,9.0,-33.87,151.21,55.0,1007.8
10.0,15.0,-33.87,151.21,55.0,1003.7
10.0,9.0,-33.87,151.21,55.0,1016.4
10.0,15.0,-33.87,151.21,55.0,1013.2
10.0,9.0,-33.87,151.21,55.0,1019.1
10.0,15.0,-33.87,151.21,55.0,1017.0
10.0,9.0,-33.87,151.21,55.0,1021.0
10.0,15.0,-33.87,151.21,55.0,1015.6
10.0,9.0,-33.87,151.21,55.0,1016.3
10.0,15.0,-33.87,151.21,55.0,1017.6
10.0,9.0,-33.87,151.21,55.0,1022.9
10.0,15.0,-33.87,151.21,55.0,1018.1
10.0,9.0,-33.87,151.21,55.0,1007.7
10.0,15.0,-33.87,151.21,55.0,1004.1
10.0,9.0,-33.87,151.21,55.0,1013.2
10.0,15.0,-33.87,151.21,55.0,1012.9
10.0,9.0,-33.87,151.21,55.0,1016.5
10.0,15.0,-33.87,151.21,55.0,1012.5
10.0,9.0,-33.87,151.21,55.0,1021.2
10.0,15.0,-33.87,151.21,55.0,1022.4
10.0,9.0,-33.87,151.21,55.0,1025.9
10.0,15.0,-33.87,151.21,55.0,1023.2
10.0,9.0,-33.87,151.21,55.0,1023.1
10.0,15.0,-33.87,151.21,55.0,1017.5
10.0,9.0,-33.87,151.21,55.0,1014.9
10.0,15.0,-33.87,151.21,55.0,1008.7
10.0,9.0,-33.87,151.21,55.0,1005.8
10.0,15.0,-33.87,151.21,55.0,1008.3
10.0,9.0,-33.87,151.21,55.0,1014.5
10.0,15.0,-33.87,151.21,55.0,1010.8
10.0,9.0,-33.87,151.21,55.0,1017.9
10.0,15.0,-33.87,151.21,55.0,1017.0
10.0,9.0,-33.87,151.21,55.0,1024.4
10.0,15.0,-33.87,151.21,55.0,1021.4
10.0,9.0,-33.87,151.21,55.0,1018.9
10.0,15.0,-33.87,151.21,55.0,1012.8
10.0,9.0,-33.87,151.21,55.0,1010.0
10.0,15.0,-33.87,151.21,55.0,1010.1
10.0,9.0,-33.87,151.21,55.0,1018.3
10.0,15.0,-33.87,151.21,55.0,1017.7
10.0,9.0,-33.87,151.21,55.0,1019.6
10.0,15.0,-33.87,151.21,55.0,1016.7
10.0,9.0,-33.87,151.21,55.0,1018.9
10.0,15.0,-33.87,151.21,55.0,1014.4
10.0,9.0,-33.87,151.21,55.0,1016.6
10.0,15.0,-33.87,151.21,55.0,1013.0
10.0,9.0,-33.87,151.21,55.0,1015.9
10.0,15.0,-33.87,151.21,55.0,1015.7
10.0,9.0,-33.87,151.21,55.0,1020.6
10.0,15.0,-33.87,151.21,55.0,1018.5
10.0,9.0,-33.87,151.21,55.0,1020.1
10.0,15.0,-33.87,151.21,55.0,1017.7
10.0,9.0,-33.87,151.21,55.0,1013.7
10.0,15.0,-33.87,151.21,55.0,1006.5
10.0,9.0,-33.87,151.21,55.0,1011.0
10.0,15.0,-33.87,151.21,55.0,1010.8
