7.0,9.0,-31.94,115.96,10.0,94.0
7.0,15.0,-31.94,115.96,10.0,93.0
7.0,9.0,-31.94,115.96,10.0,90.0
7.0,15.0,-31.94,115.96,10.0,46.0
7.0,9.0,-31.94,115.96,10.0,82.0
7.0,15.0,-31.94,115.96,10.0,58.0
7.0,9.0,-31.94,115.96,10.0,94.0
7.0,15.0,-31.94,115.96,10.0,73.0
7.0,9.0,-31.94,115.96,10.0,92.0
7.0,15.0,-31.94,115.96,10.0,83.0
7.0,9.0,-31.94,115.96,10.0,88.0
7.0,15.0,-31.94,115.96,10.0,60.0
7.0,9.0,-31.94,115.96,10.0,97.0
7.0,15.0,-31.94,115.96,10.0,59.0
7.0,9.0,-31.94,115.96,10.0,83.0
7.0,15.0,-31.94,115.96,10.0,41.0
7.0,9.0,-31.94,115.96,10.0,68.0
7.0,15.0,-31.94,115.96,10.0,42.0
7.0,9.0,-31.94,115.96,10.0,52.0
7.0,15.0,-31.94,115.96,10.0,40.0
7.0,9.0,-31.94,115.96,10.0,52.0
7.0,15.0,-31.94,115.96,10.0,78.0
7.0,9.0,-31.94,115.96,10.0,69.0
7.0,15.0,-31.94,115.96,10.0,59.0
7.0,9.0,-31.94,115.96,10.0,96.0
7.0,15.0,-31.94,115.96,10.0,60.0
7.0,9.0,-31.94,115.96,10.0,76.0
7.0,15.0,-31.94,115.96,10.0,62.0
7.0,9.0,-31.94,115.96,10.0,96.0
7.0,15.0,-31.94,115.96,10.0,82.0
7.0,9.0,-31.94,115.96,10.0,66.0
7.0,15.0,-31.94,115.96,10.0,45.0
7.0,9.0,-31.94,115.96,10.0,64.0
7.0,15.0,-31.94,115.96,10.0,41.0
7.0,9.0,-31.94,115.96,10.0,52.0
7.0,15.0,-31.94,115.96,10.0,35.0
7.0,9.0,-31.94,115.96,10.0,96.0
7.0,15.0,-31.94,115.96,10.0,89.0
7.0,9.0,-31.94,115.96,10.0,69.0
7.0,15.0,-31.94,115.96,10.0,71.0
7.0,9.0,-31.94,115.96,10.0,88.0
7.0,15.0,-31.94,115.96,10.0,53.0
7.0,9.0,-31.94,115.96,10.0,97.0
7.0,15.0,-31.94,115.96,10.0,55.0
7.0,9.0,-31.94,115.96,10.0,93.0
7.0,15.0,-31.94,115.96,10.0,66.0
7.0,9.0,-31.94,115.96,10.0,95.0
7.0,15.0,-31.94,115.96,10.0,50.0
7.0,9.0,-31.94,115.96,10.0,96.0
7.0,15.0,-31.94,115.96,10.0,53.0
7.0,9.0,-31.94,115.96,10.0,78.0
7.0,15.0,-31.94,115.96,10.0,73.0
7.0,9.0,-31.94,115.96,10.0,90.0
7.0,15.0,-31.94,115.96,10.0,68.0
7.0,9.0,-31.94,115.96,10.0,60.0
7.0,15.0,-31.94,115.96,10.0,83.0
7.0,9.0,-31.94,115.96,10.0,77.0
7.0,15.0,-31.94,115.96,10.0,86.0
7.0,9.0,-31.94,115.96,10.0,79.0
7.0,15.0,-31.94,115.96,10.0,52.0
7.0,9.0,-31.94,115.96,10.0,75.0
7.0,15.0,-31.94,115.96,10.0,81.0
