6.0,9.0,-31.94,115.96,10.0,80.0
6.0,15.0,-31.94,115.96,10.0,55.0
6.0,9.0,-31.94,115.96,10.0,78.0
6.0,15.0,-31.94,115.96,10.0,57.0
6.0,9.0,-31.94,115.96,10.0,86.0
6.0,15.0,-31.94,115.96,10.0,57.0
6.0,9.0,-31.94,115.96,10.0,77.0
6.0,15.0,-31.94,115.96,10.0,52.0
6.0,9.0,-31.94,115.96,10.0,71.0
6.0,15.0,-31.94,115.96,10.0,30.0
6.0,9.0,-31.94,115.96,10.0,38.0
6.0,15.0,-31.94,115.96,10.0,13.0
6.0,9.0,-31.94,115.96,10.0,68.0
6.0,15.0,-31.94,115.96,10.0,39.0
6.0,9.0,-31.94,115.96,10.0,75.0
6.0,15.0,-31.94,115.96,10.0,25.0
6.0,9.0,-31.94,115.96,10.0,27.0
6.0,15.0,-31.94,115.96,10.0,14.0
6.0,9.0,-31.94,115.96,10.0,33.0
6.0,15.0,-31.94,115.96,10.0,25.0
6.0,9.0,-31.94,115.96,10.0,33.0
6.0,15.0,-31.94,115.96,10.0,14.0
6.0,9.0,-31.94,115.96,10.0,26.0
6.0,15.0,-31.94,115.96,10.0,22.0
6.0,9.0,-31.94,115.96,10.0,35.0
6.0,15.0,-31.94,115.96,10.0,24.0
6.0,9.0,-31.94,115.96,10.0,83.0
6.0,15.0,-31.94,115.96,10.0,63.0
6.0,9.0,-31.94,115.96,10.0,87.0
6.0,15.0,-31.94,115.96,10.0,65.0
6.0,9.0,-31.94,115.96,10.0,85.0
6.0,15.0,-31.94,115.96,10.0,43.0
6.0,9.0,-31.94,115.96,10.0,78.0
6.0,15.0,-31.94,115.96,10.0,47.0
6.0,9.0,-31.94,115.96,10.0,61.0
6.0,15.0,-31.94,115.96,10.0,39.0
6.0,9.0,-31.94,115.96,10.0,62.0
6.0,15.0,-31.94,115.96,10.0,38.0
6.0,9.0,-31.94,115.96,10.0,76.0
6.0,15.0,-31.94,115.96,10.0,47.0
6.0,9.0,-31.94,115.96,10.0,84.0
6.0,15.0,-31.94,115.96,10.0,49.0
6.0,9.0,-31.94,115.96,10.0,90.0
6.0,15.0,-31.94,115.96,10.0,75.0
6.0,9.0,-31.94,115.96,10.0,80.0
6.0,15.0,-31.94,115.96,10.0,60.0
6.0,9.0,-31.94,115.96,10.0,60.0
6.0,15.0,-31.94,115.96,10.0,45.0
6.0,9.0,-31.94,115.96,10.0,69.0
6.0,15.0,-31.94,115.96,10.0,44.0
6.0,9.0,-31.94,115.96,10.0,71.0
6.0,15.0,-31.94,115.96,10.0,38.0
6.0,9.0,-31.94,115.96,10.0,70.0
6.0,15.0,-31.94,115.96,10.0,44.0
6.0,9.0,-31.94,115.96,10.0,77.0
6.0,15.0,-31.94,115.96,10.0,45.0
6.0,9.0,-31.94,115.96,10.0,51.0
6.0,15.0,-31.94,115.96,10.0,31.0
6.0,9.0,-31.94,115.96,10.0,39.0
6.0,15.0,-31.94,115.96,10.0,86.0
