4.0,9.0,-31.94,115.96,10.0,49.0
4.0,15.0,-31.94,115.96,10.0,19.0
4.0,9.0,-31.94,115.96,10.0,31.0
4.0,15.0,-31.94,115.96,10.0,17.0
4.0,9.0,-31.94,115.96,10.0,32.0
4.0,15.0,-31.94,115.96,10.0,14.0
4.0,9.0,-31.94,115.96,10.0,61.0
4.0,15.0,-31.94,115.96,10.0,27.0
4.0,9.0,-31.94,115.96,10.0,49.0
4.0,15.0,-31.94,115.96,10.0,30.0
4.0,9.0,-31.94,115.96,10.0,75.0
4.0,15.0,-31.94,115.96,10.0,53.0
4.0,9.0,-31.94,115.96,10.0,48.0
4.0,15.0,-31.94,115.96,10.0,30.0
4.0,9.0,-31.94,115.96,10.0,47.0
4.0,15.0,-31.94,115.96,10.0,27.0
4.0,9.0,-31.94,115.96,10.0,53.0
4.0,15.0,-31.94,115.96,10.0,22.0
4.0,9.0,-31.94,115.96,10.0,43.0
4.0,15.0,-31.94,115.96,10.0,17.0
4.0,9.0,-31.94,115.96,10.0,35.0
4.0,15.0,-31.94,115.96,10.0,30.0
4.0,9.0,-31.94,115.96,10.0,62.0
4.0,15.0,-31.94,115.96,10.0,44.0
4.0,9.0,-31.94,115.96,10.0,59.0
4.0,15.0,-31.94,115.96,10.0,31.0
4.0,9.0,-31.94,115.96,10.0,62.0
4.0,15.0,-31.94,115.96,10.0,31.0
4.0,9.0,-31.94,115.96,10.0,69.0
4.0,15.0,-31.94,115.96,10.0,34.0
4.0,9.0,-31.94,115.96,10.0,63.0
4.0,15.0,-31.94,115.96,10.0,40.0
4.0,9.0,-31.94,115.96,10.0,74.0
4.0,15.0,-31.94,115.96,10.0,56.0
4.0,9.0,-31.94,115.96,10.0,67.0
4.0,15.0,-31.94,115.96,10.0,59.0
4.0,9.0,-31.94,115.96,10.0,77.0
4.0,15.0,-31.94,115.96,10.0,47.0
4.0,9.0,-31.94,115.96,10.0,58.0
4.0,15.0,-31.94,115.96,10.0,30.0
4.0,9.0,-31.94,115.96,10.0,54.0
4.0,15.0,-31.94,115.96,10.0,40.0
4.0,9.0,-31.94,115.96,10.0,57.0
4.0,15.0,-31.94,115.96,10.0,38.0
4.0,9.0,-31.94,115.96,10.0,62.0
4.0,15.0,-31.94,115.96,10.0,36.0
4.0,9.0,-31.94,115.96,10.0,63.0
4.0,15.0,-31.94,115.96,10.0,42.0
4.0,9.0,-31.94,115.96,10.0,63.0
4.0,15.0,-31.94,115.96,10.0,36.0
4.0,9.0,-31.94,115.96,10.0,49.0
4.0,15.0,-31.94,115.96,10.0,30.0
4.0,9.0,-31.94,115.96,10.0,46.0
4.0,15.0,-31.94,115.96,10.0,26.0
4.0,9.0,-31.94,115.96,10.0,40.0
4.0,15.0,-31.94,115.96,10.0,21.0
4.0,9.0,-31.94,115.96,10.0,38.0
4.0,15.0,-31.94,115.96,10.0,22.0
4.0,9.0,-31.94,115.96,10.0,57.0
4.0,15.0,-31.94,115.96,10.0,52.0
