2.0,9.0,-31.94,115.96,10.0,65.0
2.0,15.0,-31.94,115.96,10.0,49.0
2.0,9.0,-31.94,115.96,10.0,72.0
2.0,15.0,-31.94,115.96,10.0,48.0
2.0,9.0,-31.94,115.96,10.0,52.0
2.0,15.0,-31.94,115.96,10.0,38.0
2.0,9.0,-31.94,115.96,10.0,57.0
2.0,15.0,-31.94,115.96,10.0,47.0
2.0,9.0,-31.94,115.96,10.0,52.0
2.0,15.0,-31.94,115.96,10.0,33.0
2.0,9.0,-31.94,115.96,10.0,46.0
2.0,15.0,-31.94,115.96,10.0,26.0
2.0,9.0,-31.94,115.96,10.0,58.0
2.0,15.0,-31.94,115.96,10.0,55.0
2.0,9.0,-31.94,115.96,10.0,41.0
2.0,15.0,-31.94,115.96,10.0,23.0
2.0,9.0,-31.94,115.96,10.0,83.0
2.0,15.0,-31.94,115.96,10.0,82.0
2.0,9.0,-31.94,115.96,10.0,86.0
2.0,15.0,-31.94,115.96,10.0,86.0
2.0,9.0,-31.94,115.96,10.0,74.0
2.0,15.0,-31.94,115.96,10.0,66.0
2.0,9.0,-31.94,115.96,10.0,71.0
2.0,15.0,-31.94,115.96,10.0,54.0
2.0,9.0,-31.94,115.96,10.0,69.0
2.0,15.0,-31.94,115.96,10.0,50.0
2.0,9.0,-31.94,115.96,10.0,66.0
2.0,15.0,-31.94,115.96,10.0,57.0
2.0,9.0,-31.94,115.96,10.0,71.0
2.0,15.0,-31.94,115.96,10.0,51.0
2.0,9.0,-31.94,115.96,10.0,56.0
2.0,15.0,-31.94,115.96,10.0,47.0
2.0,9.0,-31.94,115.96,10.0,50.0
2.0,15.0,-31.94,115.96,10.0,28.0
2.0,9.0,-31.94,115.96,10.0,49.0
2.0,15.0,-31.94,115.96,10.0,26.0
2.0,9.0,-31.94,115.96,10.0,34.0
2.0,15.0,-31.94,115.96,10.0,36.0
2.0,9.0,-31.94,115.96,10.0,62.0
2.0,15.0,-31.94,115.96,10.0,47.0
2.0,9.0,-31.94,115.96,10.0,55.0
2.0,15.0,-31.94,115.96,10.0,35.0
2.0,9.0,-31.94,115.96,10.0,48.0
2.0,15.0,-31.94,115.96,10.0,42.0
2.0,9.0,-31.94,115.96,10.0,52.0
2.0,15.0,-31.94,115.96,10.0,25.0
2.0,9.0,-31.94,115.96,10.0,37.0
2.0,15.0,-31.94,115.96,10.0,14.0
2.0,9.0,-31.94,115.96,10.0,25.0
2.0,15.0,-31.94,115.96,10.0,12.0
2.0,9.0,-31.94,115.96,10.0,61.0
2.0,15.0,-31.94,115.96,10.0,52.0
2.0,9.0,-31.94,115.96,10.0,55.0
2.0,15.0,-31.94,115.96,10.0,46.0
2.0,9.0,-31.94,115.96,10.0,51.0
2.0,15.0,-31.94,115.96,10.0,40.0
