8.0,9.0,-31.94,115.96,10.0,70.0
8.0,15.0,-31.94,115.96,10.0,38.0
8.0,9.0,-31.94,115.96,10.0,53.0
8.0,15.0,-31.94,115.96,10.0,35.0
8.0,9.0,-31.94,115.96,10.0,48.0
8.0,15.0,-31.94,115.96,10.0,43.0
8.0,9.0,-31.94,115.96,10.0,94.0
8.0,15.0,-31.94,115.96,10.0,76.0
8.0,9.0,-31.94,115.96,10.0,78.0
8.0,15.0,-31.94,115.96,10.0,64.0
8.0,9.0,-31.94,115.96,10.0,72.0
8.0,15.0,-31.94,115.96,10.0,81.0
8.0,9.0,-31.94,115.96,10.0,61.0
8.0,15.0,-31.94,115.96,10.0,40.0
8.0,9.0,-31.94,115.96,10.0,78.0
8.0,15.0,-31.94,115.96,10.0,62.0
8.0,9.0,-31.94,115.96,10.0,82.0
8.0,15.0,-31.94,115.96,10.0,43.0
8.0,9.0,-31.94,115.96,10.0,92.0
8.0,15.0,-31.94,115.96,10.0,55.0
8.0,9.0,-31.94,115.96,10.0,74.0
8.0,15.0,-31.94,115.96,10.0,49.0
8.0,9.0,-31.94,115.96,10.0,77.0
8.0,15.0,-31.94,115.96,10.0,36.0
8.0,9.0,-31.94,115.96,10.0,61.0
8.0,15.0,-31.94,115.96,10.0,48.0
8.0,9.0,-31.94,115.96,10.0,61.0
8.0,15.0,-31.94,115.96,10.0,39.0
8.0,9.0,-31.94,115.96,10.0,74.0
8.0,15.0,-31.94,115.96,10.0,59.0
8.0,9.0,-31.94,115.96,10.0,89.0
8.0,15.0,-31.94,115.96,10.0,47.0
8.0,9.0,-31.94,115.96,10.0,90.0
8.0,15.0,-31.94,115.96,10.0,84.0
8.0,9.0,-31.94,115.96,10.0,82.0
8.0,15.0,-31.94,115.96,10.0,48.0
8.0,9.0,-31.94,115.96,10.0,74.0
8.0,15.0,-31.94,115.96,10.0,56.0
8.0,9.0,-31.94,115.96,10.0,96.0
8.0,15.0,-31.94,115.96,10.0,51.0
8.0,9.0,-31.94,115.96,10.0,89.0
8.0,15.0,-31.94,115.96,10.0,55.0
8.0,9.0,-31.94,115.96,10.0,90.0
8.0,15.0,-31.94,115.96,10.0,36.0
8.0,9.0,-31.94,115.96,10.0,66.0
8.0,15.0,-31.94,115.96,10.0,36.0
8.0,9.0,-31.94,115.96,10.0,58.0
8.0,15.0,-31.94,115.96,10.0,35.0
8.0,9.0,-31.94,115.96,10.0,63.0
8.0,15.0,-31.94,115.96,10.0,44.0
8.0,9.0,-31.94,115.96,10.0,44.0
8.0,15.0,-31.94,115.96,10.0,43.0
8.0,9.0,-31.94,115.96,10.0,93.0
8.0,15.0,-31.94,115.96,10.0,68.0
8.0,9.0,-31.94,115.96,10.0,67.0
8.0,15.0,-31.94,115.96,10.0,64.0
8.0,9.0,-31.94,115.96,10.0,66.0
8.0,15.0,-31.94,115.96,10.0,48.0
8.0,9.0,-31.94,115.96,10.0,75.0
8.0,15.0,-31.94,115.96,10.0,50.0
8.0,9.0,-31.94,115.96,10.0,95.0
8.0,15.0,-31.94,115.96,10.0,50.0
