11.0,9.0,-31.94,115.96,10.0,45.0
11.0,15.0,-31.94,115.96,10.0,34.0
11.0,9.0,-31.94,115.96,10.0,41.0
11.0,15.0,-31.94,115.96,10.0,24.0
11.0,9.0,-31.94,115.96,10.0,57.0
11.0,15.0,-31.94,115.96,10.0,46.0
11.0,9.0,-31.94,115.96,10.0,65.0
11.0,15.0,-31.94,115.96,10.0,45.0
11.0,9.0,-31.94,115.96,10.0,40.0
11.0,15.0,-31.94,115.96,10.0,17.0
11.0,9.0,-31.94,115.96,10.0,58.0
11.0,15.0,-31.94,115.96,10.0,57.0
11.0,9.0,-31.94,115.96,10.0,42.0
11.0,15.0,-31.94,115.96,10.0,39.0
11.0,9.0,-31.94,115.96,10.0,45.0
11.0,15.0,-31.94,115.96,10.0,40.0
11.0,9.0,-31.94,115.96,10.0,58.0
11.0,15.0,-31.94,115.96,10.0,39.0
11.0,9.0,-31.94,115.96,10.0,51.0
11.0,15.0,-31.94,115.96,10.0,83.0
11.0,9.0,-31.94,115.96,10.0,47.0
11.0,15.0,-31.94,115.96,10.0,38.0
11.0,9.0,-31.94,115.96,10.0,42.0
11.0,15.0,-31.94,115.96,10.0,46.0
11.0,9.0,-31.94,115.96,10.0,38.0
11.0,15.0,-31.94,115.96,10.0,10.0
11.0,9.0,-31.94,115.96,10.0,12.0
11.0,15.0,-31.94,115.96,10.0,6.0
11.0,9.0,-31.94,115.96,10.0,15.0
11.0,15.0,-31.94,115.96,10.0,59.0
11.0,9.0,-31.94,115.96,10.0,65.0
11.0,15.0,-31.94,115.96,10.0,66.0
11.0,9.0,-31.94,115.96,10.0,40.0
11.0,15.0,-31.94,115.96,10.0,38.0
11.0,9.0,-31.94,115.96,10.0,38.0
11.0,15.0,-31.94,115.96,10.0,29.0
11.0,9.0,-31.94,115.96,10.0,45.0
11.0,15.0,-31.94,115.96,10.0,36.0
11.0,9.0,-31.94,115.96,10.0,38.0
11.0,15.0,-31.94,115.96,10.0,40.0
11.0,9.0,-31.94,115.96,10.0,44.0
11.0,15.0,-31.94,115.96,10.0,35.0
11.0,9.0,-31.94,115.96,10.0,29.0
11.0,15.0,-31.94,115.96,10.0,25.0
11.0,9.0,-31.94,115.96,10.0,28.0
11.0,15.0,-31.94,115.96,10.0,17.0
11.0,9.0,-31.94,115.96,10.0,30.0
11.0,15.0,-31.94,115.96,10.0,14.0
11.0,9.0,-31.94,115.96,10.0,30.0
11.0,15.0,-31.94,115.96,10.0,14.0
11.0,9.0,-31.94,115.96,10.0,19.0
11.0,15.0,-31.94,115.96,10.0,8.0
11.0,9.0,-31.94,115.96,10.0,36.0
11.0,15.0,-31.94,115.96,10.0,23.0
11.0,9.0,-31.94,115.96,10.0,45.0
11.0,15.0,-31.94,115.96,10.0,40.0
11.0,9.0,-31.94,115.96,10.0,51.0
11.0,15.0,-31.94,115.96,10.0,41.0
11.0,9.0,-31.94,115.96,10.0,44.0
11.0,15.0,-31.94,115.96,10.0,37.0
