10.0,9.0,-31.94,115.96,10.0,63.0
10.0,15.0,-31.94,115.96,10.0,70.0
10.0,9.0,-31.94,115.96,10.0,49.0
10.0,15.0,-31.94,115.96,10.0,51.0
10.0,9.0,-31.94,115.96,10.0,75.0
10.0,15.0,-31.94,115.96,10.0,82.0
10.0,9.0,-31.94,115.96,10.0,84.0
10.0,15.0,-31.94,115.96,10.0,59.0
10.0,9.0,-31.94,115.96,10.0,67.0
10.0,15.0,-31.94,115.96,10.0,36.0
10.0,9.0,-31.94,115.96,10.0,76.0
10.0,15.0,-31.94,115.96,10.0,55.0
10.0,9.0,-31.94,115.96,10.0,76.0
10.0,15.0,-31.94,115.96,10.0,50.0
10.0,9.0,-31.94,115.96,10.0,91.0
10.0,15.0,-31.94,115.96,10.0,69.0
10.0,9.0,-31.94,115.96,10.0,60.0
10.0,15.0,-31.94,115.96,10.0,44.0
10.0,9.0,-31.94,115.96,10.0,48.0
10.0,15.0,-31.94,115.96,10.0,40.0
10.0,9.0,-31.94,115.96,10.0,47.0
10.0,15.0,-31.94,115.96,10.0,21.0
10.0,9.0,-31.94,115.96,10.0,26.0
10.0,15.0,-31.94,115.96,10.0,14.0
10.0,9.0,-31.94,115.96,10.0,56.0
10.0,15.0,-31.94,115.96,10.0,56.0
10.0,9.0,-31.94,115.96,10.0,64.0
10.0,15.0,-31.94,115.96,10.0,48.0
10.0,9.0,-31.94,115.96,10.0,67.0
10.0,15.0,-31.94,115.96,10.0,39.0
10.0,9.0,-31.94,115.96,10.0,42.0
10.0,15.0,-31.94,115.96,10.0,43.0
10.0,9.0,-31.94,115.96,10.0,54.0
10.0,15.0,-31.94,115.96,10.0,57.0
10.0,9.0,-31.94,115.96,10.0,47.0
10.0,15.0,-31.94,115.96,10.0,41.0
10.0,9.0,-31.94,115.96,10.0,53.0
10.0,15.0,-31.94,115.96,10.0,49.0
10.0,9.0,-31.94,115.96,10.0,47.0
10.0,15.0,-31.94,115.96,10.0,31.0
10.0,9.0,-31.94,115.96,10.0,41.0
10.0,15.0,-31.94,115.96,10.0,23.0
10.0,9.0,-31.94,115.96,10.0,28.0
10.0,15.0,-31.94,115.96,10.0,10.0
10.0,9.0,-31.94,115.96,10.0,22.0
10.0,15.0,-31.94,115.96,10.0,19.0
10.0,9.0,-31.94,115.96,10.0,55.0
10.0,15.0,-31.94,115.96,10.0,53.0
10.0,9.0,-31.94,115.96,10.0,49.0
10.0,15.0,-31.94,115.96,10.0,60.0
10.0,9.0,-31.94,115.96,10.0,56.0
10.0,15.0,-31.94,115.96,10.0,45.0
10.0,9.0,-31.94,115.96,10.0,49.0
10.0,15.0,-31.94,115.96,10.0,41.0
10.0,9.0,-31.94,115.96,10.0,54.0
10.0,15.0,-31.94,115.96,10.0,38.0
10.0,9.0,-31.94,115.96,10.0,65.0
10.0,15.0,-31.94,115.96,10.0,44.0
10.0,9.0,-31.94,115.96,10.0,38.0
10.0,15.0,-31.94,115.96,10.0,36.0
10.0,9.0,-31.94,115.96,10.0,47.0
10.0,15.0,-31.94,115.96,10.0,40.0
