3.0,9.0,-31.94,115.96,10.0,53.0
3.0,15.0,-31.94,115.96,10.0,32.0
3.0,9.0,-31.94,115.96,10.0,91.0
3.0,15.0,-31.94,115.96,10.0,82.0
3.0,9.0,-31.94,115.96,10.0,65.0
3.0,15.0,-31.94,115.96,10.0,32.0
3.0,9.0,-31.94,115.96,10.0,51.0
3.0,15.0,-31.94,115.96,10.0,30.0
3.0,9.0,-31.94,115.96,10.0,54.0
3.0,15.0,-31.94,115.96,10.0,28.0
3.0,9.0,-31.94,115.96,10.0,53.0
3.0,15.0,-31.94,115.96,10.0,37.0
3.0,9.0,-31.94,115.96,10.0,66.0
3.0,15.0,-31.94,115.96,10.0,40.0
3.0,9.0,-31.94,115.96,10.0,54.0
3.0,15.0,-31.94,115.96,10.0,31.0
3.0,9.0,-31.94,115.96,10.0,65.0
3.0,15.0,-31.94,115.96,10.0,39.0
3.0,9.0,-31.94,115.96,10.0,58.0
3.0,15.0,-31.94,115.96,10.0,34.0
3.0,9.0,-31.94,115.96,10.0,55.0
3.0,15.0,-31.94,115.96,10.0,26.0
3.0,9.0,-31.94,115.96,10.0,47.0
3.0,15.0,-31.94,115.96,10.0,67.0
3.0,9.0,-31.94,115.96,10.0,72.0
3.0,15.0,-31.94,115.96,10.0,58.0
3.0,9.0,-31.94,115.96,10.0,66.0
3.0,15.0,-31.94,115.96,10.0,51.0
3.0,9.0,-31.94,115.96,10.0,50.0
3.0,15.0,-31.94,115.96,10.0,28.0
3.0,9.0,-31.94,115.96,10.0,48.0
3.0,15.0,-31.94,115.96,10.0,25.0
3.0,9.0,-31.94,115.96,10.0,50.0
3.0,15.0,-31.94,115.96,10.0,55.0
3.0,9.0,-31.94,115.96,10.0,91.0
3.0,15.0,-31.94,115.96,10.0,56.0
3.0,9.0,-31.94,115.96,10.0,47.0
3.0,15.0,-31.94,115.96,10.0,25.0
3.0,9.0,-31.94,115.96,10.0,47.0
3.0,15.0,-31.94,115.96,10.0,29.0
3.0,9.0,-31.94,115.96,10.0,49.0
3.0,15.0,-31.94,115.96,10.0,79.0
3.0,9.0,-31.94,115.96,10.0,72.0
3.0,15.0,-31.94,115.96,10.0,62.0
3.0,9.0,-31.94,115.96,10.0,73.0
3.0,15.0,-31.94,115.96,10.0,50.0
3.0,9.0,-31.94,115.96,10.0,69.0
3.0,15.0,-31.94,115.96,10.0,53.0
3.0,9.0,-31.94,115.96,10.0,60.0
3.0,15.0,-31.94,115.96,10.0,51.0
3.0,9.0,-31.94,115.96,10.0,50.0
3.0,15.0,-31.94,115.96,10.0,44.0
3.0,9.0,-31.94,115.96,10.0,53.0
3.0,15.0,-31.94,115.96,10.0,31.0
3.0,9.0,-31.94,115.96,10.0,62.0
3.0,15.0,-31.94,115.96,10.0,58.0
3.0,9.0,-31.94,115.96,10.0,44.0
3.0,15.0,-31.94,115.96,10.0,20.0
3.0,9.0,-31.94,115.96,10.0,41.0
3.0,15.0,-31.94,115.96,10.0,24.0
3.0,9.0,-31.94,115.96,10.0,35.0
3.0,15.0,-31.94,115.96,10.0,19.0
