1.0,9.0,-31.94,115.96,10.0,41.0
1.0,15.0,-31.94,115.96,10.0,14.0
1.0,9.0,-31.94,115.96,10.0,29.0
1.0,15.0,-31.94,115.96,10.0,12.0
1.0,9.0,-31.94,115.96,10.0,23.0
1.0,15.0,-31.94,115.96,10.0,8.0
1.0,9.0,-31.94,115.96,10.0,17.0
1.0,15.0,-31.94,115.96,10.0,10.0
1.0,9.0,-31.94,115.96,10.0,71.0
1.0,15.0,-31.94,115.96,10.0,54.0
1.0,9.0,-31.94,115.96,10.0,44.0
1.0,15.0,-31.94,115.96,10.0,43.0
1.0,9.0,-31.94,115.96,10.0,48.0
1.0,15.0,-31.94,115.96,10.0,43.0
1.0,9.0,-31.94,115.96,10.0,42.0
1.0,15.0,-31.94,115.96,10.0,35.0
1.0,9.0,-31.94,115.96,10.0,38.0
1.0,15.0,-31.94,115.96,10.0,24.0
1.0,9.0,-31.94,115.96,10.0,29.0
1.0,15.0,-31.94,115.96,10.0,24.0
1.0,9.0,-31.94,115.96,10.0,35.0
1.0,15.0,-31.94,115.96,10.0,35.0
1.0,9.0,-31.94,115.96,10.0,36.0
1.0,15.0,-31.94,115.96,10.0,39.0
1.0,9.0,-31.94,115.96,10.0,40.0
1.0,15.0,-31.94,115.96,10.0,37.0
1.0,9.0,-31.94,115.96,10.0,33.0
1.0,15.0,-31.94,115.96,10.0,11.0
1.0,9.0,-31.94,115.96,10.0,30.0
1.0,15.0,-31.94,115.96,10.0,31.0
1.0,9.0,-31.94,115.96,10.0,53.0
1.0,15.0,-31.94,115.96,10.0,45.0
1.0,9.0,-31.94,115.96,10.0,42.0
1.0,15.0,-31.94,115.96,10.0,25.0
1.0,9.0,-31.94,115.96,10.0,40.0
1.0,15.0,-31.94,115.96,10.0,20.0
1.0,9.0,-31.94,115.96,10.0,52.0
1.0,15.0,-31.94,115.96,10.0,41.0
1.0,9.0,-31.94,115.96,10.0,41.0
1.0,15.0,-31.94,115.96,10.0,35.0
1.0,9.0,-31.94,115.96,10.0,44.0
1.0,15.0,-31.94,115.96,10.0,24.0
1.0,9.0,-31.94,115.96,10.0,56.0
1.0,15.0,-31.94,115.96,10.0,37.0
1.0,9.0,-31.94,115.96,10.0,47.0
1.0,15.0,-31.94,115.96,10.0,37.0
1.0,9.0,-31.94,115.96,10.0,38.0
1.0,15.0,-31.94,115.96,10.0,24.0
1.0,9.0,-31.94,115.96,10.0,26.0
1.0,15.0,-31.94,115.96,10.0,10.0
1.0,9.0,-31.94,115.96,10.0,11.0
1.0,15.0,-31.94,115.96,10.0,7.0
1.0,9.0,-31.94,115.96,10.0,31.0
1.0,15.0,-31.94,115.96,10.0,33.0
1.0,9.0,-31.94,115.96,10.0,38.0
1.0,15.0,-31.94,115.96,10.0,26.0
1.0,9.0,-31.94,115.96,10.0,85.0
1.0,15.0,-31.94,115.96,10.0,79.0
1.0,9.0,-31.94,115.96,10.0,91.0
1.0,15.0,-31.94,115.96,10.0,88.0
1.0,9.0,-31.94,115.96,10.0,89.0
1.0,15.0,-31.94,115.96,10.0,88.0
