12.0,9.0,-31.94,115.96,10.0,53.0
12.0,15.0,-31.94,115.96,10.0,38.0
12.0,9.0,-31.94,115.96,10.0,42.0
12.0,15.0,-31.94,115.96,10.0,34.0
12.0,9.0,-31.94,115.96,10.0,48.0
12.0,15.0,-31.94,115.96,10.0,58.0
12.0,9.0,-31.94,115.96,10.0,39.0
12.0,15.0,-31.94,115.96,10.0,34.0
12.0,9.0,-31.94,115.96,10.0,46.0
12.0,15.0,-31.94,115.96,10.0,35.0
12.0,9.0,-31.94,115.96,10.0,47.0
12.0,15.0,-31.94,115.96,10.0,40.0
12.0,9.0,-31.94,115.96,10.0,58.0
12.0,15.0,-31.94,115.96,10.0,39.0
12.0,9.0,-31.94,115.96,10.0,34.0
12.0,15.0,-31.94,115.96,10.0,13.0
12.0,9.0,-31.94,115.96,10.0,24.0
12.0,15.0,-31.94,115.96,10.0,12.0
12.0,9.0,-31.94,115.96,10.0,13.0
12.0,15.0,-31.94,115.96,10.0,17.0
12.0,9.0,-31.94,115.96,10.0,60.0
12.0,15.0,-31.94,115.96,10.0,30.0
12.0,9.0,-31.94,115.96,10.0,89.0
12.0,15.0,-31.94,115.96,10.0,56.0
12.0,9.0,-31.94,115.96,10.0,52.0
12.0,15.0,-31.94,115.96,10.0,41.0
12.0,9.0,-31.94,115.96,10.0,47.0
12.0,15.0,-31.94,115.96,10.0,25.0
12.0,9.0,-31.94,115.96,10.0,31.0
12.0,15.0,-31.94,115.96,10.0,15.0
12.0,9.0,-31.94,115.96,10.0,45.0
12.0,15.0,-31.94,115.96,10.0,22.0
12.0,9.0,-31.94,115.96,10.0,40.0
12.0,15.0,-31.94,115.96,10.0,34.0
12.0,9.0,-31.94,115.96,10.0,45.0
12.0,15.0,-31.94,115.96,10.0,47.0
12.0,9.0,-31.94,115.96,10.0,44.0
12.0,15.0,-31.94,115.96,10.0,39.0
12.0,9.0,-31.94,115.96,10.0,38.0
12.0,15.0,-31.94,115.96,10.0,17.0
12.0,9.0,-31.94,115.96,10.0,22.0
12.0,15.0,-31.94,115.96,10.0,12.0
12.0,9.0,-31.94,115.96,10.0,64.0
12.0,15.0,-31.94,115.96,10.0,44.0
12.0,9.0,-31.94,115.96,10.0,37.0
12.0,15.0,-31.94,115.96,10.0,22.0
12.0,9.0,-31.94,115.96,10.0,41.0
12.0,15.0,-31.94,115.96,10.0,42.0
12.0,9.0,-31.94,115.96,10.0,41.0
12.0,15.0,-31.94,115.96,10.0,24.0
12.0,9.0,-31.94,115.96,10.0,39.0
12.0,15.0,-31.94,115.96,10.0,41.0
12.0,9.0,-31.94,115.96,10.0,41.0
12.0,15.0,-31.94,115.96,10.0,37.0
12.0,9.0,-31.94,115.96,10.0,39.0
12.0,15.0,-31.94,115.96,10.0,36.0
12.0,9.0,-31.94,115.96,10.0,41.0
12.0,15.0,-31.94,115.96,10.0,41.0
12.0,9.0,-31.94,115.96,10.0,51.0
12.0,15.0,-31.94,115.96,10.0,43.0
12.0,9.0,-31.94,115.96,10.0,46.0
12.0,15.0,-31.94,115.96,10.0,35.0
