5.0,9.0,-31.94,115.96,10.0,57.0
5.0,15.0,-31.94,115.96,10.0,33.0
5.0,9.0,-31.94,115.96,10.0,49.0
5.0,15.0,-31.94,115.96,10.0,29.0
5.0,9.0,-31.94,115.96,10.0,38.0
5.0,15.0,-31.94,115.96,10.0,30.0
5.0,9.0,-31.94,115.96,10.0,77.0
5.0,15.0,-31.94,115.96,10.0,58.0
5.0,9.0,-31.94,115.96,10.0,85.0
5.0,15.0,-31.94,115.96,10.0,52.0
5.0,9.0,-31.94,115.96,10.0,76.0
5.0,15.0,-31.94,115.96,10.0,34.0
5.0,9.0,-31.94,115.96,10.0,51.0
5.0,15.0,-31.94,115.96,10.0,23.0
5.0,9.0,-31.94,115.96,10.0,49.0
5.0,15.0,-31.94,115.96,10.0,62.0
5.0,9.0,-31.94,115.96,10.0,83.0
5.0,15.0,-31.94,115.96,10.0,50.0
5.0,9.0,-31.94,115.96,10.0,55.0
5.0,15.0,-31.94,115.96,10.0,34.0
5.0,9.0,-31.94,115.96,10.0,62.0
5.0,15.0,-31.94,115.96,10.0,35.0
5.0,9.0,-31.94,115.96,10.0,74.0
5.0,15.0,-31.94,115.96,10.0,33.0
5.0,9.0,-31.94,115.96,10.0,55.0
5.0,15.0,-31.94,115.96,10.0,39.0
5.0,9.0,-31.94,115.96,10.0,38.0
5.0,15.0,-31.94,115.96,10.0,52.0
5.0,9.0,-31.94,115.96,10.0,58.0
5.0,15.0,-31.94,115.96,10.0,62.0
5.0,9.0,-31.94,115.96,10.0,83.0
5.0,15.0,-31.94,115.96,10.0,51.0
5.0,9.0,-31.94,115.96,10.0,78.0
5.0,15.0,-31.94,115.96,10.0,52.0
5.0,9.0,-31.94,115.96,10.0,54.0
5.0,15.0,-31.94,115.96,10.0,28.0
5.0,9.0,-31.94,115.96,10.0,96.0
5.0,15.0,-31.94,115.96,10.0,62.0
5.0,9.0,-31.94,115.96,10.0,84.0
5.0,15.0,-31.94,115.96,10.0,79.0
5.0,9.0,-31.94,115.96,10.0,90.0
5.0,15.0,-31.94,115.96,10.0,54.0
5.0,9.0,-31.94,115.96,10.0,87.0
5.0,15.0,-31.94,115.96,10.0,57.0
5.0,9.0,-31.94,115.96,10.0,97.0
5.0,15.0,-31.94,115.96,10.0,86.0
5.0,9.0,-31.94,115.96,10.0,89.0
5.0,15.0,-31.94,115.96,10.0,51.0
5.0,9.0,-31.94,115.96,10.0,76.0
5.0,15.0,-31.94,115.96,10.0,41.0
5.0,9.0,-31.94,115.96,10.0,89.0
5.0,15.0,-31.94,115.96,10.0,55.0
5.0,9.0,-31.94,115.96,10.0,61.0
5.0,15.0,-31.94,115.96,10.0,43.0
5.0,9.0,-31.94,115.96,10.0,76.0
5.0,15.0,-31.94,115.96,10.0,45.0
5.0,9.0,-31.94,115.96,10.0,64.0
5.0,15.0,-31.94,115.96,10.0,37.0
5.0,9.0,-31.94,115.96,10.0,48.0
5.0,15.0,-31.94,115.96,10.0,34.0
5.0,9.0,-31.94,115.96,10.0,56.0
5.0,15.0,-31.94,115.96,10.0,33.0
