9.0,9.0,-31.94,115.96,10.0,74.0
9.0,15.0,-31.94,115.96,10.0,48.0
9.0,9.0,-31.94,115.96,10.0,72.0
9.0,15.0,-31.94,115.96,10.0,48.0
9.0,9.0,-31.94,115.96,10.0,70.0
9.0,15.0,-31.94,115.96,10.0,42.0
9.0,9.0,-31.94,115.96,10.0,64.0
9.0,15.0,-31.94,115.96,10.0,38.0
9.0,9.0,-31.94,115.96,10.0,82.0
9.0,15.0,-31.94,115.96,10.0,58.0
9.0,9.0,-31.94,115.96,10.0,77.0
9.0,15.0,-31.94,115.96,10.0,50.0
9.0,9.0,-31.94,115.96,10.0,63.0
9.0,15.0,-31.94,115.96,10.0,45.0
9.0,9.0,-31.94,115.96,10.0,56.0
9.0,15.0,-31.94,115.96,10.0,43.0
9.0,9.0,-31.94,115.96,10.0,70.0
9.0,15.0,-31.94,115.96,10.0,52.0
9.0,9.0,-31.94,115.96,10.0,82.0
9.0,15.0,-31.94,115.96,10.0,62.0
9.0,9.0,-31.94,115.96,10.0,60.0
9.0,15.0,-31.94,115.96,10.0,56.0
9.0,9.0,-31.94,115.96,10.0,46.0
9.0,15.0,-31.94,115.96,10.0,36.0
9.0,9.0,-31.94,115.96,10.0,44.0
9.0,15.0,-31.94,115.96,10.0,29.0
9.0,9.0,-31.94,115.96,10.0,55.0
9.0,15.0,-31.94,115.96,10.0,34.0
9.0,9.0,-31.94,115.96,10.0,57.0
9.0,15.0,-31.94,115.96,10.0,55.0
9.0,9.0,-31.94,115.96,10.0,58.0
9.0,15.0,-31.94,115.96,10.0,37.0
9.0,9.0,-31.94,115.96,10.0,53.0
9.0,15.0,-31.94,115.96,10.0,37.0
9.0,9.0,-31.94,115.96,10.0,59.0
9.0,15.0,-31.94,115.96,10.0,58.0
9.0,9.0,-31.94,115.96,10.0,61.0
9.0,15.0,-31.94,115.96,10.0,55.0
9.0,9.0,-31.94,115.96,10.0,55.0
9.0,15.0,-31.94,115.96,10.0,43.0
9.0,9.0,-31.94,115.96,10.0,62.0
9.0,15.0,-31.94,115.96,10.0,27.0
9.0,9.0,-31.94,115.96,10.0,74.0
9.0,15.0,-31.94,115.96,10.0,75.0
9.0,9.0,-31.94,115.96,10.0,66.0
9.0,15.0,-31.94,115.96,10.0,43.0
9.0,9.0,-31.94,115.96,10.0,71.0
9.0,15.0,-31.94,115.96,10.0,43.0
9.0,9.0,-31.94,115.96,10.0,74.0
9.0,15.0,-31.94,115.96,10.0,41.0
9.0,9.0,-31.94,115.96,10.0,66.0
9.0,15.0,-31.94,115.96,10.0,58.0
9.0,9.0,-31.94,115.96,10.0,56.0
9.0,15.0,-31.94,115.96,10.0,69.0
9.0,9.0,-31.94,115.96,10.0,52.0
9.0,15.0,-31.94,115.96,10.0,40.0
9.0,9.0,-31.94,115.96,10.0,45.0
9.0,15.0,-31.94,115.96,10.0,33.0
9.0,9.0,-31.94,115.96,10.0,67.0
9.0,15.0,-31.94,115.96,10.0,52.0
