6.0,3.0,-33.87,151.21,55.0,8.0
6.0,12.0,-33.87,151.21,55.0,18.3
6.0,9.0,-33.87,151.21,55.0,10.3
6.0,15.0,-33.87,151.21,55.0,17.8
6.0,3.0,-33.87,151.21,55.0,8.5
6.0,12.0,-33.87,151.21,55.0,18.1
6.0,9.0,-33.87,151.21,55.0,10.7
6.0,15.0,-33.87,151.21,55.0,16.4
6.0,3.0,-33.87,151.21,55.0,10.7
6.0,12.0,-33.87,151.21,55.0,17.4
6.0,9.0,-33.87,151.21,55.0,13.4
6.0,15.0,-33.87,151.21,55.0,16.4
6.0,3.0,-33.87,151.21,55.0,10.5
6.0,12.0,-33.87,151.21,55.0,19.7
6.0,9.0,-33.87,151.21,55.0,12.2
6.0,15.0,-33.87,151.21,55.0,19.0
6.0,3.0,-33.87,151.21,55.0,9.4
6.0,12.0,-33.87,151.21,55.0,19.6
6.0,9.0,-33.87,151.21,55.0,11.5
6.0,15.0,-33.87,151.21,55.0,19.2
6.0,3.0,-33.87,151.21,55.0,9.1
6.0,12.0,-33.87,151.21,55.0,17.9
6.0,9.0,-33.87,151.21,55.0,11.2
6.0,15.0,-33.87,151.21,55.0,14.7
6.0,3.0,-33.87,151.21,55.0,8.8
6.0,12.0,-33.87,151.21,55.0,15.5
6.0,9.0,-33.87,151.21,55.0,13.3
6.0,15.0,-33.87,151.21,55.0,14.2
6.0,3.0,-33.87,151.21,55.0,12.4
6.0,12.0,-33.87,151.21,55.0,18.1
6.0,9.0,-33.87,151.21,55.0,13.3
6.0,15.0,-33.87,151.21,55.0,16.9
6.0,3.0,-33.87,151.21,55.0,10.4
6.0,12.0,-33.87,151.21,55.0,18.9
6.0,9.0,-33.87,151.21,55.0,12.5
6.0,15.0,-33.87,151.21,55.0,18.2
6.0,3.0,-33.87,151.21,55.0,12.5
6.0,12.0,-33.87,151.21,55.0,18.1
6.0,9.0,-33.87,151.21,55.0,15.8
6.0,15.0,-33.87,151.21,55.0,17.5
6.0,3.0,-33.87,151.21,55.0,12.5
6.0,12.0,-33.87,151.21,55.0,17.2
6.0,9.0,-33.87,151.21,55.0,13.1
6.0,15.0,-33.87,151.21,55.0,16.0
6.0,3.0,-33.87,151.21,55.0,11.3
6.0,12.0,-33.87,151.21,55.0,20.4
6.0,9.0,-33.87,151.21,55.0,11.6
6.0,15.0,-33.87,151.21,55.0,19.1
6.0,3.0,-33.87,151.21,55.0,9.5
6.0,12.0,-33.87,151.21,55.0,18.7
6.0,9.0,-33.87,151.21,55.0,11.2
6.0,15.0,-33.87,151.21,55.0,18.2
6.0,3.0,-33.87,151.21,55.0,11.1
6.0,12.0,-33.87,151.21,55.0,17.8
6.0,9.0,-33.87,151.21,55.0,13.3
6.0,15.0,-33.87,151.21,55.0,17.4
6.0,3.0,-33.87,151.21,55.0,10.7
6.0,12.0,-33.87,151.21,55.0,20.1
6.0,9.0,-33.87,151.21,55.0,11.9
6.0,15.0,-33.87,151.21,55.0,18.7
6.0,3.0,-33.87,151.21,55.0,11.9
6.0,12.0,-33.87,151.21,55.0,17.3
6.0,9.0,-33.87,151.21,55.0,13.3
6.0,15.0,-33.87,151.21,55.0,17.2
6.0,3.0,-33.87,151.21,55.0,13.2
6.0,12.0,-33.87,151.21,55.0,19.1
6.0,9.0,-33.87,151.21,55.0,14.6
6.0,15.0,-33.87,151.21,55.0,17.4
6.0,3.0,-33.87,151.21,55.0,11.3
6.0,12.0,-33.87,151.21,55.0,18.0
6.0,9.0,-33.87,151.21,55.0,12.9
6.0,15.0,-33.87,151.21,55.0,17.6
6.0,3.0,-33.87,151.21,55.0,11.2
6.0,12.0,-33.87,151.21,55.0,18.3
6.0,9.0,-33.87,151.21,55.0,12.7
6.0,15.0,-33.87,151.21,55.0,17.2
6.0,3.0,-33.87,151.21,55.0,11.3
6.0,12.0,-33.87,151.21,55.0,20.0
6.0,9.0,-33.87,151.21,55.0,11.9
6.0,15.0,-33.87,151.21,55.0,19.7
6.0,3.0,-33.87,151.21,55.0,8.6
6.0,12.0,-33.87,151.21,55.0,19.6
6.0,9.0,-33.87,151.21,55.0,10.5
6.0,15.0,-33.87,151.21,55.0,17.9
6.0,3.0,-33.87,151.21,55.0,9.3
6.0,12.0,-33.87,151.21,55.0,19.2
6.0,9.0,-33.87,151.21,55.0,11.0
6.0,15.0,-33.87,151.21,55.0,18.7
6.0,3.0,-33.87,151.21,55.0,9.4
6.0,12.0,-33.87,151.21,55.0,17.7
6.0,9.0,-33.87,151.21,55.0,10.2
6.0,15.0,-33.87,151.21,55.0,17.3
6.0,3.0,-33.87,151.21,55.0,10.1
6.0,12.0,-33.87,151.21,55.0,19.3
6.0,9.0,-33.87,151.21,55.0,12.4
6.0,15.0,-33.87,151.21,55.0,19.0
6.0,3.0,-33.87,151.21,55.0,7.6
6.0,12.0,-33.87,151.21,55.0,19.3
6.0,9.0,-33.87,151.21,55.0,9.4
6.0,15.0,-33.87,151.21,55.0,18.8
6.0,3.0,-33.87,151.21,55.0,8.3
6.0,12.0,-33.87,151.21,55.0,18.8
6.0,9.0,-33.87,151.21,55.0,10.5
6.0,15.0,-33.87,151.21,55.0,18.4
6.0,3.0,-33.87,151.21,55.0,7.8
6.0,12.0,-33.87,151.21,55.0,14.8
6.0,9.0,-33.87,151.21,55.0,9.4
6.0,15.0,-33.87,151.21,55.0,14.6
6.0,3.0,-33.87,151.21,55.0,9.3
6.0,12.0,-33.87,151.21,55.0,14.3
6.0,9.0,-33.87,151.21,55.0,12.6
6.0,15.0,-33.87,151.21,55.0,12.9
6.0,3.0,-33.87,151.21,55.0,9.8
6.0,12.0,-33.87,151.21,55.0,16.9
6.0,9.0,-33.87,151.21,55.0,10.4
6.0,15.0,-33.87,151.21,55.0,16.3
6.0,3.0,-33.87,151.21,55.0,9.2
6.0,12.0,-33.87,151.21,55.0,16.5
6.0,9.0,-33.87,151.21,55.0,11.1
6.0,15.0,-33.87,151.21,55.0,15.4
