5.0,3.0,-33.87,151.21,55.0,13.2
5.0,12.0,-33.87,151.21,55.0,25.6
5.0,9.0,-33.87,151.21,55.0,15.9
5.0,15.0,-33.87,151.21,55.0,24.2
5.0,3.0,-33.87,151.21,55.0,14.6
5.0,12.0,-33.87,151.21,55.0,23.9
5.0,9.0,-33.87,151.21,55.0,17.2
5.0,15.0,-33.87,151.21,55.0,23.2
5.0,3.0,-33.87,151.21,55.0,14.9
5.0,12.0,-33.87,151.21,55.0,18.4
5.0,9.0,-33.87,151.21,55.0,16.9
5.0,15.0,-33.87,151.21,55.0,16.3
5.0,3.0,-33.87,151.21,55.0,11.8
5.0,12.0,-33.87,151.21,55.0,20.0
5.0,9.0,-33.87,151.21,55.0,14.7
5.0,15.0,-33.87,151.21,55.0,19.5
5.0,3.0,-33.87,151.21,55.0,12.7
5.0,12.0,-33.87,151.21,55.0,21.6
5.0,9.0,-33.87,151.21,55.0,15.1
5.0,15.0,-33.87,151.21,55.0,20.5
5.0,3.0,-33.87,151.21,55.0,12.7
5.0,12.0,-33.87,151.21,55.0,26.2
5.0,9.0,-33.87,151.21,55.0,14.8
5.0,15.0,-33.87,151.21,55.0,25.2
5.0,3.0,-33.87,151.21,55.0,14.6
5.0,12.0,-33.87,151.21,55.0,22.2
5.0,9.0,-33.87,151.21,55.0,17.2
5.0,15.0,-33.87,151.21,55.0,21.1
5.0,3.0,-33.87,151.21,55.0,10.2
5.0,12.0,-33.87,151.21,55.0,20.1
5.0,9.0,-33.87,151.21,55.0,12.2
5.0,15.0,-33.87,151.21,55.0,18.9
5.0,3.0,-33.87,151.21,55.0,10.7
5.0,12.0,-33.87,151.21,55.0,21.0
5.0,9.0,-33.87,151.21,55.0,13.3
5.0,15.0,-33.87,151.21,55.0,19.8
5.0,3.0,-33.87,151.21,55.0,10.5
5.0,12.0,-33.87,151.21,55.0,21.7
5.0,9.0,-33.87,151.21,55.0,13.3
5.0,15.0,-33.87,151.21,55.0,20.3
5.0,3.0,-33.87,151.21,55.0,10.9
5.0,12.0,-33.87,151.21,55.0,22.1
5.0,9.0,-33.87,151.21,55.0,13.4
5.0,15.0,-33.87,151.21,55.0,19.7
5.0,3.0,-33.87,151.21,55.0,12.5
5.0,12.0,-33.87,151.21,55.0,19.6
5.0,9.0,-33.87,151.21,55.0,14.1
5.0,15.0,-33.87,151.21,55.0,18.5
5.0,3.0,-33.87,151.21,55.0,14.0
5.0,12.0,-33.87,151.21,55.0,21.3
5.0,9.0,-33.87,151.21,55.0,15.8
5.0,15.0,-33.87,151.21,55.0,20.1
5.0,3.0,-33.87,151.21,55.0,14.7
5.0,12.0,-33.87,151.21,55.0,18.7
5.0,9.0,-33.87,151.21,55.0,16.3
5.0,15.0,-33.87,151.21,55.0,18.1
5.0,3.0,-33.87,151.21,55.0,13.1
5.0,12.0,-33.87,151.21,55.0,20.8
5.0,9.0,-33.87,151.21,55.0,14.6
5.0,15.0,-33.87,151.21,55.0,20.2
5.0,3.0,-33.87,151.21,55.0,11.1
5.0,12.0,-33.87,151.21,55.0,21.9
5.0,9.0,-33.87,151.21,55.0,14.4
5.0,15.0,-33.87,151.21,55.0,20.3
5.0,3.0,-33.87,151.21,55.0,9.8
5.0,12.0,-33.87,151.21,55.0,20.2
5.0,9.0,-33.87,151.21,55.0,12.7
5.0,15.0,-33.87,151.21,55.0,19.6
5.0,3.0,-33.87,151.21,55.0,12.6
5.0,12.0,-33.87,151.21,55.0,21.5
5.0,9.0,-33.87,151.21,55.0,14.8
5.0,15.0,-33.87,151.21,55.0,20.2
5.0,3.0,-33.87,151.21,55.0,14.8
5.0,12.0,-33.87,151.21,55.0,20.4
5.0,9.0,-33.87,151.21,55.0,19.5
5.0,15.0,-33.87,151.21,55.0,20.2
5.0,3.0,-33.87,151.21,55.0,16.7
5.0,12.0,-33.87,151.21,55.0,23.2
5.0,9.0,-33.87,151.21,55.0,17.5
5.0,15.0,-33.87,151.21,55.0,22.8
5.0,3.0,-33.87,151.21,55.0,13.8
5.0,12.0,-33.87,151.21,55.0,23.5
5.0,9.0,-33.87,151.21,55.0,15.7
5.0,15.0,-33.87,151.21,55.0,21.9
5.0,3.0,-33.87,151.21,55.0,13.0
5.0,12.0,-33.87,151.21,55.0,21.0
5.0,9.0,-33.87,151.21,55.0,14.7
5.0,15.0,-33.87,151.21,55.0,20.1
5.0,3.0,-33.87,151.21,55.0,14.7
5.0,12.0,-33.87,151.21,55.0,22.6
5.0,9.0,-33.87,151.21,55.0,16.6
5.0,15.0,-33.87,151.21,55.0,22.4
5.0,3.0,-33.87,151.21,55.0,14.8
5.0,12.0,-33.87,151.21,55.0,22.7
5.0,9.0,-33.87,151.21,55.0,16.7
5.0,15.0,-33.87,151.21,55.0,22.5
5.0,3.0,-33.87,151.21,55.0,11.6
5.0,12.0,-33.87,151.21,55.0,21.4
5.0,9.0,-33.87,151.21,55.0,14.0
5.0,15.0,-33.87,151.21,55.0,19.7
5.0,3.0,-33.87,151.21,55.0,10.6
5.0,12.0,-33.87,151.21,55.0,20.8
5.0,9.0,-33.87,151.21,55.0,14.0
5.0,15.0,-33.87,151.21,55.0,19.6
5.0,3.0,-33.87,151.21,55.0,12.6
5.0,12.0,-33.87,151.21,55.0,20.6
5.0,9.0,-33.87,151.21,55.0,14.2
5.0,15.0,-33.87,151.21,55.0,19.4
5.0,3.0,-33.87,151.21,55.0,11.9
5.0,12.0,-33.87,151.21,55.0,23.7
5.0,9.0,-33.87,151.21,55.0,13.3
5.0,15.0,-33.87,151.21,55.0,23.2
5.0,3.0,-33.87,151.21,55.0,11.4
5.0,12.0,-33.87,151.21,55.0,18.3
5.0,9.0,-33.87,151.21,55.0,13.5
5.0,15.0,-33.87,151.21,55.0,17.5
5.0,3.0,-33.87,151.21,55.0,7.1
5.0,12.0,-33.87,151.21,55.0,17.1
5.0,9.0,-33.87,151.21,55.0,9.7
5.0,15.0,-33.87,151.21,55.0,16.7
5.0,3.0,-33.87,151.21,55.0,9.7
5.0,12.0,-33.87,151.21,55.0,16.3
5.0,9.0,-33.87,151.21,55.0,13.4
5.0,15.0,-33.87,151.21,55.0,15.9
