2.0,3.0,-33.87,151.21,55.0,20.3
2.0,12.0,-33.87,151.21,55.0,23.6
2.0,9.0,-33.87,151.21,55.0,21.1
2.0,15.0,-33.87,151.21,55.0,22.4
2.0,3.0,-33.87,151.21,55.0,20.8
2.0,12.0,-33.87,151.21,55.0,27.1
2.0,9.0,-33.87,151.21,55.0,23.1
2.0,15.0,-33.87,151.21,55.0,25.4
2.0,3.0,-33.87,151.21,55.0,22.3
2.0,12.0,-33.87,151.21,55.0,26.4
2.0,9.0,-33.87,151.21,55.0,22.8
2.0,15.0,-33.87,151.21,55.0,26.1
2.0,3.0,-33.87,151.21,55.0,22.7
2.0,12.0,-33.87,151.21,55.0,30.4
2.0,9.0,-33.87,151.21,55.0,26.0
2.0,15.0,-33.87,151.21,55.0,28.1
2.0,3.0,-33.87,151.21,55.0,25.8
2.0,12.0,-33.87,151.21,55.0,34.9
2.0,9.0,-33.87,151.21,55.0,29.5
2.0,15.0,-33.87,151.21,55.0,34.1
2.0,3.0,-33.87,151.21,55.0,26.2
2.0,12.0,-33.87,151.21,55.0,34.7
2.0,9.0,-33.87,151.21,55.0,29.6
2.0,15.0,-33.87,151.21,55.0,33.9
2.0,3.0,-33.87,151.21,55.0,22.1
2.0,12.0,-33.87,151.21,55.0,24.9
2.0,9.0,-33.87,151.21,55.0,22.2
2.0,15.0,-33.87,151.21,55.0,21.0
2.0,3.0,-33.87,151.21,55.0,20.7
2.0,12.0,-33.87,151.21,55.0,27.0
2.0,9.0,-33.87,151.21,55.0,24.6
2.0,15.0,-33.87,151.21,55.0,23.1
2.0,3.0,-33.87,151.21,55.0,22.5
2.0,12.0,-33.87,151.21,55.0,30.9
2.0,9.0,-33.87,151.21,55.0,25.7
2.0,15.0,-33.87,151.21,55.0,29.7
2.0,3.0,-33.87,151.21,55.0,23.7
2.0,12.0,-33.87,151.21,55.0,37.5
2.0,9.0,-33.87,151.21,55.0,27.4
2.0,15.0,-33.87,151.21,55.0,36.2
2.0,3.0,-33.87,151.21,55.0,23.9
2.0,12.0,-33.87,151.21,55.0,36.2
2.0,9.0,-33.87,151.21,55.0,26.4
2.0,15.0,-33.87,151.21,55.0,33.1
2.0,3.0,-33.87,151.21,55.0,24.5
2.0,12.0,-33.87,151.21,55.0,31.9
2.0,9.0,-33.87,151.21,55.0,28.1
2.0,15.0,-33.87,151.21,55.0,28.1
2.0,3.0,-33.87,151.21,55.0,17.8
2.0,12.0,-33.87,151.21,55.0,27.3
2.0,9.0,-33.87,151.21,55.0,21.9
2.0,15.0,-33.87,151.21,55.0,26.9
2.0,3.0,-33.87,151.21,55.0,21.6
2.0,12.0,-33.87,151.21,55.0,24.0
2.0,9.0,-33.87,151.21,55.0,22.3
2.0,15.0,-33.87,151.21,55.0,21.2
2.0,3.0,-33.87,151.21,55.0,18.0
2.0,12.0,-33.87,151.21,55.0,26.1
2.0,9.0,-33.87,151.21,55.0,21.3
2.0,15.0,-33.87,151.21,55.0,26.1
2.0,3.0,-33.87,151.21,55.0,19.5
2.0,12.0,-33.87,151.21,55.0,30.0
2.0,9.0,-33.87,151.21,55.0,23.4
2.0,15.0,-33.87,151.21,55.0,28.8
2.0,3.0,-33.87,151.21,55.0,22.6
2.0,12.0,-33.87,151.21,55.0,29.9
2.0,9.0,-33.87,151.21,55.0,26.6
2.0,15.0,-33.87,151.21,55.0,26.8
2.0,3.0,-33.87,151.21,55.0,21.8
2.0,12.0,-33.87,151.21,55.0,29.4
2.0,9.0,-33.87,151.21,55.0,22.9
2.0,15.0,-33.87,151.21,55.0,28.8
2.0,3.0,-33.87,151.21,55.0,18.6
2.0,12.0,-33.87,151.21,55.0,26.1
2.0,9.0,-33.87,151.21,55.0,19.7
2.0,15.0,-33.87,151.21,55.0,25.0
2.0,3.0,-33.87,151.21,55.0,17.5
2.0,12.0,-33.87,151.21,55.0,28.3
2.0,9.0,-33.87,151.21,55.0,19.9
2.0,15.0,-33.87,151.21,55.0,27.5
2.0,3.0,-33.87,151.21,55.0,16.9
2.0,12.0,-33.87,151.21,55.0,27.6
2.0,9.0,-33.87,151.21,55.0,19.4
2.0,15.0,-33.87,151.21,55.0,26.3
2.0,3.0,-33.87,151.21,55.0,19.3
2.0,12.0,-33.87,151.21,55.0,27.7
2.0,9.0,-33.87,151.21,55.0,25.8
2.0,15.0,-33.87,151.21,55.0,26.2
2.0,3.0,-33.87,151.21,55.0,21.6
2.0,12.0,-33.87,151.21,55.0,28.1
2.0,9.0,-33.87,151.21,55.0,25.4
2.0,15.0,-33.87,151.21,55.0,27.3
2.0,3.0,-33.87,151.21,55.0,21.8
2.0,12.0,-33.87,151.21,55.0,28.0
2.0,9.0,-33.87,151.21,55.0,24.5
2.0,15.0,-33.87,151.21,55.0,27.3
2.0,3.0,-33.87,151.21,55.0,18.6
2.0,12.0,-33.87,151.21,55.0,20.8
2.0,9.0,-33.87,151.21,55.0,18.7
2.0,15.0,-33.87,151.21,55.0,19.0
2.0,3.0,-33.87,151.21,55.0,18.3
2.0,12.0,-33.87,151.21,55.0,25.5
2.0,9.0,-33.87,151.21,55.0,20.7
2.0,15.0,-33.87,151.21,55.0,24.3
2.0,3.0,-33.87,151.21,55.0,18.7
2.0,12.0,-33.87,151.21,55.0,26.6
2.0,9.0,-33.87,151.21,55.0,23.3
2.0,15.0,-33.87,151.21,55.0,25.6
2.0,3.0,-33.87,151.21,55.0,20.7
2.0,12.0,-33.87,151.21,55.0,26.7
2.0,9.0,-33.87,151.21,55.0,25.1
2.0,15.0,-33.87,151.21,55.0,26.4
