8.0,3.0,-33.87,151.21,55.0,10.9
8.0,12.0,-33.87,151.21,55.0,18.4
8.0,9.0,-33.87,151.21,55.0,13.3
8.0,15.0,-33.87,151.21,55.0,17.0
8.0,3.0,-33.87,151.21,55.0,11.5
8.0,12.0,-33.87,151.21,55.0,15.8
8.0,9.0,-33.87,151.21,55.0,12.8
8.0,15.0,-33.87,151.21,55.0,13.2
8.0,3.0,-33.87,151.21,55.0,10.7
8.0,12.0,-33.87,151.21,55.0,14.6
8.0,9.0,-33.87,151.21,55.0,13.6
8.0,15.0,-33.87,151.21,55.0,12.6
8.0,3.0,-33.87,151.21,55.0,10.8
8.0,12.0,-33.87,151.21,55.0,18.1
8.0,9.0,-33.87,151.21,55.0,11.6
8.0,15.0,-33.87,151.21,55.0,15.5
8.0,3.0,-33.87,151.21,55.0,9.7
8.0,12.0,-33.87,151.21,55.0,16.2
8.0,9.0,-33.87,151.21,55.0,11.2
8.0,15.0,-33.87,151.21,55.0,14.7
8.0,3.0,-33.87,151.21,55.0,9.2
8.0,12.0,-33.87,151.21,55.0,15.5
8.0,9.0,-33.87,151.21,55.0,10.8
8.0,15.0,-33.87,151.21,55.0,14.7
8.0,3.0,-33.87,151.21,55.0,10.3
8.0,12.0,-33.87,151.21,55.0,16.4
8.0,9.0,-33.87,151.21,55.0,12.4
8.0,15.0,-33.87,151.21,55.0,15.9
8.0,3.0,-33.87,151.21,55.0,8.7
8.0,12.0,-33.87,151.21,55.0,19.7
8.0,9.0,-33.87,151.21,55.0,11.0
8.0,15.0,-33.87,151.21,55.0,17.9
8.0,3.0,-33.87,151.21,55.0,8.1
8.0,12.0,-33.87,151.21,55.0,19.1
8.0,9.0,-33.87,151.21,55.0,11.0
8.0,15.0,-33.87,151.21,55.0,18.8
8.0,3.0,-33.87,151.21,55.0,10.9
8.0,12.0,-33.87,151.21,55.0,25.2
8.0,9.0,-33.87,151.21,55.0,17.6
8.0,15.0,-33.87,151.21,55.0,24.6
8.0,3.0,-33.87,151.21,55.0,11.2
8.0,12.0,-33.87,151.21,55.0,20.3
8.0,9.0,-33.87,151.21,55.0,14.0
8.0,15.0,-33.87,151.21,55.0,19.6
8.0,3.0,-33.87,151.21,55.0,7.1
8.0,12.0,-33.87,151.21,55.0,19.4
8.0,9.0,-33.87,151.21,55.0,9.7
8.0,15.0,-33.87,151.21,55.0,17.3
8.0,3.0,-33.87,151.21,55.0,8.3
8.0,12.0,-33.87,151.21,55.0,20.3
8.0,9.0,-33.87,151.21,55.0,12.4
8.0,15.0,-33.87,151.21,55.0,19.8
8.0,3.0,-33.87,151.21,55.0,9.5
8.0,12.0,-33.87,151.21,55.0,20.0
8.0,9.0,-33.87,151.21,55.0,14.2
8.0,15.0,-33.87,151.21,55.0,17.6
8.0,3.0,-33.87,151.21,55.0,8.9
8.0,12.0,-33.87,151.21,55.0,19.6
8.0,9.0,-33.87,151.21,55.0,12.0
8.0,15.0,-33.87,151.21,55.0,19.2
8.0,3.0,-33.87,151.21,55.0,9.8
8.0,12.0,-33.87,151.21,55.0,20.3
8.0,9.0,-33.87,151.21,55.0,12.8
8.0,15.0,-33.87,151.21,55.0,19.6
8.0,3.0,-33.87,151.21,55.0,10.6
8.0,12.0,-33.87,151.21,55.0,24.2
8.0,9.0,-33.87,151.21,55.0,14.2
8.0,15.0,-33.87,151.21,55.0,22.7
8.0,3.0,-33.87,151.21,55.0,11.6
8.0,12.0,-33.87,151.21,55.0,22.9
8.0,9.0,-33.87,151.21,55.0,14.2
8.0,15.0,-33.87,151.21,55.0,20.7
8.0,3.0,-33.87,151.21,55.0,11.2
8.0,12.0,-33.87,151.21,55.0,24.3
8.0,9.0,-33.87,151.21,55.0,14.2
8.0,15.0,-33.87,151.21,55.0,22.4
8.0,3.0,-33.87,151.21,55.0,11.0
8.0,12.0,-33.87,151.21,55.0,17.9
8.0,9.0,-33.87,151.21,55.0,13.2
8.0,15.0,-33.87,151.21,55.0,15.7
8.0,3.0,-33.87,151.21,55.0,8.2
8.0,12.0,-33.87,151.21,55.0,20.4
8.0,9.0,-33.87,151.21,55.0,12.5
8.0,15.0,-33.87,151.21,55.0,19.9
8.0,3.0,-33.87,151.21,55.0,9.5
8.0,12.0,-33.87,151.21,55.0,13.8
8.0,9.0,-33.87,151.21,55.0,11.4
8.0,15.0,-33.87,151.21,55.0,12.2
8.0,3.0,-33.87,151.21,55.0,8.5
8.0,12.0,-33.87,151.21,55.0,18.4
8.0,9.0,-33.87,151.21,55.0,11.9
8.0,15.0,-33.87,151.21,55.0,15.4
8.0,3.0,-33.87,151.21,55.0,11.8
8.0,12.0,-33.87,151.21,55.0,14.7
8.0,9.0,-33.87,151.21,55.0,13.4
8.0,15.0,-33.87,151.21,55.0,13.7
8.0,3.0,-33.87,151.21,55.0,9.0
8.0,12.0,-33.87,151.21,55.0,17.3
8.0,9.0,-33.87,151.21,55.0,11.4
8.0,15.0,-33.87,151.21,55.0,15.7
8.0,3.0,-33.87,151.21,55.0,7.3
8.0,12.0,-33.87,151.21,55.0,17.3
8.0,9.0,-33.87,151.21,55.0,10.4
8.0,15.0,-33.87,151.21,55.0,16.4
8.0,3.0,-33.87,151.21,55.0,7.4
8.0,12.0,-33.87,151.21,55.0,19.9
8.0,9.0,-33.87,151.21,55.0,11.3
8.0,15.0,-33.87,151.21,55.0,17.7
8.0,3.0,-33.87,151.21,55.0,8.4
8.0,12.0,-33.87,151.21,55.0,20.5
8.0,9.0,-33.87,151.21,55.0,12.2
8.0,15.0,-33.87,151.21,55.0,18.0
8.0,3.0,-33.87,151.21,55.0,8.4
8.0,12.0,-33.87,151.21,55.0,19.6
8.0,9.0,-33.87,151.21,55.0,12.9
8.0,15.0,-33.87,151.21,55.0,18.1
8.0,3.0,-33.87,151.21,55.0,10.7
8.0,12.0,-33.87,151.21,55.0,19.9
8.0,9.0,-33.87,151.21,55.0,13.8
8.0,15.0,-33.87,151.21,55.0,19.6
8.0,3.0,-33.87,151.21,55.0,13.6
8.0,12.0,-33.87,151.21,55.0,23.6
8.0,9.0,-33.87,151.21,55.0,18.8
8.0,15.0,-33.87,151.21,55.0,21.2
