10.0,3.0,-33.87,151.21,55.0,12.4
10.0,12.0,-33.87,151.21,55.0,22.1
10.0,9.0,-33.87,151.21,55.0,19.5
10.0,15.0,-33.87,151.21,55.0,20.2
10.0,3.0,-33.87,151.21,55.0,12.5
10.0,12.0,-33.87,151.21,55.0,24.7
10.0,9.0,-33.87,151.21,55.0,18.4
10.0,15.0,-33.87,151.21,55.0,22.7
10.0,3.0,-33.87,151.21,55.0,18.4
10.0,12.0,-33.87,151.21,55.0,25.6
10.0,9.0,-33.87,151.21,55.0,21.5
10.0,15.0,-33.87,151.21,55.0,22.9
10.0,3.0,-33.87,151.21,55.0,12.7
10.0,12.0,-33.87,151.21,55.0,23.4
10.0,9.0,-33.87,151.21,55.0,17.5
10.0,15.0,-33.87,151.21,55.0,23.0
10.0,3.0,-33.87,151.21,55.0,11.7
10.0,12.0,-33.87,151.21,55.0,23.7
10.0,9.0,-33.87,151.21,55.0,14.7
10.0,15.0,-33.87,151.21,55.0,22.9
10.0,3.0,-33.87,151.21,55.0,13.0
10.0,12.0,-33.87,151.21,55.0,27.8
10.0,9.0,-33.87,151.21,55.0,19.9
10.0,15.0,-33.87,151.21,55.0,27.2
10.0,3.0,-33.87,151.21,55.0,16.0
10.0,12.0,-33.87,151.21,55.0,31.0
10.0,9.0,-33.87,151.21,55.0,22.5
10.0,15.0,-33.87,151.21,55.0,30.8
10.0,3.0,-33.87,151.21,55.0,20.1
10.0,12.0,-33.87,151.21,55.0,22.2
10.0,9.0,-33.87,151.21,55.0,21.0
10.0,15.0,-33.87,151.21,55.0,20.1
10.0,3.0,-33.87,151.21,55.0,13.8
10.0,12.0,-33.87,151.21,55.0,25.5
10.0,9.0,-33.87,151.21,55.0,17.5
10.0,15.0,-33.87,151.21,55.0,20.3
10.0,3.0,-33.87,151.21,55.0,16.8
10.0,12.0,-33.87,151.21,55.0,33.6
10.0,9.0,-33.87,151.21,55.0,25.3
10.0,15.0,-33.87,151.21,55.0,31.8
10.0,3.0,-33.87,151.21,55.0,12.3
10.0,12.0,-33.87,151.21,55.0,21.3
10.0,9.0,-33.87,151.21,55.0,14.9
10.0,15.0,-33.87,151.21,55.0,20.1
10.0,3.0,-33.87,151.21,55.0,10.7
10.0,12.0,-33.87,151.21,55.0,23.6
10.0,9.0,-33.87,151.21,55.0,14.3
10.0,15.0,-33.87,151.21,55.0,20.7
10.0,3.0,-33.87,151.21,55.0,11.8
10.0,12.0,-33.87,151.21,55.0,18.3
10.0,9.0,-33.87,151.21,55.0,15.9
10.0,15.0,-33.87,151.21,55.0,15.6
10.0,3.0,-33.87,151.21,55.0,9.0
10.0,12.0,-33.87,151.21,55.0,21.3
10.0,9.0,-33.87,151.21,55.0,15.1
10.0,15.0,-33.87,151.21,55.0,19.4
10.0,3.0,-33.87,151.21,55.0,11.1
10.0,12.0,-33.87,151.21,55.0,23.9
10.0,9.0,-33.87,151.21,55.0,15.9
10.0,15.0,-33.87,151.21,55.0,23.0
10.0,3.0,-33.87,151.21,55.0,15.9
10.0,12.0,-33.87,151.21,55.0,29.0
10.0,9.0,-33.87,151.21,55.0,23.1
10.0,15.0,-33.87,151.21,55.0,25.4
10.0,3.0,-33.87,151.21,55.0,21.7
10.0,12.0,-33.87,151.21,55.0,22.4
10.0,9.0,-33.87,151.21,55.0,22.4
10.0,15.0,-33.87,151.21,55.0,14.5
10.0,3.0,-33.87,151.21,55.0,11.5
10.0,12.0,-33.87,151.21,55.0,25.8
10.0,9.0,-33.87,151.21,55.0,18.3
10.0,15.0,-33.87,151.21,55.0,25.5
10.0,3.0,-33.87,151.21,55.0,16.2
10.0,12.0,-33.87,151.21,55.0,24.5
10.0,9.0,-33.87,151.21,55.0,19.1
10.0,15.0,-33.87,151.21,55.0,22.9
10.0,3.0,-33.87,151.21,55.0,16.4
10.0,12.0,-33.87,151.21,55.0,21.6
10.0,9.0,-33.87,151.21,55.0,19.0
10.0,15.0,-33.87,151.21,55.0,20.4
10.0,3.0,-33.87,151.21,55.0,15.3
10.0,12.0,-33.87,151.21,55.0,25.2
10.0,9.0,-33.87,151.21,55.0,21.5
10.0,15.0,-33.87,151.21,55.0,23.3
10.0,3.0,-33.87,151.21,55.0,16.1
10.0,12.0,-33.87,151.21,55.0,18.0
10.0,9.0,-33.87,151.21,55.0,17.0
10.0,15.0,-33.87,151.21,55.0,16.4
10.0,3.0,-33.87,151.21,55.0,10.2
10.0,12.0,-33.87,151.21,55.0,19.8
10.0,9.0,-33.87,151.21,55.0,13.1
10.0,15.0,-33.87,151.21,55.0,17.5
10.0,3.0,-33.87,151.21,55.0,10.2
10.0,12.0,-33.87,151.21,55.0,21.5
10.0,9.0,-33.87,151.21,55.0,15.0
10.0,15.0,-33.87,151.21,55.0,19.8
10.0,3.0,-33.87,151.21,55.0,11.4
10.0,12.0,-33.87,151.21,55.0,23.3
10.0,9.0,-33.87,151.21,55.0,17.6
10.0,15.0,-33.87,151.21,55.0,22.8
10.0,3.0,-33.87,151.21,55.0,14.3
10.0,12.0,-33.87,151.21,55.0,27.0
10.0,9.0,-33.87,151.21,55.0,18.7
10.0,15.0,-33.87,151.21,55.0,25.8
10.0,3.0,-33.87,151.21,55.0,18.4
10.0,12.0,-33.87,151.21,55.0,21.7
10.0,9.0,-33.87,151.21,55.0,20.8
10.0,15.0,-33.87,151.21,55.0,19.9
10.0,3.0,-33.87,151.21,55.0,14.7
10.0,12.0,-33.87,151.21,55.0,19.6
10.0,9.0,-33.87,151.21,55.0,15.4
10.0,15.0,-33.87,151.21,55.0,19.1
10.0,3.0,-33.87,151.21,55.0,15.3
10.0,12.0,-33.87,151.21,55.0,24.3
10.0,9.0,-33.87,151.21,55.0,18.3
10.0,15.0,-33.87,151.21,55.0,22.0
10.0,3.0,-33.87,151.21,55.0,18.2
10.0,12.0,-33.87,151.21,55.0,25.5
10.0,9.0,-33.87,151.21,55.0,23.0
10.0,15.0,-33.87,151.21,55.0,25.3
10.0,3.0,-33.87,151.21,55.0,16.1
10.0,12.0,-33.87,151.21,55.0,23.3
10.0,9.0,-33.87,151.21,55.0,18.3
10.0,15.0,-33.87,151.21,55.0,21.7
