4.0,3.0,-33.87,151.21,55.0,14.5
4.0,12.0,-33.87,151.21,55.0,25.6
4.0,9.0,-33.87,151.21,55.0,17.1
4.0,15.0,-33.87,151.21,55.0,22.5
4.0,3.0,-33.87,151.21,55.0,17.0
4.0,12.0,-33.87,151.21,55.0,22.0
4.0,9.0,-33.87,151.21,55.0,19.8
4.0,15.0,-33.87,151.21,55.0,20.1
4.0,3.0,-33.87,151.21,55.0,14.8
4.0,12.0,-33.87,151.21,55.0,22.0
4.0,9.0,-33.87,151.21,55.0,15.7
4.0,15.0,-33.87,151.21,55.0,21.8
4.0,3.0,-33.87,151.21,55.0,14.9
4.0,12.0,-33.87,151.21,55.0,22.8
4.0,9.0,-33.87,151.21,55.0,17.9
4.0,15.0,-33.87,151.21,55.0,20.7
4.0,3.0,-33.87,151.21,55.0,14.1
4.0,12.0,-33.87,151.21,55.0,23.3
4.0,9.0,-33.87,151.21,55.0,18.1
4.0,15.0,-33.87,151.21,55.0,22.9
4.0,3.0,-33.87,151.21,55.0,13.2
4.0,12.0,-33.87,151.21,55.0,23.4
4.0,9.0,-33.87,151.21,55.0,17.1
4.0,15.0,-33.87,151.21,55.0,23.2
4.0,3.0,-33.87,151.21,55.0,14.1
4.0,12.0,-33.87,151.21,55.0,23.8
4.0,9.0,-33.87,151.21,55.0,18.7
4.0,15.0,-33.87,151.21,55.0,23.7
4.0,3.0,-33.87,151.21,55.0,14.9
4.0,12.0,-33.87,151.21,55.0,24.9
4.0,9.0,-33.87,151.21,55.0,18.4
4.0,15.0,-33.87,151.21,55.0,23.1
4.0,3.0,-33.87,151.21,55.0,15.5
4.0,12.0,-33.87,151.21,55.0,28.7
4.0,9.0,-33.87,151.21,55.0,20.1
4.0,15.0,-33.87,151.21,55.0,27.9
4.0,3.0,-33.87,151.21,55.0,11.7
4.0,12.0,-33.87,151.21,55.0,17.9
4.0,9.0,-33.87,151.21,55.0,13.9
4.0,15.0,-33.87,151.21,55.0,15.7
4.0,3.0,-33.87,151.21,55.0,13.8
4.0,12.0,-33.87,151.21,55.0,23.0
4.0,9.0,-33.87,151.21,55.0,17.9
4.0,15.0,-33.87,151.21,55.0,22.2
4.0,3.0,-33.87,151.21,55.0,15.0
4.0,12.0,-33.87,151.21,55.0,22.7
4.0,9.0,-33.87,151.21,55.0,17.4
4.0,15.0,-33.87,151.21,55.0,20.2
4.0,3.0,-33.87,151.21,55.0,15.3
4.0,12.0,-33.87,151.21,55.0,23.6
4.0,9.0,-33.87,151.21,55.0,17.3
4.0,15.0,-33.87,151.21,55.0,22.6
4.0,3.0,-33.87,151.21,55.0,13.9
4.0,12.0,-33.87,151.21,55.0,24.7
4.0,9.0,-33.87,151.21,55.0,17.2
4.0,15.0,-33.87,151.21,55.0,23.5
4.0,3.0,-33.87,151.21,55.0,13.2
4.0,12.0,-33.87,151.21,55.0,23.8
4.0,9.0,-33.87,151.21,55.0,16.5
4.0,15.0,-33.87,151.21,55.0,22.0
4.0,3.0,-33.87,151.21,55.0,15.2
4.0,12.0,-33.87,151.21,55.0,26.9
4.0,9.0,-33.87,151.21,55.0,18.2
4.0,15.0,-33.87,151.21,55.0,26.2
4.0,3.0,-33.87,151.21,55.0,14.2
4.0,12.0,-33.87,151.21,55.0,24.1
4.0,9.0,-33.87,151.21,55.0,17.4
4.0,15.0,-33.87,151.21,55.0,22.3
4.0,3.0,-33.87,151.21,55.0,16.0
4.0,12.0,-33.87,151.21,55.0,24.3
4.0,9.0,-33.87,151.21,55.0,19.2
4.0,15.0,-33.87,151.21,55.0,23.0
4.0,3.0,-33.87,151.21,55.0,15.2
4.0,12.0,-33.87,151.21,55.0,24.9
4.0,9.0,-33.87,151.21,55.0,17.7
4.0,15.0,-33.87,151.21,55.0,22.3
4.0,3.0,-33.87,151.21,55.0,16.2
4.0,12.0,-33.87,151.21,55.0,24.0
4.0,9.0,-33.87,151.21,55.0,19.0
4.0,15.0,-33.87,151.21,55.0,23.0
4.0,3.0,-33.87,151.21,55.0,14.4
4.0,12.0,-33.87,151.21,55.0,23.9
4.0,9.0,-33.87,151.21,55.0,17.9
4.0,15.0,-33.87,151.21,55.0,22.4
4.0,3.0,-33.87,151.21,55.0,17.7
4.0,12.0,-33.87,151.21,55.0,24.1
4.0,9.0,-33.87,151.21,55.0,19.9
4.0,15.0,-33.87,151.21,55.0,22.5
4.0,3.0,-33.87,151.21,55.0,15.9
4.0,12.0,-33.87,151.21,55.0,26.7
4.0,9.0,-33.87,151.21,55.0,18.5
4.0,15.0,-33.87,151.21,55.0,23.6
4.0,3.0,-33.87,151.21,55.0,15.7
4.0,12.0,-33.87,151.21,55.0,23.9
4.0,9.0,-33.87,151.21,55.0,18.2
4.0,15.0,-33.87,151.21,55.0,22.7
4.0,3.0,-33.87,151.21,55.0,18.2
4.0,12.0,-33.87,151.21,55.0,26.7
4.0,9.0,-33.87,151.21,55.0,20.6
4.0,15.0,-33.87,151.21,55.0,21.9
4.0,3.0,-33.87,151.21,55.0,16.9
4.0,12.0,-33.87,151.21,55.0,24.8
4.0,9.0,-33.87,151.21,55.0,20.2
4.0,15.0,-33.87,151.21,55.0,18.1
4.0,3.0,-33.87,151.21,55.0,12.1
4.0,12.0,-33.87,151.21,55.0,20.0
4.0,9.0,-33.87,151.21,55.0,13.1
4.0,15.0,-33.87,151.21,55.0,18.5
4.0,3.0,-33.87,151.21,55.0,10.2
4.0,12.0,-33.87,151.21,55.0,21.8
4.0,9.0,-33.87,151.21,55.0,13.5
4.0,15.0,-33.87,151.21,55.0,20.1
4.0,3.0,-33.87,151.21,55.0,10.8
4.0,12.0,-33.87,151.21,55.0,22.7
4.0,9.0,-33.87,151.21,55.0,14.0
4.0,15.0,-33.87,151.21,55.0,21.2
4.0,3.0,-33.87,151.21,55.0,14.0
4.0,12.0,-33.87,151.21,55.0,22.6
4.0,9.0,-33.87,151.21,55.0,17.2
4.0,15.0,-33.87,151.21,55.0,20.5
