9.0,3.0,-33.87,151.21,55.0,12.1
9.0,12.0,-33.87,151.21,55.0,22.5
9.0,9.0,-33.87,151.21,55.0,16.9
9.0,15.0,-33.87,151.21,55.0,20.7
9.0,3.0,-33.87,151.21,55.0,14.5
9.0,12.0,-33.87,151.21,55.0,18.0
9.0,9.0,-33.87,151.21,55.0,15.7
9.0,15.0,-33.87,151.21,55.0,15.9
9.0,3.0,-33.87,151.21,55.0,15.4
9.0,12.0,-33.87,151.21,55.0,20.5
9.0,9.0,-33.87,151.21,55.0,17.6
9.0,15.0,-33.87,151.21,55.0,20.1
9.0,3.0,-33.87,151.21,55.0,10.1
9.0,12.0,-33.87,151.21,55.0,21.3
9.0,9.0,-33.87,151.21,55.0,15.5
9.0,15.0,-33.87,151.21,55.0,19.2
9.0,3.0,-33.87,151.21,55.0,10.0
9.0,12.0,-33.87,151.21,55.0,21.2
9.0,9.0,-33.87,151.21,55.0,14.1
9.0,15.0,-33.87,151.21,55.0,19.0
9.0,3.0,-33.87,151.21,55.0,10.0
9.0,12.0,-33.87,151.21,55.0,20.5
9.0,9.0,-33.87,151.21,55.0,15.0
9.0,15.0,-33.87,151.21,55.0,20.2
9.0,3.0,-33.87,151.21,55.0,12.2
9.0,12.0,-33.87,151.21,55.0,22.0
9.0,9.0,-33.87,151.21,55.0,16.0
9.0,15.0,-33.87,151.21,55.0,21.0
9.0,3.0,-33.87,151.21,55.0,15.4
9.0,12.0,-33.87,151.21,55.0,21.2
9.0,9.0,-33.87,151.21,55.0,18.7
9.0,15.0,-33.87,151.21,55.0,20.1
9.0,3.0,-33.87,151.21,55.0,14.7
9.0,12.0,-33.87,151.21,55.0,22.7
9.0,9.0,-33.87,151.21,55.0,19.5
9.0,15.0,-33.87,151.21,55.0,21.2
9.0,3.0,-33.87,151.21,55.0,14.1
9.0,12.0,-33.87,151.21,55.0,22.7
9.0,9.0,-33.87,151.21,55.0,17.9
9.0,15.0,-33.87,151.21,55.0,21.8
9.0,3.0,-33.87,151.21,55.0,13.0
9.0,12.0,-33.87,151.21,55.0,21.0
9.0,9.0,-33.87,151.21,55.0,16.8
9.0,15.0,-33.87,151.21,55.0,17.6
9.0,3.0,-33.87,151.21,55.0,12.4
9.0,12.0,-33.87,151.21,55.0,20.9
9.0,9.0,-33.87,151.21,55.0,16.6
9.0,15.0,-33.87,151.21,55.0,18.3
9.0,3.0,-33.87,151.21,55.0,16.0
9.0,12.0,-33.87,151.21,55.0,20.2
9.0,9.0,-33.87,151.21,55.0,17.5
9.0,15.0,-33.87,151.21,55.0,18.9
9.0,3.0,-33.87,151.21,55.0,16.0
9.0,12.0,-33.87,151.21,55.0,24.6
9.0,9.0,-33.87,151.21,55.0,17.4
9.0,15.0,-33.87,151.21,55.0,23.1
9.0,3.0,-33.87,151.21,55.0,14.1
9.0,12.0,-33.87,151.21,55.0,22.1
9.0,9.0,-33.87,151.21,55.0,17.4
9.0,15.0,-33.87,151.21,55.0,20.9
9.0,3.0,-33.87,151.21,55.0,13.5
9.0,12.0,-33.87,151.21,55.0,22.5
9.0,9.0,-33.87,151.21,55.0,16.9
9.0,15.0,-33.87,151.21,55.0,21.7
9.0,3.0,-33.87,151.21,55.0,10.7
9.0,12.0,-33.87,151.21,55.0,22.4
9.0,9.0,-33.87,151.21,55.0,17.5
9.0,15.0,-33.87,151.21,55.0,19.2
9.0,3.0,-33.87,151.21,55.0,14.2
9.0,12.0,-33.87,151.21,55.0,17.8
9.0,9.0,-33.87,151.21,55.0,14.9
9.0,15.0,-33.87,151.21,55.0,15.1
9.0,3.0,-33.87,151.21,55.0,13.1
9.0,12.0,-33.87,151.21,55.0,21.4
9.0,9.0,-33.87,151.21,55.0,17.7
9.0,15.0,-33.87,151.21,55.0,20.6
9.0,3.0,-33.87,151.21,55.0,10.0
9.0,12.0,-33.87,151.21,55.0,20.6
9.0,9.0,-33.87,151.21,55.0,15.1
9.0,15.0,-33.87,151.21,55.0,18.5
9.0,3.0,-33.87,151.21,55.0,14.0
9.0,12.0,-33.87,151.21,55.0,21.2
9.0,9.0,-33.87,151.21,55.0,16.0
9.0,15.0,-33.87,151.21,55.0,16.8
9.0,3.0,-33.87,151.21,55.0,13.5
9.0,12.0,-33.87,151.21,55.0,20.1
9.0,9.0,-33.87,151.21,55.0,18.4
9.0,15.0,-33.87,151.21,55.0,17.0
9.0,3.0,-33.87,151.21,55.0,15.2
9.0,12.0,-33.87,151.21,55.0,22.0
9.0,9.0,-33.87,151.21,55.0,17.3
9.0,15.0,-33.87,151.21,55.0,21.5
9.0,3.0,-33.87,151.21,55.0,12.5
9.0,12.0,-33.87,151.21,55.0,22.3
9.0,9.0,-33.87,151.21,55.0,18.4
9.0,15.0,-33.87,151.21,55.0,20.6
9.0,3.0,-33.87,151.21,55.0,13.6
9.0,12.0,-33.87,151.21,55.0,22.1
9.0,9.0,-33.87,151.21,55.0,15.5
9.0,15.0,-33.87,151.21,55.0,16.3
9.0,3.0,-33.87,151.21,55.0,12.0
9.0,12.0,-33.87,151.21,55.0,21.8
9.0,9.0,-33.87,151.21,55.0,16.5
9.0,15.0,-33.87,151.21,55.0,18.9
9.0,3.0,-33.87,151.21,55.0,10.9
9.0,12.0,-33.87,151.21,55.0,23.2
9.0,9.0,-33.87,151.21,55.0,18.6
9.0,15.0,-33.87,151.21,55.0,20.6
9.0,3.0,-33.87,151.21,55.0,10.2
9.0,12.0,-33.87,151.21,55.0,21.3
9.0,9.0,-33.87,151.21,55.0,16.2
9.0,15.0,-33.87,151.21,55.0,19.6
9.0,3.0,-33.87,151.21,55.0,14.2
9.0,12.0,-33.87,151.21,55.0,22.8
9.0,9.0,-33.87,151.21,55.0,14.8
9.0,15.0,-33.87,151.21,55.0,22.3
9.0,3.0,-33.87,151.21,55.0,12.3
9.0,12.0,-33.87,151.21,55.0,20.1
9.0,9.0,-33.87,151.21,55.0,16.1
9.0,15.0,-33.87,151.21,55.0,17.3
