12.0,3.0,-33.87,151.21,55.0,18.1
12.0,12.0,-33.87,151.21,55.0,28.5
12.0,9.0,-33.87,151.21,55.0,21.2
12.0,15.0,-33.87,151.21,55.0,25.4
12.0,3.0,-33.87,151.21,55.0,18.7
12.0,12.0,-33.87,151.21,55.0,35.7
12.0,9.0,-33.87,151.21,55.0,25.6
12.0,15.0,-33.87,151.21,55.0,30.9
12.0,3.0,-33.87,151.21,55.0,21.0
12.0,12.0,-33.87,151.21,55.0,26.8
12.0,9.0,-33.87,151.21,55.0,22.6
12.0,15.0,-33.87,151.21,55.0,23.8
12.0,3.0,-33.87,151.21,55.0,19.7
12.0,12.0,-33.87,151.21,55.0,26.9
12.0,9.0,-33.87,151.21,55.0,23.0
12.0,15.0,-33.87,151.21,55.0,25.1
12.0,3.0,-33.87,151.21,55.0,22.1
12.0,12.0,-33.87,151.21,55.0,29.9
12.0,9.0,-33.87,151.21,55.0,26.1
12.0,15.0,-33.87,151.21,55.0,27.1
12.0,3.0,-33.87,151.21,55.0,20.4
12.0,12.0,-33.87,151.21,55.0,23.6
12.0,9.0,-33.87,151.21,55.0,20.6
12.0,15.0,-33.87,151.21,55.0,22.2
12.0,3.0,-33.87,151.21,55.0,18.6
12.0,12.0,-33.87,151.21,55.0,25.1
12.0,9.0,-33.87,151.21,55.0,20.7
12.0,15.0,-33.87,151.21,55.0,24.4
12.0,3.0,-33.87,151.21,55.0,20.2
12.0,12.0,-33.87,151.21,55.0,27.9
12.0,9.0,-33.87,151.21,55.0,24.6
12.0,15.0,-33.87,151.21,55.0,26.9
12.0,3.0,-33.87,151.21,55.0,18.1
12.0,12.0,-33.87,151.21,55.0,27.8
12.0,9.0,-33.87,151.21,55.0,20.2
12.0,15.0,-33.87,151.21,55.0,26.4
12.0,3.0,-33.87,151.21,55.0,16.9
12.0,12.0,-33.87,151.21,55.0,23.7
12.0,9.0,-33.87,151.21,55.0,20.8
12.0,15.0,-33.87,151.21,55.0,22.1
12.0,3.0,-33.87,151.21,55.0,20.0
12.0,12.0,-33.87,151.21,55.0,26.3
12.0,9.0,-33.87,151.21,55.0,23.6
12.0,15.0,-33.87,151.21,55.0,24.3
12.0,3.0,-33.87,151.21,55.0,20.9
12.0,12.0,-33.87,151.21,55.0,27.6
12.0,9.0,-33.87,151.21,55.0,23.8
12.0,15.0,-33.87,151.21,55.0,25.5
12.0,3.0,-33.87,151.21,55.0,20.7
12.0,12.0,-33.87,151.21,55.0,37.8
12.0,9.0,-33.87,151.21,55.0,27.5
12.0,15.0,-33.87,151.21,55.0,31.1
12.0,3.0,-33.87,151.21,55.0,27.1
12.0,12.0,-33.87,151.21,55.0,37.2
12.0,9.0,-33.87,151.21,55.0,32.4
12.0,15.0,-33.87,151.21,55.0,34.1
12.0,3.0,-33.87,151.21,55.0,17.4
12.0,12.0,-33.87,151.21,55.0,19.1
12.0,9.0,-33.87,151.21,55.0,17.7
12.0,15.0,-33.87,151.21,55.0,17.7
12.0,3.0,-33.87,151.21,55.0,17.2
12.0,12.0,-33.87,151.21,55.0,25.4
12.0,9.0,-33.87,151.21,55.0,18.8
12.0,15.0,-33.87,151.21,55.0,20.2
12.0,3.0,-33.87,151.21,55.0,18.5
12.0,12.0,-33.87,151.21,55.0,33.7
12.0,9.0,-33.87,151.21,55.0,25.4
12.0,15.0,-33.87,151.21,55.0,32.4
12.0,3.0,-33.87,151.21,55.0,18.3
12.0,12.0,-33.87,151.21,55.0,21.3
12.0,9.0,-33.87,151.21,55.0,19.8
12.0,15.0,-33.87,151.21,55.0,19.9
12.0,3.0,-33.87,151.21,55.0,17.7
12.0,12.0,-33.87,151.21,55.0,22.9
12.0,9.0,-33.87,151.21,55.0,20.8
12.0,15.0,-33.87,151.21,55.0,21.4
12.0,3.0,-33.87,151.21,55.0,16.7
12.0,12.0,-33.87,151.21,55.0,27.1
12.0,9.0,-33.87,151.21,55.0,22.8
12.0,15.0,-33.87,151.21,55.0,26.9
12.0,3.0,-33.87,151.21,55.0,18.6
12.0,12.0,-33.87,151.21,55.0,26.7
12.0,9.0,-33.87,151.21,55.0,22.8
12.0,15.0,-33.87,151.21,55.0,25.0
12.0,3.0,-33.87,151.21,55.0,20.3
12.0,12.0,-33.87,151.21,55.0,24.3
12.0,9.0,-33.87,151.21,55.0,21.1
12.0,15.0,-33.87,151.21,55.0,23.0
12.0,3.0,-33.87,151.21,55.0,20.8
12.0,12.0,-33.87,151.21,55.0,24.4
12.0,9.0,-33.87,151.21,55.0,23.0
12.0,15.0,-33.87,151.21,55.0,23.8
12.0,3.0,-33.87,151.21,55.0,19.8
12.0,12.0,-33.87,151.21,55.0,27.2
12.0,9.0,-33.87,151.21,55.0,23.2
12.0,15.0,-33.87,151.21,55.0,26.3
12.0,3.0,-33.87,151.21,55.0,19.1
12.0,12.0,-33.87,151.21,55.0,27.4
12.0,9.0,-33.87,151.21,55.0,23.9
12.0,15.0,-33.87,151.21,55.0,26.8
12.0,3.0,-33.87,151.21,55.0,20.9
12.0,12.0,-33.87,151.21,55.0,29.3
12.0,9.0,-33.87,151.21,55.0,25.8
12.0,15.0,-33.87,151.21,55.0,27.9
12.0,3.0,-33.87,151.21,55.0,21.8
12.0,12.0,-33.87,151.21,55.0,29.6
12.0,9.0,-33.87,151.21,55.0,25.7
12.0,15.0,-33.87,151.21,55.0,27.5
12.0,3.0,-33.87,151.21,55.0,21.1
12.0,12.0,-33.87,151.21,55.0,28.9
12.0,9.0,-33.87,151.21,55.0,24.9
12.0,15.0,-33.87,151.21,55.0,27.5
12.0,3.0,-33.87,151.21,55.0,22.6
12.0,12.0,-33.87,151.21,55.0,36.6
12.0,9.0,-33.87,151.21,55.0,28.1
12.0,15.0,-33.87,151.21,55.0,31.8
12.0,3.0,-33.87,151.21,55.0,23.9
12.0,12.0,-33.87,151.21,55.0,33.3
12.0,9.0,-33.87,151.21,55.0,27.3
12.0,15.0,-33.87,151.21,55.0,32.1
12.0,3.0,-33.87,151.21,55.0,24.1
12.0,12.0,-33.87,151.21,55.0,30.0
12.0,9.0,-33.87,151.21,55.0,27.7
12.0,15.0,-33.87,151.21,55.0,26.4
