11.0,3.0,-33.87,151.21,55.0,12.1
11.0,12.0,-33.87,151.21,55.0,24.5
11.0,9.0,-33.87,151.21,55.0,16.8
11.0,15.0,-33.87,151.21,55.0,20.9
11.0,3.0,-33.87,151.21,55.0,13.0
11.0,12.0,-33.87,151.21,55.0,24.1
11.0,9.0,-33.87,151.21,55.0,19.1
11.0,15.0,-33.87,151.21,55.0,21.6
11.0,3.0,-33.87,151.21,55.0,13.6
11.0,12.0,-33.87,151.21,55.0,25.2
11.0,9.0,-33.87,151.21,55.0,19.7
11.0,15.0,-33.87,151.21,55.0,23.7
11.0,3.0,-33.87,151.21,55.0,15.3
11.0,12.0,-33.87,151.21,55.0,30.6
11.0,9.0,-33.87,151.21,55.0,21.0
11.0,15.0,-33.87,151.21,55.0,27.1
11.0,3.0,-33.87,151.21,55.0,21.0
11.0,12.0,-33.87,151.21,55.0,25.7
11.0,9.0,-33.87,151.21,55.0,25.7
11.0,15.0,-33.87,151.21,55.0,24.9
11.0,3.0,-33.87,151.21,55.0,15.7
11.0,12.0,-33.87,151.21,55.0,26.0
11.0,9.0,-33.87,151.21,55.0,19.6
11.0,15.0,-33.87,151.21,55.0,23.2
11.0,3.0,-33.87,151.21,55.0,14.8
11.0,12.0,-33.87,151.21,55.0,28.1
11.0,9.0,-33.87,151.21,55.0,22.6
11.0,15.0,-33.87,151.21,55.0,25.5
11.0,3.0,-33.87,151.21,55.0,21.2
11.0,12.0,-33.87,151.21,55.0,28.3
11.0,9.0,-33.87,151.21,55.0,26.8
11.0,15.0,-33.87,151.21,55.0,24.7
11.0,3.0,-33.87,151.21,55.0,17.8
11.0,12.0,-33.87,151.21,55.0,22.7
11.0,9.0,-33.87,151.21,55.0,20.1
11.0,15.0,-33.87,151.21,55.0,21.3
11.0,3.0,-33.87,151.21,55.0,16.9
11.0,12.0,-33.87,151.21,55.0,24.6
11.0,9.0,-33.87,151.21,55.0,20.0
11.0,15.0,-33.87,151.21,55.0,23.4
11.0,3.0,-33.87,151.21,55.0,17.8
11.0,12.0,-33.87,151.21,55.0,24.3
11.0,9.0,-33.87,151.21,55.0,20.2
11.0,15.0,-33.87,151.21,55.0,22.6
11.0,3.0,-33.87,151.21,55.0,18.4
11.0,12.0,-33.87,151.21,55.0,32.5
11.0,9.0,-33.87,151.21,55.0,22.1
11.0,15.0,-33.87,151.21,55.0,26.4
11.0,3.0,-33.87,151.21,55.0,18.9
11.0,12.0,-33.87,151.21,55.0,30.3
11.0,9.0,-33.87,151.21,55.0,24.9
11.0,15.0,-33.87,151.21,55.0,28.0
11.0,3.0,-33.87,151.21,55.0,17.4
11.0,12.0,-33.87,151.21,55.0,24.4
11.0,9.0,-33.87,151.21,55.0,20.5
11.0,15.0,-33.87,151.21,55.0,20.3
11.0,3.0,-33.87,151.21,55.0,15.4
11.0,12.0,-33.87,151.21,55.0,23.2
11.0,9.0,-33.87,151.21,55.0,17.9
11.0,15.0,-33.87,151.21,55.0,20.5
11.0,3.0,-33.87,151.21,55.0,14.3
11.0,12.0,-33.87,151.21,55.0,25.2
11.0,9.0,-33.87,151.21,55.0,19.9
11.0,15.0,-33.87,151.21,55.0,22.0
11.0,3.0,-33.87,151.21,55.0,17.3
11.0,12.0,-33.87,151.21,55.0,23.9
11.0,9.0,-33.87,151.21,55.0,21.1
11.0,15.0,-33.87,151.21,55.0,23.1
11.0,3.0,-33.87,151.21,55.0,16.4
11.0,12.0,-33.87,151.21,55.0,31.4
11.0,9.0,-33.87,151.21,55.0,23.0
11.0,15.0,-33.87,151.21,55.0,30.0
11.0,3.0,-33.87,151.21,55.0,19.3
11.0,12.0,-33.87,151.21,55.0,24.8
11.0,9.0,-33.87,151.21,55.0,21.7
11.0,15.0,-33.87,151.21,55.0,22.1
11.0,3.0,-33.87,151.21,55.0,19.1
11.0,12.0,-33.87,151.21,55.0,25.1
11.0,9.0,-33.87,151.21,55.0,22.3
11.0,15.0,-33.87,151.21,55.0,23.2
11.0,3.0,-33.87,151.21,55.0,19.7
11.0,12.0,-33.87,151.21,55.0,28.4
11.0,9.0,-33.87,151.21,55.0,24.6
11.0,15.0,-33.87,151.21,55.0,25.5
11.0,3.0,-33.87,151.21,55.0,21.0
11.0,12.0,-33.87,151.21,55.0,31.0
11.0,9.0,-33.87,151.21,55.0,26.6
11.0,15.0,-33.87,151.21,55.0,26.2
11.0,3.0,-33.87,151.21,55.0,19.8
11.0,12.0,-33.87,151.21,55.0,26.2
11.0,9.0,-33.87,151.21,55.0,22.6
11.0,15.0,-33.87,151.21,55.0,22.5
11.0,3.0,-33.87,151.21,55.0,13.5
11.0,12.0,-33.87,151.21,55.0,23.4
11.0,9.0,-33.87,151.21,55.0,18.3
11.0,15.0,-33.87,151.21,55.0,21.8
11.0,3.0,-33.87,151.21,55.0,14.7
11.0,12.0,-33.87,151.21,55.0,25.5
11.0,9.0,-33.87,151.21,55.0,20.6
11.0,15.0,-33.87,151.21,55.0,23.4
11.0,3.0,-33.87,151.21,55.0,18.1
11.0,12.0,-33.87,151.21,55.0,24.4
11.0,9.0,-33.87,151.21,55.0,22.3
11.0,15.0,-33.87,151.21,55.0,23.9
11.0,3.0,-33.87,151.21,55.0,19.6
11.0,12.0,-33.87,151.21,55.0,23.5
11.0,9.0,-33.87,151.21,55.0,20.5
11.0,15.0,-33.87,151.21,55.0,21.6
11.0,3.0,-33.87,151.21,55.0,20.3
11.0,12.0,-33.87,151.21,55.0,26.1
11.0,9.0,-33.87,151.21,55.0,22.8
11.0,15.0,-33.87,151.21,55.0,25.5
11.0,3.0,-33.87,151.21,55.0,19.3
11.0,12.0,-33.87,151.21,55.0,25.3
11.0,9.0,-33.87,151.21,55.0,22.4
11.0,15.0,-33.87,151.21,55.0,24.1
11.0,3.0,-33.87,151.21,55.0,18.2
11.0,12.0,-33.87,151.21,55.0,25.2
11.0,9.0,-33.87,151.21,55.0,22.4
11.0,15.0,-33.87,151.21,55.0,24.2
