7.0,3.0,-33.87,151.21,55.0,5.8
7.0,12.0,-33.87,151.21,55.0,16.4
7.0,9.0,-33.87,151.21,55.0,8.0
7.0,15.0,-33.87,151.21,55.0,15.3
7.0,3.0,-33.87,151.21,55.0,5.4
7.0,12.0,-33.87,151.21,55.0,17.6
7.0,9.0,-33.87,151.21,55.0,7.6
7.0,15.0,-33.87,151.21,55.0,16.1
7.0,3.0,-33.87,151.21,55.0,5.6
7.0,12.0,-33.87,151.21,55.0,15.8
7.0,9.0,-33.87,151.21,55.0,7.9
7.0,15.0,-33.87,151.21,55.0,15.4
7.0,3.0,-33.87,151.21,55.0,7.9
7.0,12.0,-33.87,151.21,55.0,21.8
7.0,9.0,-33.87,151.21,55.0,13.2
7.0,15.0,-33.87,151.21,55.0,21.5
7.0,3.0,-33.87,151.21,55.0,12.2
7.0,12.0,-33.87,151.21,55.0,20.8
7.0,9.0,-33.87,151.21,55.0,14.4
7.0,15.0,-33.87,151.21,55.0,18.7
7.0,3.0,-33.87,151.21,55.0,9.1
7.0,12.0,-33.87,151.21,55.0,18.2
7.0,9.0,-33.87,151.21,55.0,11.5
7.0,15.0,-33.87,151.21,55.0,17.4
7.0,3.0,-33.87,151.21,55.0,6.6
7.0,12.0,-33.87,151.21,55.0,19.1
7.0,9.0,-33.87,151.21,55.0,8.8
7.0,15.0,-33.87,151.21,55.0,18.6
7.0,3.0,-33.87,151.21,55.0,7.0
7.0,12.0,-33.87,151.21,55.0,18.1
7.0,9.0,-33.87,151.21,55.0,9.0
7.0,15.0,-33.87,151.21,55.0,17.0
7.0,3.0,-33.87,151.21,55.0,7.4
7.0,12.0,-33.87,151.21,55.0,18.0
7.0,9.0,-33.87,151.21,55.0,9.2
7.0,15.0,-33.87,151.21,55.0,17.6
7.0,3.0,-33.87,151.21,55.0,7.0
7.0,12.0,-33.87,151.21,55.0,17.3
7.0,9.0,-33.87,151.21,55.0,9.4
7.0,15.0,-33.87,151.21,55.0,16.7
7.0,3.0,-33.87,151.21,55.0,6.6
7.0,12.0,-33.87,151.21,55.0,18.4
7.0,9.0,-33.87,151.21,55.0,9.0
7.0,15.0,-33.87,151.21,55.0,17.7
7.0,3.0,-33.87,151.21,55.0,7.8
7.0,12.0,-33.87,151.21,55.0,14.8
7.0,9.0,-33.87,151.21,55.0,8.9
7.0,15.0,-33.87,151.21,55.0,13.0
7.0,3.0,-33.87,151.21,55.0,8.0
7.0,12.0,-33.87,151.21,55.0,17.4
7.0,9.0,-33.87,151.21,55.0,9.6
7.0,15.0,-33.87,151.21,55.0,17.2
7.0,3.0,-33.87,151.21,55.0,9.6
7.0,12.0,-33.87,151.21,55.0,20.8
7.0,9.0,-33.87,151.21,55.0,12.2
7.0,15.0,-33.87,151.21,55.0,19.3
7.0,3.0,-33.87,151.21,55.0,12.1
7.0,12.0,-33.87,151.21,55.0,19.8
7.0,9.0,-33.87,151.21,55.0,13.0
7.0,15.0,-33.87,151.21,55.0,17.9
7.0,3.0,-33.87,151.21,55.0,7.7
7.0,12.0,-33.87,151.21,55.0,18.4
7.0,9.0,-33.87,151.21,55.0,9.4
7.0,15.0,-33.87,151.21,55.0,16.8
7.0,3.0,-33.87,151.21,55.0,7.9
7.0,12.0,-33.87,151.21,55.0,19.3
7.0,9.0,-33.87,151.21,55.0,9.8
7.0,15.0,-33.87,151.21,55.0,17.3
7.0,3.0,-33.87,151.21,55.0,9.1
7.0,12.0,-33.87,151.21,55.0,22.9
7.0,9.0,-33.87,151.21,55.0,14.1
7.0,15.0,-33.87,151.21,55.0,22.6
7.0,3.0,-33.87,151.21,55.0,10.6
7.0,12.0,-33.87,151.21,55.0,17.5
7.0,9.0,-33.87,151.21,55.0,12.0
7.0,15.0,-33.87,151.21,55.0,16.9
7.0,3.0,-33.87,151.21,55.0,9.3
7.0,12.0,-33.87,151.21,55.0,17.5
7.0,9.0,-33.87,151.21,55.0,11.4
7.0,15.0,-33.87,151.21,55.0,15.8
7.0,3.0,-33.87,151.21,55.0,7.5
7.0,12.0,-33.87,151.21,55.0,18.0
7.0,9.0,-33.87,151.21,55.0,9.6
7.0,15.0,-33.87,151.21,55.0,17.4
7.0,3.0,-33.87,151.21,55.0,6.0
7.0,12.0,-33.87,151.21,55.0,19.1
7.0,9.0,-33.87,151.21,55.0,7.9
7.0,15.0,-33.87,151.21,55.0,18.7
7.0,3.0,-33.87,151.21,55.0,6.5
7.0,12.0,-33.87,151.21,55.0,22.1
7.0,9.0,-33.87,151.21,55.0,10.8
7.0,15.0,-33.87,151.21,55.0,22.1
7.0,3.0,-33.87,151.21,55.0,10.0
7.0,12.0,-33.87,151.21,55.0,21.3
7.0,9.0,-33.87,151.21,55.0,12.7
7.0,15.0,-33.87,151.21,55.0,20.9
7.0,3.0,-33.87,151.21,55.0,7.9
7.0,12.0,-33.87,151.21,55.0,20.6
7.0,9.0,-33.87,151.21,55.0,11.0
7.0,15.0,-33.87,151.21,55.0,19.7
7.0,3.0,-33.87,151.21,55.0,11.0
7.0,12.0,-33.87,151.21,55.0,21.3
7.0,9.0,-33.87,151.21,55.0,18.0
7.0,15.0,-33.87,151.21,55.0,20.2
7.0,3.0,-33.87,151.21,55.0,9.1
7.0,12.0,-33.87,151.21,55.0,17.5
7.0,9.0,-33.87,151.21,55.0,11.2
7.0,15.0,-33.87,151.21,55.0,17.1
7.0,3.0,-33.87,151.21,55.0,11.2
7.0,12.0,-33.87,151.21,55.0,19.1
7.0,9.0,-33.87,151.21,55.0,13.1
7.0,15.0,-33.87,151.21,55.0,18.9
7.0,3.0,-33.87,151.21,55.0,8.2
7.0,12.0,-33.87,151.21,55.0,21.2
7.0,9.0,-33.87,151.21,55.0,10.7
7.0,15.0,-33.87,151.21,55.0,20.9
7.0,3.0,-33.87,151.21,55.0,10.7
7.0,12.0,-33.87,151.21,55.0,26.5
7.0,9.0,-33.87,151.21,55.0,18.4
7.0,15.0,-33.87,151.21,55.0,24.8
7.0,3.0,-33.87,151.21,55.0,15.6
7.0,12.0,-33.87,151.21,55.0,16.5
7.0,9.0,-33.87,151.21,55.0,15.7
7.0,15.0,-33.87,151.21,55.0,11.8
