1.0,3.0,-33.87,151.21,55.0,22.7
1.0,12.0,-33.87,151.21,55.0,26.6
1.0,9.0,-33.87,151.21,55.0,24.6
1.0,15.0,-33.87,151.21,55.0,24.9
1.0,3.0,-33.87,151.21,55.0,21.2
1.0,12.0,-33.87,151.21,55.0,26.3
1.0,9.0,-33.87,151.21,55.0,22.1
1.0,15.0,-33.87,151.21,55.0,24.8
1.0,3.0,-33.87,151.21,55.0,18.5
1.0,12.0,-33.87,151.21,55.0,26.6
1.0,9.0,-33.87,151.21,55.0,21.9
1.0,15.0,-33.87,151.21,55.0,25.4
1.0,3.0,-33.87,151.21,55.0,20.1
1.0,12.0,-33.87,151.21,55.0,25.9
1.0,9.0,-33.87,151.21,55.0,24.0
1.0,15.0,-33.87,151.21,55.0,23.7
1.0,3.0,-33.87,151.21,55.0,19.6
1.0,12.0,-33.87,151.21,55.0,24.3
1.0,9.0,-33.87,151.21,55.0,20.5
1.0,15.0,-33.87,151.21,55.0,22.6
1.0,3.0,-33.87,151.21,55.0,19.9
1.0,12.0,-33.87,151.21,55.0,26.5
1.0,9.0,-33.87,151.21,55.0,20.0
1.0,15.0,-33.87,151.21,55.0,25.3
1.0,3.0,-33.87,151.21,55.0,19.2
1.0,12.0,-33.87,151.21,55.0,26.8
1.0,9.0,-33.87,151.21,55.0,24.8
1.0,15.0,-33.87,151.21,55.0,25.2
1.0,3.0,-33.87,151.21,55.0,19.7
1.0,12.0,-33.87,151.21,55.0,28.5
1.0,9.0,-33.87,151.21,55.0,25.1
1.0,15.0,-33.87,151.21,55.0,27.5
1.0,3.0,-33.87,151.21,55.0,21.3
1.0,12.0,-33.87,151.21,55.0,29.9
1.0,9.0,-33.87,151.21,55.0,27.0
1.0,15.0,-33.87,151.21,55.0,26.7
1.0,3.0,-33.87,151.21,55.0,22.6
1.0,12.0,-33.87,151.21,55.0,31.3
1.0,9.0,-33.87,151.21,55.0,24.8
1.0,15.0,-33.87,151.21,55.0,30.5
1.0,3.0,-33.87,151.21,55.0,24.0
1.0,12.0,-33.87,151.21,55.0,37.7
1.0,9.0,-33.87,151.21,55.0,29.2
1.0,15.0,-33.87,151.21,55.0,31.4
1.0,3.0,-33.87,151.21,55.0,22.3
1.0,12.0,-33.87,151.21,55.0,28.4
1.0,9.0,-33.87,151.21,55.0,24.7
1.0,15.0,-33.87,151.21,55.0,26.8
1.0,3.0,-33.87,151.21,55.0,23.0
1.0,12.0,-33.87,151.21,55.0,30.5
1.0,9.0,-33.87,151.21,55.0,24.6
1.0,15.0,-33.87,151.21,55.0,29.0
1.0,3.0,-33.87,151.21,55.0,24.6
1.0,12.0,-33.87,151.21,55.0,32.5
1.0,9.0,-33.87,151.21,55.0,28.7
1.0,15.0,-33.87,151.21,55.0,29.2
1.0,3.0,-33.87,151.21,55.0,22.8
1.0,12.0,-33.87,151.21,55.0,27.0
1.0,9.0,-33.87,151.21,55.0,25.6
1.0,15.0,-33.87,151.21,55.0,25.5
1.0,3.0,-33.87,151.21,55.0,21.7
1.0,12.0,-33.87,151.21,55.0,27.2
1.0,9.0,-33.87,151.21,55.0,26.2
1.0,15.0,-33.87,151.21,55.0,26.3
1.0,3.0,-33.87,151.21,55.0,20.8
1.0,12.0,-33.87,151.21,55.0,36.6
1.0,9.0,-33.87,151.21,55.0,25.3
1.0,15.0,-33.87,151.21,55.0,32.6
1.0,3.0,-33.87,151.21,55.0,25.1
1.0,12.0,-33.87,151.21,55.0,38.1
1.0,9.0,-33.87,151.21,55.0,36.5
1.0,15.0,-33.87,151.21,55.0,30.1
1.0,3.0,-33.87,151.21,55.0,20.1
1.0,12.0,-33.87,151.21,55.0,24.5
1.0,9.0,-33.87,151.21,55.0,21.5
1.0,15.0,-33.87,151.21,55.0,22.7
1.0,3.0,-33.87,151.21,55.0,19.0
1.0,12.0,-33.87,151.21,55.0,29.2
1.0,9.0,-33.87,151.21,55.0,24.1
1.0,15.0,-33.87,151.21,55.0,28.3
1.0,3.0,-33.87,151.21,55.0,20.8
1.0,12.0,-33.87,151.21,55.0,27.4
1.0,9.0,-33.87,151.21,55.0,22.2
1.0,15.0,-33.87,151.21,55.0,26.6
1.0,3.0,-33.87,151.21,55.0,20.4
1.0,12.0,-33.87,151.21,55.0,26.5
1.0,9.0,-33.87,151.21,55.0,23.8
1.0,15.0,-33.87,151.21,55.0,26.0
1.0,3.0,-33.87,151.21,55.0,21.5
1.0,12.0,-33.87,151.21,55.0,32.6
1.0,9.0,-33.87,151.21,55.0,25.5
1.0,15.0,-33.87,151.21,55.0,28.6
1.0,3.0,-33.87,151.21,55.0,24.5
1.0,12.0,-33.87,151.21,55.0,37.0
1.0,9.0,-33.87,151.21,55.0,32.6
1.0,15.0,-33.87,151.21,55.0,35.0
1.0,3.0,-33.87,151.21,55.0,20.6
1.0,12.0,-33.87,151.21,55.0,24.3
1.0,9.0,-33.87,151.21,55.0,21.7
1.0,15.0,-33.87,151.21,55.0,23.3
1.0,3.0,-33.87,151.21,55.0,20.7
1.0,12.0,-33.87,151.21,55.0,25.5
1.0,9.0,-33.87,151.21,55.0,22.6
1.0,15.0,-33.87,151.21,55.0,24.9
1.0,3.0,-33.87,151.21,55.0,20.4
1.0,12.0,-33.87,151.21,55.0,27.1
1.0,9.0,-33.87,151.21,55.0,21.7
1.0,15.0,-33.87,151.21,55.0,25.7
1.0,3.0,-33.87,151.21,55.0,20.4
1.0,12.0,-33.87,151.21,55.0,29.7
1.0,9.0,-33.87,151.21,55.0,26.4
1.0,15.0,-33.87,151.21,55.0,28.1
1.0,3.0,-33.87,151.21,55.0,22.3
1.0,12.0,-33.87,151.21,55.0,30.2
1.0,9.0,-33.87,151.21,55.0,24.5
1.0,15.0,-33.87,151.21,55.0,28.9
1.0,3.0,-33.87,151.21,55.0,23.1
1.0,12.0,-33.87,151.21,55.0,34.3
1.0,9.0,-33.87,151.21,55.0,27.9
1.0,15.0,-33.87,151.21,55.0,30.3
1.0,3.0,-33.87,151.21,55.0,25.4
1.0,12.0,-33.87,151.21,55.0,39.4
1.0,9.0,-33.87,151.21,55.0,33.2
1.0,15.0,-33.87,151.21,55.0,29.2
