3.0,3.0,-33.87,151.21,55.0,20.6
3.0,12.0,-33.87,151.21,55.0,27.2
3.0,9.0,-33.87,151.21,55.0,21.4
3.0,15.0,-33.87,151.21,55.0,25.0
3.0,3.0,-33.87,151.21,55.0,20.5
3.0,12.0,-33.87,151.21,55.0,26.3
3.0,9.0,-33.87,151.21,55.0,23.0
3.0,15.0,-33.87,151.21,55.0,25.0
3.0,3.0,-33.87,151.21,55.0,20.7
3.0,12.0,-33.87,151.21,55.0,24.8
3.0,9.0,-33.87,151.21,55.0,21.7
3.0,15.0,-33.87,151.21,55.0,22.2
3.0,3.0,-33.87,151.21,55.0,19.9
3.0,12.0,-33.87,151.21,55.0,23.3
3.0,9.0,-33.87,151.21,55.0,21.5
3.0,15.0,-33.87,151.21,55.0,20.9
3.0,3.0,-33.87,151.21,55.0,20.1
3.0,12.0,-33.87,151.21,55.0,23.0
3.0,9.0,-33.87,151.21,55.0,20.4
3.0,15.0,-33.87,151.21,55.0,22.1
3.0,3.0,-33.87,151.21,55.0,19.6
3.0,12.0,-33.87,151.21,55.0,25.7
3.0,9.0,-33.87,151.21,55.0,20.5
3.0,15.0,-33.87,151.21,55.0,25.5
3.0,3.0,-33.87,151.21,55.0,18.8
3.0,12.0,-33.87,151.21,55.0,23.2
3.0,9.0,-33.87,151.21,55.0,19.3
3.0,15.0,-33.87,151.21,55.0,21.7
3.0,3.0,-33.87,151.21,55.0,16.9
3.0,12.0,-33.87,151.21,55.0,23.5
3.0,9.0,-33.87,151.21,55.0,19.9
3.0,15.0,-33.87,151.21,55.0,22.0
3.0,3.0,-33.87,151.21,55.0,17.9
3.0,12.0,-33.87,151.21,55.0,25.1
3.0,9.0,-33.87,151.21,55.0,20.3
3.0,15.0,-33.87,151.21,55.0,23.3
3.0,3.0,-33.87,151.21,55.0,17.3
3.0,12.0,-33.87,151.21,55.0,25.8
3.0,9.0,-33.87,151.21,55.0,19.3
3.0,15.0,-33.87,151.21,55.0,25.1
3.0,3.0,-33.87,151.21,55.0,16.9
3.0,12.0,-33.87,151.21,55.0,26.1
3.0,9.0,-33.87,151.21,55.0,20.1
3.0,15.0,-33.87,151.21,55.0,25.5
3.0,3.0,-33.87,151.21,55.0,17.4
3.0,12.0,-33.87,151.21,55.0,26.4
3.0,9.0,-33.87,151.21,55.0,22.3
3.0,15.0,-33.87,151.21,55.0,26.0
3.0,3.0,-33.87,151.21,55.0,22.2
3.0,12.0,-33.87,151.21,55.0,27.4
3.0,9.0,-33.87,151.21,55.0,23.7
3.0,15.0,-33.87,151.21,55.0,27.0
3.0,3.0,-33.87,151.21,55.0,22.6
3.0,12.0,-33.87,151.21,55.0,25.9
3.0,9.0,-33.87,151.21,55.0,23.9
3.0,15.0,-33.87,151.21,55.0,21.4
3.0,3.0,-33.87,151.21,55.0,19.8
3.0,12.0,-33.87,151.21,55.0,25.9
3.0,9.0,-33.87,151.21,55.0,22.9
3.0,15.0,-33.87,151.21,55.0,24.8
3.0,3.0,-33.87,151.21,55.0,21.9
3.0,12.0,-33.87,151.21,55.0,24.9
3.0,9.0,-33.87,151.21,55.0,23.1
3.0,15.0,-33.87,151.21,55.0,24.5
3.0,3.0,-33.87,151.21,55.0,20.0
3.0,12.0,-33.87,151.21,55.0,22.7
3.0,9.0,-33.87,151.21,55.0,20.3
3.0,15.0,-33.87,151.21,55.0,20.5
3.0,3.0,-33.87,151.21,55.0,19.3
3.0,12.0,-33.87,151.21,55.0,25.8
3.0,9.0,-33.87,151.21,55.0,21.8
3.0,15.0,-33.87,151.21,55.0,24.1
3.0,3.0,-33.87,151.21,55.0,21.6
3.0,12.0,-33.87,151.21,55.0,26.2
3.0,9.0,-33.87,151.21,55.0,23.7
3.0,15.0,-33.87,151.21,55.0,25.3
3.0,3.0,-33.87,151.21,55.0,23.7
3.0,12.0,-33.87,151.21,55.0,27.9
3.0,9.0,-33.87,151.21,55.0,25.8
3.0,15.0,-33.87,151.21,55.0,26.9
3.0,3.0,-33.87,151.21,55.0,23.3
3.0,12.0,-33.87,151.21,55.0,27.1
3.0,9.0,-33.87,151.21,55.0,24.5
3.0,15.0,-33.87,151.21,55.0,26.0
3.0,3.0,-33.87,151.21,55.0,22.3
3.0,12.0,-33.87,151.21,55.0,31.9
3.0,9.0,-33.87,151.21,55.0,23.9
3.0,15.0,-33.87,151.21,55.0,29.8
3.0,3.0,-33.87,151.21,55.0,20.7
3.0,12.0,-33.87,151.21,55.0,23.3
3.0,9.0,-33.87,151.21,55.0,21.5
3.0,15.0,-33.87,151.21,55.0,22.2
3.0,3.0,-33.87,151.21,55.0,18.5
3.0,12.0,-33.87,151.21,55.0,24.1
3.0,9.0,-33.87,151.21,55.0,20.4
3.0,15.0,-33.87,151.21,55.0,21.7
3.0,3.0,-33.87,151.21,55.0,19.2
3.0,12.0,-33.87,151.21,55.0,24.5
3.0,9.0,-33.87,151.21,55.0,20.2
3.0,15.0,-33.87,151.21,55.0,24.2
3.0,3.0,-33.87,151.21,55.0,18.9
3.0,12.0,-33.87,151.21,55.0,26.5
3.0,9.0,-33.87,151.21,55.0,21.3
3.0,15.0,-33.87,151.21,55.0,26.0
3.0,3.0,-33.87,151.21,55.0,19.2
3.0,12.0,-33.87,151.21,55.0,27.0
3.0,9.0,-33.87,151.21,55.0,21.8
3.0,15.0,-33.87,151.21,55.0,26.0
3.0,3.0,-33.87,151.21,55.0,21.2
3.0,12.0,-33.87,151.21,55.0,23.8
3.0,9.0,-33.87,151.21,55.0,21.8
3.0,15.0,-33.87,151.21,55.0,23.6
3.0,3.0,-33.87,151.21,55.0,21.4
3.0,12.0,-33.87,151.21,55.0,28.8
3.0,9.0,-33.87,151.21,55.0,22.5
3.0,15.0,-33.87,151.21,55.0,27.0
3.0,3.0,-33.87,151.21,55.0,22.5
3.0,12.0,-33.87,151.21,55.0,26.0
3.0,9.0,-33.87,151.21,55.0,25.2
3.0,15.0,-33.87,151.21,55.0,19.2
3.0,3.0,-33.87,151.21,55.0,15.3
3.0,12.0,-33.87,151.21,55.0,22.6
3.0,9.0,-33.87,151.21,55.0,16.9
3.0,15.0,-33.87,151.21,55.0,21.6
