3.0,9.0,-34.93,138.6,58.0,1017.1
3.0,15.0,-34.93,138.6,58.0,1015.9
3.0,9.0,-34.93,138.6,58.0,1017.8
3.0,15.0,-34.93,138.6,58.0,1016.6
3.0,9.0,-34.93,138.6,58.0,1019.5
3.0,15.0,-34.93,138.6,58.0,1016.6
3.0,9.0,-34.93,138.6,58.0,1016.0
3.0,15.0,-34.93,138.6,58.0,1014.8
3.0,9.0,-34.93,138.6,58.0,1017.1
3.0,15.0,-34.93,138.6,58.0,1015.2
3.0,9.0,-34.93,138.6,58.0,1017.3
3.0,15.0,-34.93,138.6,58.0,1014.4
3.0,9.0,-34.93,138.6,58.0,1015.1
3.0,15.0,-34.93,138.6,58.0,1013.0
3.0,9.0,-34.93,138.6,58.0,1013.6
3.0,15.0,-34.93,138.6,58.0,1012.7
3.0,9.0,-34.93,138.6,58.0,1015.8
3.0,15.0,-34.93,138.6,58.0,1015.0
3.0,9.0,-34.93,138.6,58.0,1016.8
3.0,15.0,-34.93,138.6,58.0,1015.1
3.0,9.0,-34.93,138.6,58.0,1010.8
3.0,15.0,-34.93,138.6,58.0,1006.0
3.0,9.0,-34.93,138.6,58.0,1004.2
3.0,15.0,-34.93,138.6,58.0,1005.1
3.0,9.0,-34.93,138.6,58.0,1014.9
3.0,15.0,-34.93,138.6,58.0,1014.9
3.0,9.0,-34.93,138.6,58.0,1016.0
3.0,15.0,-34.93,138.6,58.0,1013.9
3.0,9.0,-34.93,138.6,58.0,1011.0
3.0,15.0,-34.93,138.6,58.0,1007.4
3.0,9.0,-34.93,138.6,58.0,1014.8
3.0,15.0,-34.93,138.6,58.0,1016.4
3.0,9.0,-34.93,138.6,58.0,1023.3
3.0,15.0,-34.93,138.6,58.0,1021.0
3.0,9.0,-34.93,138.6,58.0,1021.9
3.0,15.0,-34.93,138.6,58.0,1019.1
3.0,9.0,-34.93,138.6,58.0,1016.5
3.0,15.0,-34.93,138.6,58.0,1012.9
3.0,9.0,-34.93,138.6,58.0,1011.1
3.0,15.0,-34.93,138.6,58.0,1009.5
3.0,9.0,-34.93,138.6,58.0,1009.7
3.0,15.0,-34.93,138.6,58.0,1009.2
3.0,9.0,-34.93,138.6,58.0,1016.6
3.0,15.0,-34.93,138.6,58.0,1016.6
3.0,9.0,-34.93,138.6,58.0,1018.8
3.0,15.0,-34.93,138.6,58.0,1014.8
3.0,9.0,-34.93,138.6,58.0,1014.2
3.0,15.0,-34.93,138.6,58.0,1011.8
3.0,9.0,-34.93,138.6,58.0,1013.2
3.0,15.0,-34.93,138.6,58.0,1012.8
3.0,9.0,-34.93,138.6,58.0,1012.0
3.0,15.0,-34.93,138.6,58.0,1008.9
3.0,9.0,-34.93,138.6,58.0,1012.9
3.0,15.0,-34.93,138.6,58.0,1014.4
3.0,9.0,-34.93,138.6,58.0,1016.4
3.0,15.0,-34.93,138.6,58.0,1013.8
3.0,9.0,-34.93,138.6,58.0,1011.4
3.0,15.0,-34.93,138.6,58.0,1011.4
3.0,9.0,-34.93,138.6,58.0,1022.3
3.0,15.0,-34.93,138.6,58.0,1022.9
3.0,9.0,-34.93,138.6,58.0,1025.0
3.0,15.0,-34.93,138.6,58.0,1022.8
