2.0,9.0,-34.93,138.6,58.0,1016.2
2.0,15.0,-34.93,138.6,58.0,1014.5
2.0,9.0,-34.93,138.6,58.0,1019.3
2.0,15.0,-34.93,138.6,58.0,1017.2
2.0,9.0,-34.93,138.6,58.0,1017.0
2.0,15.0,-34.93,138.6,58.0,1014.0
2.0,9.0,-34.93,138.6,58.0,1009.4
2.0,15.0,-34.93,138.6,58.0,1009.5
2.0,9.0,-34.93,138.6,58.0,1008.7
2.0,15.0,-34.93,138.6,58.0,1007.6
2.0,9.0,-34.93,138.6,58.0,1013.4
2.0,15.0,-34.93,138.6,58.0,1014.7
2.0,9.0,-34.93,138.6,58.0,1018.2
2.0,15.0,-34.93,138.6,58.0,1014.4
2.0,9.0,-34.93,138.6,58.0,1011.3
2.0,15.0,-34.93,138.6,58.0,1007.6
2.0,9.0,-34.93,138.6,58.0,1007.3
2.0,15.0,-34.93,138.6,58.0,1006.7
2.0,9.0,-34.93,138.6,58.0,1009.2
2.0,15.0,-34.93,138.6,58.0,1007.1
2.0,9.0,-34.93,138.6,58.0,1008.9
2.0,15.0,-34.93,138.6,58.0,1008.5
2.0,9.0,-34.93,138.6,58.0,1015.3
2.0,15.0,-34.93,138.6,58.0,1015.7
2.0,9.0,-34.93,138.6,58.0,1018.8
2.0,15.0,-34.93,138.6,58.0,1018.2
2.0,9.0,-34.93,138.6,58.0,1020.0
2.0,15.0,-34.93,138.6,58.0,1017.3
2.0,9.0,-34.93,138.6,58.0,1011.4
2.0,15.0,-34.93,138.6,58.0,1009.8
2.0,9.0,-34.93,138.6,58.0,1011.9
2.0,15.0,-34.93,138.6,58.0,1010.9
2.0,9.0,-34.93,138.6,58.0,1013.6
2.0,15.0,-34.93,138.6,58.0,1013.2
2.0,9.0,-34.93,138.6,58.0,1015.7
2.0,15.0,-34.93,138.6,58.0,1016.4
2.0,9.0,-34.93,138.6,58.0,1017.2
2.0,15.0,-34.93,138.6,58.0,1016.5
2.0,9.0,-34.93,138.6,58.0,1018.7
2.0,15.0,-34.93,138.6,58.0,1017.6
2.0,9.0,-34.93,138.6,58.0,1018.9
2.0,15.0,-34.93,138.6,58.0,1014.8
2.0,9.0,-34.93,138.6,58.0,1008.3
2.0,15.0,-34.93,138.6,58.0,1011.4
2.0,9.0,-34.93,138.6,58.0,1020.1
2.0,15.0,-34.93,138.6,58.0,1021.1
2.0,9.0,-34.93,138.6,58.0,1026.8
2.0,15.0,-34.93,138.6,58.0,1024.8
2.0,9.0,-34.93,138.6,58.0,1025.4
2.0,15.0,-34.93,138.6,58.0,1022.5
2.0,9.0,-34.93,138.6,58.0,1020.8
2.0,15.0,-34.93,138.6,58.0,1018.1
2.0,9.0,-34.93,138.6,58.0,1018.1
2.0,15.0,-34.93,138.6,58.0,1015.7
2.0,9.0,-34.93,138.6,58.0,1017.0
2.0,15.0,-34.93,138.6,58.0,1015.4
