11.0,9.0,-34.93,138.6,58.0,1016.0
11.0,15.0,-34.93,138.6,58.0,1016.3
11.0,9.0,-34.93,138.6,58.0,1019.8
11.0,15.0,-34.93,138.6,58.0,1019.6
11.0,9.0,-34.93,138.6,58.0,1020.6
11.0,15.0,-34.93,138.6,58.0,1017.8
11.0,9.0,-34.93,138.6,58.0,1014.0
11.0,15.0,-34.93,138.6,58.0,1012.8
11.0,9.0,-34.93,138.6,58.0,1019.9
11.0,15.0,-34.93,138.6,58.0,1020.2
11.0,9.0,-34.93,138.6,58.0,1017.8
11.0,15.0,-34.93,138.6,58.0,1013.0
11.0,9.0,-34.93,138.6,58.0,1005.0
11.0,15.0,-34.93,138.6,58.0,1004.8
11.0,9.0,-34.93,138.6,58.0,1014.1
11.0,15.0,-34.93,138.6,58.0,1013.0
11.0,9.0,-34.93,138.6,58.0,1014.8
11.0,15.0,-34.93,138.6,58.0,1011.0
11.0,9.0,-34.93,138.6,58.0,1013.0
11.0,15.0,-34.93,138.6,58.0,1010.1
11.0,9.0,-34.93,138.6,58.0,1004.3
11.0,15.0,-34.93,138.6,58.0,997.3
11.0,9.0,-34.93,138.6,58.0,1003.1
11.0,15.0,-34.93,138.6,58.0,1003.8
11.0,9.0,-34.93,138.6,58.0,1009.0
11.0,15.0,-34.93,138.6,58.0,1011.8
11.0,9.0,-34.93,138.6,58.0,1019.6
11.0,15.0,-34.93,138.6,58.0,1020.3
11.0,9.0,-34.93,138.6,58.0,1023.9
11.0,15.0,-34.93,138.6,58.0,1022.5
11.0,9.0,-34.93,138.6,58.0,1022.8
11.0,15.0,-34.93,138.6,58.0,1019.0
11.0,9.0,-34.93,138.6,58.0,1014.4
11.0,15.0,-34.93,138.6,58.0,1012.3
11.0,9.0,-34.93,138.6,58.0,1017.6
11.0,15.0,-34.93,138.6,58.0,1016.5
11.0,9.0,-34.93,138.6,58.0,1019.2
11.0,15.0,-34.93,138.6,58.0,1016.1
11.0,9.0,-34.93,138.6,58.0,1013.3
11.0,15.0,-34.93,138.6,58.0,1009.7
11.0,9.0,-34.93,138.6,58.0,1005.6
11.0,15.0,-34.93,138.6,58.0,1008.7
11.0,9.0,-34.93,138.6,58.0,1017.4
11.0,15.0,-34.93,138.6,58.0,1017.6
11.0,9.0,-34.93,138.6,58.0,1022.3
11.0,15.0,-34.93,138.6,58.0,1020.9
11.0,9.0,-34.93,138.6,58.0,1022.7
11.0,15.0,-34.93,138.6,58.0,1020.7
11.0,9.0,-34.93,138.6,58.0,1022.5
11.0,15.0,-34.93,138.6,58.0,1021.7
11.0,9.0,-34.93,138.6,58.0,1024.5
11.0,15.0,-34.93,138.6,58.0,1020.8
11.0,9.0,-34.93,138.6,58.0,1020.7
11.0,15.0,-34.93,138.6,58.0,1017.4
11.0,9.0,-34.93,138.6,58.0,1014.4
11.0,15.0,-34.93,138.6,58.0,1013.1
11.0,9.0,-34.93,138.6,58.0,1012.5
11.0,15.0,-34.93,138.6,58.0,1011.7
11.0,9.0,-34.93,138.6,58.0,1012.5
11.0,15.0,-34.93,138.6,58.0,1010.4
