8.0,9.0,-34.93,138.6,58.0,1013.2
8.0,15.0,-34.93,138.6,58.0,1014.7
8.0,9.0,-34.93,138.6,58.0,1027.2
8.0,15.0,-34.93,138.6,58.0,1026.5
8.0,9.0,-34.93,138.6,58.0,1030.7
8.0,15.0,-34.93,138.6,58.0,1029.0
8.0,9.0,-34.93,138.6,58.0,1031.1
8.0,15.0,-34.93,138.6,58.0,1029.3
8.0,9.0,-34.93,138.6,58.0,1030.2
8.0,15.0,-34.93,138.6,58.0,1027.6
8.0,9.0,-34.93,138.6,58.0,1026.3
8.0,15.0,-34.93,138.6,58.0,1023.4
8.0,9.0,-34.93,138.6,58.0,1023.2
8.0,15.0,-34.93,138.6,58.0,1020.3
8.0,9.0,-34.93,138.6,58.0,1019.3
8.0,15.0,-34.93,138.6,58.0,1015.5
8.0,9.0,-34.93,138.6,58.0,1008.1
8.0,15.0,-34.93,138.6,58.0,1007.1
8.0,9.0,-34.93,138.6,58.0,1013.1
8.0,15.0,-34.93,138.6,58.0,1013.1
8.0,9.0,-34.93,138.6,58.0,1022.9
8.0,15.0,-34.93,138.6,58.0,1022.7
8.0,9.0,-34.93,138.6,58.0,1020.7
8.0,15.0,-34.93,138.6,58.0,1018.2
8.0,9.0,-34.93,138.6,58.0,1025.4
8.0,15.0,-34.93,138.6,58.0,1024.7
8.0,9.0,-34.93,138.6,58.0,1030.3
8.0,15.0,-34.93,138.6,58.0,1028.1
8.0,9.0,-34.93,138.6,58.0,1028.6
8.0,15.0,-34.93,138.6,58.0,1024.7
8.0,9.0,-34.93,138.6,58.0,1021.9
8.0,15.0,-34.93,138.6,58.0,1018.3
8.0,9.0,-34.93,138.6,58.0,1022.6
8.0,15.0,-34.93,138.6,58.0,1018.5
8.0,9.0,-34.93,138.6,58.0,1010.0
8.0,15.0,-34.93,138.6,58.0,1006.0
8.0,9.0,-34.93,138.6,58.0,1011.0
8.0,15.0,-34.93,138.6,58.0,1012.1
8.0,9.0,-34.93,138.6,58.0,1018.8
8.0,15.0,-34.93,138.6,58.0,1017.9
8.0,9.0,-34.93,138.6,58.0,1017.5
8.0,15.0,-34.93,138.6,58.0,1013.9
8.0,9.0,-34.93,138.6,58.0,1014.4
8.0,15.0,-34.93,138.6,58.0,1013.4
8.0,9.0,-34.93,138.6,58.0,1017.6
8.0,15.0,-34.93,138.6,58.0,1015.5
8.0,9.0,-34.93,138.6,58.0,1016.2
8.0,15.0,-34.93,138.6,58.0,1014.4
8.0,9.0,-34.93,138.6,58.0,1020.4
8.0,15.0,-34.93,138.6,58.0,1020.1
8.0,9.0,-34.93,138.6,58.0,1025.9
8.0,15.0,-34.93,138.6,58.0,1023.3
8.0,9.0,-34.93,138.6,58.0,1022.6
8.0,15.0,-34.93,138.6,58.0,1018.6
8.0,9.0,-34.93,138.6,58.0,1017.5
8.0,15.0,-34.93,138.6,58.0,1013.4
8.0,9.0,-34.93,138.6,58.0,1015.7
8.0,15.0,-34.93,138.6,58.0,1010.8
8.0,9.0,-34.93,138.6,58.0,1012.5
8.0,15.0,-34.93,138.6,58.0,1010.2
8.0,9.0,-34.93,138.6,58.0,1018.3
8.0,15.0,-34.93,138.6,58.0,1017.7
