10.0,9.0,-34.93,138.6,58.0,1008.1
10.0,15.0,-34.93,138.6,58.0,1004.2
10.0,9.0,-34.93,138.6,58.0,995.8
10.0,15.0,-34.93,138.6,58.0,996.8
10.0,9.0,-34.93,138.6,58.0,1001.0
10.0,15.0,-34.93,138.6,58.0,1004.5
10.0,9.0,-34.93,138.6,58.0,1008.1
10.0,15.0,-34.93,138.6,58.0,1013.6
10.0,9.0,-34.93,138.6,58.0,1019.3
10.0,15.0,-34.93,138.6,58.0,1019.2
10.0,9.0,-34.93,138.6,58.0,1017.1
10.0,15.0,-34.93,138.6,58.0,1014.0
10.0,9.0,-34.93,138.6,58.0,1015.3
10.0,15.0,-34.93,138.6,58.0,1015.6
10.0,9.0,-34.93,138.6,58.0,1021.5
10.0,15.0,-34.93,138.6,58.0,1017.1
10.0,9.0,-34.93,138.6,58.0,1001.8
10.0,15.0,-34.93,138.6,58.0,1008.7
10.0,9.0,-34.93,138.6,58.0,1015.4
10.0,15.0,-34.93,138.6,58.0,1017.2
10.0,9.0,-34.93,138.6,58.0,1023.4
10.0,15.0,-34.93,138.6,58.0,1023.5
10.0,9.0,-34.93,138.6,58.0,1023.3
10.0,15.0,-34.93,138.6,58.0,1023.3
10.0,9.0,-34.93,138.6,58.0,1026.5
10.0,15.0,-34.93,138.6,58.0,1023.9
10.0,9.0,-34.93,138.6,58.0,1022.1
10.0,15.0,-34.93,138.6,58.0,1018.3
10.0,9.0,-34.93,138.6,58.0,1012.2
10.0,15.0,-34.93,138.6,58.0,1006.3
10.0,9.0,-34.93,138.6,58.0,1005.0
10.0,15.0,-34.93,138.6,58.0,1005.0
10.0,9.0,-34.93,138.6,58.0,1014.4
10.0,15.0,-34.93,138.6,58.0,1014.3
10.0,9.0,-34.93,138.6,58.0,1015.1
10.0,15.0,-34.93,138.6,58.0,1017.4
10.0,9.0,-34.93,138.6,58.0,1022.5
10.0,15.0,-34.93,138.6,58.0,1019.3
10.0,9.0,-34.93,138.6,58.0,1012.9
10.0,15.0,-34.93,138.6,58.0,1005.8
10.0,9.0,-34.93,138.6,58.0,1015.9
10.0,15.0,-34.93,138.6,58.0,1017.8
10.0,9.0,-34.93,138.6,58.0,1027.3
10.0,15.0,-34.93,138.6,58.0,1027.3
10.0,9.0,-34.93,138.6,58.0,1029.8
10.0,15.0,-34.93,138.6,58.0,1026.8
10.0,9.0,-34.93,138.6,58.0,1021.8
10.0,15.0,-34.93,138.6,58.0,1017.3
10.0,9.0,-34.93,138.6,58.0,1011.0
10.0,15.0,-34.93,138.6,58.0,1008.6
10.0,9.0,-34.93,138.6,58.0,1015.3
10.0,15.0,-34.93,138.6,58.0,1017.2
10.0,9.0,-34.93,138.6,58.0,1022.4
10.0,15.0,-34.93,138.6,58.0,1019.3
10.0,9.0,-34.93,138.6,58.0,1020.1
10.0,15.0,-34.93,138.6,58.0,1018.0
10.0,9.0,-34.93,138.6,58.0,1013.7
10.0,15.0,-34.93,138.6,58.0,1006.4
10.0,9.0,-34.93,138.6,58.0,1008.2
10.0,15.0,-34.93,138.6,58.0,1012.0
10.0,9.0,-34.93,138.6,58.0,1018.3
10.0,15.0,-34.93,138.6,58.0,1017.2
