6.0,9.0,-34.93,138.6,58.0,1037.4
6.0,15.0,-34.93,138.6,58.0,1035.1
6.0,9.0,-34.93,138.6,58.0,1036.5
6.0,15.0,-34.93,138.6,58.0,1033.5
6.0,9.0,-34.93,138.6,58.0,1033.4
6.0,15.0,-34.93,138.6,58.0,1030.0
6.0,9.0,-34.93,138.6,58.0,1030.4
6.0,15.0,-34.93,138.6,58.0,1027.4
6.0,9.0,-34.93,138.6,58.0,1029.2
6.0,15.0,-34.93,138.6,58.0,1026.8
6.0,9.0,-34.93,138.6,58.0,1031.9
6.0,15.0,-34.93,138.6,58.0,1030.3
6.0,9.0,-34.93,138.6,58.0,1032.1
6.0,15.0,-34.93,138.6,58.0,1029.1
6.0,9.0,-34.93,138.6,58.0,1031.9
6.0,15.0,-34.93,138.6,58.0,1030.5
6.0,9.0,-34.93,138.6,58.0,1036.4
6.0,15.0,-34.93,138.6,58.0,1034.3
6.0,9.0,-34.93,138.6,58.0,1035.0
6.0,15.0,-34.93,138.6,58.0,1032.0
6.0,9.0,-34.93,138.6,58.0,1031.0
6.0,15.0,-34.93,138.6,58.0,1028.5
6.0,9.0,-34.93,138.6,58.0,1030.9
6.0,15.0,-34.93,138.6,58.0,1029.1
6.0,9.0,-34.93,138.6,58.0,1031.5
6.0,15.0,-34.93,138.6,58.0,1028.5
6.0,9.0,-34.93,138.6,58.0,1028.3
6.0,15.0,-34.93,138.6,58.0,1026.1
6.0,9.0,-34.93,138.6,58.0,1026.8
6.0,15.0,-34.93,138.6,58.0,1024.3
6.0,9.0,-34.93,138.6,58.0,1025.7
6.0,15.0,-34.93,138.6,58.0,1023.2
6.0,9.0,-34.93,138.6,58.0,1026.9
6.0,15.0,-34.93,138.6,58.0,1026.3
6.0,9.0,-34.93,138.6,58.0,1032.2
6.0,15.0,-34.93,138.6,58.0,1030.5
6.0,9.0,-34.93,138.6,58.0,1032.3
6.0,15.0,-34.93,138.6,58.0,1028.8
6.0,9.0,-34.93,138.6,58.0,1027.7
6.0,15.0,-34.93,138.6,58.0,1026.0
6.0,9.0,-34.93,138.6,58.0,1029.1
6.0,15.0,-34.93,138.6,58.0,1026.6
6.0,9.0,-34.93,138.6,58.0,1026.3
6.0,15.0,-34.93,138.6,58.0,1021.8
6.0,9.0,-34.93,138.6,58.0,1019.4
6.0,15.0,-34.93,138.6,58.0,1017.0
6.0,9.0,-34.93,138.6,58.0,1020.1
6.0,15.0,-34.93,138.6,58.0,1018.1
6.0,9.0,-34.93,138.6,58.0,1020.0
6.0,15.0,-34.93,138.6,58.0,1020.0
6.0,9.0,-34.93,138.6,58.0,1025.6
6.0,15.0,-34.93,138.6,58.0,1024.3
6.0,9.0,-34.93,138.6,58.0,1024.0
6.0,15.0,-34.93,138.6,58.0,1022.0
6.0,9.0,-34.93,138.6,58.0,1023.4
6.0,15.0,-34.93,138.6,58.0,1022.1
6.0,9.0,-34.93,138.6,58.0,1028.7
6.0,15.0,-34.93,138.6,58.0,1028.2
6.0,9.0,-34.93,138.6,58.0,1032.0
6.0,15.0,-34.93,138.6,58.0,1028.7
