9.0,9.0,-34.93,138.6,58.0,1017.7
9.0,15.0,-34.93,138.6,58.0,1013.3
9.0,9.0,-34.93,138.6,58.0,1011.5
9.0,15.0,-34.93,138.6,58.0,1009.1
9.0,9.0,-34.93,138.6,58.0,1014.1
9.0,15.0,-34.93,138.6,58.0,1016.6
9.0,9.0,-34.93,138.6,58.0,1027.1
9.0,15.0,-34.93,138.6,58.0,1026.9
9.0,9.0,-34.93,138.6,58.0,1030.0
9.0,15.0,-34.93,138.6,58.0,1026.8
9.0,9.0,-34.93,138.6,58.0,1027.8
9.0,15.0,-34.93,138.6,58.0,1024.8
9.0,9.0,-34.93,138.6,58.0,1023.1
9.0,15.0,-34.93,138.6,58.0,1017.4
9.0,9.0,-34.93,138.6,58.0,1014.4
9.0,15.0,-34.93,138.6,58.0,1009.6
9.0,9.0,-34.93,138.6,58.0,1015.0
9.0,15.0,-34.93,138.6,58.0,1015.6
9.0,9.0,-34.93,138.6,58.0,1022.4
9.0,15.0,-34.93,138.6,58.0,1020.6
9.0,9.0,-34.93,138.6,58.0,1021.0
9.0,15.0,-34.93,138.6,58.0,1019.1
9.0,9.0,-34.93,138.6,58.0,1020.0
9.0,15.0,-34.93,138.6,58.0,1018.4
9.0,9.0,-34.93,138.6,58.0,1016.3
9.0,15.0,-34.93,138.6,58.0,1011.3
9.0,9.0,-34.93,138.6,58.0,1009.6
9.0,15.0,-34.93,138.6,58.0,1008.2
9.0,9.0,-34.93,138.6,58.0,1016.0
9.0,15.0,-34.93,138.6,58.0,1015.1
9.0,9.0,-34.93,138.6,58.0,1018.4
9.0,15.0,-34.93,138.6,58.0,1015.7
9.0,9.0,-34.93,138.6,58.0,1014.5
9.0,15.0,-34.93,138.6,58.0,1012.6
9.0,9.0,-34.93,138.6,58.0,1017.5
9.0,15.0,-34.93,138.6,58.0,1016.0
9.0,9.0,-34.93,138.6,58.0,1014.0
9.0,15.0,-34.93,138.6,58.0,1009.6
9.0,9.0,-34.93,138.6,58.0,1010.5
9.0,15.0,-34.93,138.6,58.0,1007.0
9.0,9.0,-34.93,138.6,58.0,1016.8
9.0,15.0,-34.93,138.6,58.0,1018.2
9.0,9.0,-34.93,138.6,58.0,1022.3
9.0,15.0,-34.93,138.6,58.0,1019.6
9.0,9.0,-34.93,138.6,58.0,1013.6
9.0,15.0,-34.93,138.6,58.0,1008.2
9.0,9.0,-34.93,138.6,58.0,1006.5
9.0,15.0,-34.93,138.6,58.0,1006.6
9.0,9.0,-34.93,138.6,58.0,1016.4
9.0,15.0,-34.93,138.6,58.0,1013.9
9.0,9.0,-34.93,138.6,58.0,1012.4
9.0,15.0,-34.93,138.6,58.0,1012.0
9.0,9.0,-34.93,138.6,58.0,1016.6
9.0,15.0,-34.93,138.6,58.0,1014.4
9.0,9.0,-34.93,138.6,58.0,1002.8
9.0,15.0,-34.93,138.6,58.0,988.9
9.0,9.0,-34.93,138.6,58.0,982.3
9.0,15.0,-34.93,138.6,58.0,986.2
9.0,9.0,-34.93,138.6,58.0,1002.5
9.0,15.0,-34.93,138.6,58.0,1004.8
