4.0,9.0,-34.93,138.6,58.0,1025.2
4.0,15.0,-34.93,138.6,58.0,1024.7
4.0,9.0,-34.93,138.6,58.0,1031.3
4.0,15.0,-34.93,138.6,58.0,1028.4
4.0,9.0,-34.93,138.6,58.0,1030.8
4.0,15.0,-34.93,138.6,58.0,1026.8
4.0,9.0,-34.93,138.6,58.0,1026.8
4.0,15.0,-34.93,138.6,58.0,1022.4
4.0,9.0,-34.93,138.6,58.0,1022.4
4.0,15.0,-34.93,138.6,58.0,1018.7
4.0,9.0,-34.93,138.6,58.0,1021.1
4.0,15.0,-34.93,138.6,58.0,1018.0
4.0,9.0,-34.93,138.6,58.0,1019.9
4.0,15.0,-34.93,138.6,58.0,1016.2
4.0,9.0,-34.93,138.6,58.0,1015.6
4.0,15.0,-34.93,138.6,58.0,1013.2
4.0,9.0,-34.93,138.6,58.0,1018.6
4.0,15.0,-34.93,138.6,58.0,1020.0
4.0,9.0,-34.93,138.6,58.0,1024.6
4.0,15.0,-34.93,138.6,58.0,1023.9
4.0,9.0,-34.93,138.6,58.0,1027.2
4.0,15.0,-34.93,138.6,58.0,1023.9
4.0,9.0,-34.93,138.6,58.0,1025.5
4.0,15.0,-34.93,138.6,58.0,1022.1
4.0,9.0,-34.93,138.6,58.0,1024.7
4.0,15.0,-34.93,138.6,58.0,1022.8
4.0,9.0,-34.93,138.6,58.0,1025.2
4.0,15.0,-34.93,138.6,58.0,1022.4
4.0,9.0,-34.93,138.6,58.0,1020.9
4.0,15.0,-34.93,138.6,58.0,1017.3
4.0,9.0,-34.93,138.6,58.0,1020.6
4.0,15.0,-34.93,138.6,58.0,1018.8
4.0,9.0,-34.93,138.6,58.0,1020.9
4.0,15.0,-34.93,138.6,58.0,1018.4
4.0,9.0,-34.93,138.6,58.0,1022.7
4.0,15.0,-34.93,138.6,58.0,1020.3
4.0,9.0,-34.93,138.6,58.0,1019.9
4.0,15.0,-34.93,138.6,58.0,1017.2
4.0,9.0,-34.93,138.6,58.0,1021.2
4.0,15.0,-34.93,138.6,58.0,1018.2
4.0,9.0,-34.93,138.6,58.0,1022.0
4.0,15.0,-34.93,138.6,58.0,1020.3
4.0,9.0,-34.93,138.6,58.0,1023.8
4.0,15.0,-34.93,138.6,58.0,1020.9
4.0,9.0,-34.93,138.6,58.0,1023.0
4.0,15.0,-34.93,138.6,58.0,1020.1
4.0,9.0,-34.93,138.6,58.0,1017.2
4.0,15.0,-34.93,138.6,58.0,1013.7
4.0,9.0,-34.93,138.6,58.0,1014.1
4.0,15.0,-34.93,138.6,58.0,1011.8
4.0,9.0,-34.93,138.6,58.0,1020.9
4.0,15.0,-34.93,138.6,58.0,1022.6
4.0,9.0,-34.93,138.6,58.0,1028.9
4.0,15.0,-34.93,138.6,58.0,1026.8
4.0,9.0,-34.93,138.6,58.0,1028.6
4.0,15.0,-34.93,138.6,58.0,1026.5
4.0,9.0,-34.93,138.6,58.0,1026.9
4.0,15.0,-34.93,138.6,58.0,1024.9
4.0,9.0,-34.93,138.6,58.0,1022.8
4.0,15.0,-34.93,138.6,58.0,1019.1
