5.0,9.0,-34.93,138.6,58.0,1016.9
5.0,15.0,-34.93,138.6,58.0,1017.3
5.0,9.0,-34.93,138.6,58.0,1025.0
5.0,15.0,-34.93,138.6,58.0,1025.4
5.0,9.0,-34.93,138.6,58.0,1031.6
5.0,15.0,-34.93,138.6,58.0,1029.1
5.0,9.0,-34.93,138.6,58.0,1031.2
5.0,15.0,-34.93,138.6,58.0,1028.2
5.0,9.0,-34.93,138.6,58.0,1026.5
5.0,15.0,-34.93,138.6,58.0,1022.6
5.0,9.0,-34.93,138.6,58.0,1023.5
5.0,15.0,-34.93,138.6,58.0,1024.9
5.0,9.0,-34.93,138.6,58.0,1033.2
5.0,15.0,-34.93,138.6,58.0,1031.5
5.0,9.0,-34.93,138.6,58.0,1033.7
5.0,15.0,-34.93,138.6,58.0,1030.2
5.0,9.0,-34.93,138.6,58.0,1029.6
5.0,15.0,-34.93,138.6,58.0,1026.0
5.0,9.0,-34.93,138.6,58.0,1026.9
5.0,15.0,-34.93,138.6,58.0,1023.4
5.0,9.0,-34.93,138.6,58.0,1026.3
5.0,15.0,-34.93,138.6,58.0,1024.1
5.0,9.0,-34.93,138.6,58.0,1025.3
5.0,15.0,-34.93,138.6,58.0,1021.5
5.0,9.0,-34.93,138.6,58.0,1022.8
5.0,15.0,-34.93,138.6,58.0,1020.7
5.0,9.0,-34.93,138.6,58.0,1023.2
5.0,15.0,-34.93,138.6,58.0,1020.8
5.0,9.0,-34.93,138.6,58.0,1020.6
5.0,15.0,-34.93,138.6,58.0,1016.8
5.0,9.0,-34.93,138.6,58.0,1013.1
5.0,15.0,-34.93,138.6,58.0,1010.5
5.0,9.0,-34.93,138.6,58.0,1011.0
5.0,15.0,-34.93,138.6,58.0,1011.2
5.0,9.0,-34.93,138.6,58.0,1017.2
5.0,15.0,-34.93,138.6,58.0,1014.9
5.0,9.0,-34.93,138.6,58.0,1016.0
5.0,15.0,-34.93,138.6,58.0,1012.9
5.0,9.0,-34.93,138.6,58.0,1015.6
5.0,15.0,-34.93,138.6,58.0,1013.8
5.0,9.0,-34.93,138.6,58.0,1018.1
5.0,15.0,-34.93,138.6,58.0,1015.7
5.0,9.0,-34.93,138.6,58.0,1016.1
5.0,15.0,-34.93,138.6,58.0,1011.5
5.0,9.0,-34.93,138.6,58.0,1018.1
5.0,15.0,-34.93,138.6,58.0,1015.3
5.0,9.0,-34.93,138.6,58.0,1020.8
5.0,15.0,-34.93,138.6,58.0,1020.9
5.0,9.0,-34.93,138.6,58.0,1022.6
5.0,15.0,-34.93,138.6,58.0,1020.4
5.0,9.0,-34.93,138.6,58.0,1022.4
5.0,15.0,-34.93,138.6,58.0,1017.5
5.0,9.0,-34.93,138.6,58.0,1014.2
5.0,15.0,-34.93,138.6,58.0,1010.3
5.0,9.0,-34.93,138.6,58.0,1015.1
5.0,15.0,-34.93,138.6,58.0,1015.5
5.0,9.0,-34.93,138.6,58.0,1022.5
5.0,15.0,-34.93,138.6,58.0,1021.2
5.0,9.0,-34.93,138.6,58.0,1028.4
5.0,15.0,-34.93,138.6,58.0,1028.9
5.0,9.0,-34.93,138.6,58.0,1036.2
5.0,15.0,-34.93,138.6,58.0,1034.8
