12.0,9.0,-34.93,138.6,58.0,1009.9
12.0,15.0,-34.93,138.6,58.0,1008.0
12.0,9.0,-34.93,138.6,58.0,1014.2
12.0,15.0,-34.93,138.6,58.0,1013.4
12.0,9.0,-34.93,138.6,58.0,1014.2
12.0,15.0,-34.93,138.6,58.0,1011.2
12.0,9.0,-34.93,138.6,58.0,1008.9
12.0,15.0,-34.93,138.6,58.0,1004.1
12.0,9.0,-34.93,138.6,58.0,1014.1
12.0,15.0,-34.93,138.6,58.0,1013.5
12.0,9.0,-34.93,138.6,58.0,1016.1
12.0,15.0,-34.93,138.6,58.0,1016.2
12.0,9.0,-34.93,138.6,58.0,1013.6
12.0,15.0,-34.93,138.6,58.0,1007.9
12.0,9.0,-34.93,138.6,58.0,1008.0
12.0,15.0,-34.93,138.6,58.0,1010.9
12.0,9.0,-34.93,138.6,58.0,1022.4
12.0,15.0,-34.93,138.6,58.0,1021.8
12.0,9.0,-34.93,138.6,58.0,1023.9
12.0,15.0,-34.93,138.6,58.0,1022.3
12.0,9.0,-34.93,138.6,58.0,1022.5
12.0,15.0,-34.93,138.6,58.0,1019.2
12.0,9.0,-34.93,138.6,58.0,1016.3
12.0,15.0,-34.93,138.6,58.0,1013.5
12.0,9.0,-34.93,138.6,58.0,1007.7
12.0,15.0,-34.93,138.6,58.0,1006.3
12.0,9.0,-34.93,138.6,58.0,1014.8
12.0,15.0,-34.93,138.6,58.0,1013.9
12.0,9.0,-34.93,138.6,58.0,1018.8
12.0,15.0,-34.93,138.6,58.0,1015.2
12.0,9.0,-34.93,138.6,58.0,1011.4
12.0,15.0,-34.93,138.6,58.0,1008.7
12.0,9.0,-34.93,138.6,58.0,1015.4
12.0,15.0,-34.93,138.6,58.0,1018.3
12.0,9.0,-34.93,138.6,58.0,1022.8
12.0,15.0,-34.93,138.6,58.0,1018.4
12.0,9.0,-34.93,138.6,58.0,1011.0
12.0,15.0,-34.93,138.6,58.0,1006.4
12.0,9.0,-34.93,138.6,58.0,1014.0
12.0,15.0,-34.93,138.6,58.0,1014.1
12.0,9.0,-34.93,138.6,58.0,1019.7
12.0,15.0,-34.93,138.6,58.0,1017.5
12.0,9.0,-34.93,138.6,58.0,1017.7
12.0,15.0,-34.93,138.6,58.0,1014.0
12.0,9.0,-34.93,138.6,58.0,1010.5
12.0,15.0,-34.93,138.6,58.0,1008.0
12.0,9.0,-34.93,138.6,58.0,1013.1
12.0,15.0,-34.93,138.6,58.0,1011.0
12.0,9.0,-34.93,138.6,58.0,1009.2
12.0,15.0,-34.93,138.6,58.0,1005.8
12.0,9.0,-34.93,138.6,58.0,1009.6
12.0,15.0,-34.93,138.6,58.0,1007.6
12.0,9.0,-34.93,138.6,58.0,1004.8
12.0,15.0,-34.93,138.6,58.0,999.8
12.0,9.0,-34.93,138.6,58.0,998.0
12.0,15.0,-34.93,138.6,58.0,1000.2
12.0,9.0,-34.93,138.6,58.0,1003.7
12.0,15.0,-34.93,138.6,58.0,1002.8
12.0,9.0,-34.93,138.6,58.0,1005.0
12.0,15.0,-34.93,138.6,58.0,1005.7
12.0,9.0,-34.93,138.6,58.0,1008.8
12.0,15.0,-34.93,138.6,58.0,1007.5
