1.0,9.0,-34.93,138.6,58.0,1011.6
1.0,15.0,-34.93,138.6,58.0,1012.8
1.0,9.0,-34.93,138.6,58.0,1019.4
1.0,15.0,-34.93,138.6,58.0,1018.2
1.0,9.0,-34.93,138.6,58.0,1019.7
1.0,15.0,-34.93,138.6,58.0,1016.0
1.0,9.0,-34.93,138.6,58.0,1014.7
1.0,15.0,-34.93,138.6,58.0,1012.2
1.0,9.0,-34.93,138.6,58.0,1011.7
1.0,15.0,-34.93,138.6,58.0,1008.9
1.0,9.0,-34.93,138.6,58.0,1010.5
1.0,15.0,-34.93,138.6,58.0,1007.2
1.0,9.0,-34.93,138.6,58.0,1005.7
1.0,15.0,-34.93,138.6,58.0,1002.4
1.0,9.0,-34.93,138.6,58.0,1009.5
1.0,15.0,-34.93,138.6,58.0,1010.2
1.0,9.0,-34.93,138.6,58.0,1012.2
1.0,15.0,-34.93,138.6,58.0,1011.1
1.0,9.0,-34.93,138.6,58.0,1012.4
1.0,15.0,-34.93,138.6,58.0,1011.4
1.0,9.0,-34.93,138.6,58.0,1015.0
1.0,15.0,-34.93,138.6,58.0,1013.4
1.0,9.0,-34.93,138.6,58.0,1011.0
1.0,15.0,-34.93,138.6,58.0,1005.3
1.0,9.0,-34.93,138.6,58.0,1001.8
1.0,15.0,-34.93,138.6,58.0,1005.3
1.0,9.0,-34.93,138.6,58.0,1014.8
1.0,15.0,-34.93,138.6,58.0,1017.0
1.0,9.0,-34.93,138.6,58.0,1020.5
1.0,15.0,-34.93,138.6,58.0,1017.3
1.0,9.0,-34.93,138.6,58.0,1013.7
1.0,15.0,-34.93,138.6,58.0,1010.3
1.0,9.0,-34.93,138.6,58.0,1007.8
1.0,15.0,-34.93,138.6,58.0,1005.5
1.0,9.0,-34.93,138.6,58.0,1015.8
1.0,15.0,-34.93,138.6,58.0,1013.3
1.0,9.0,-34.93,138.6,58.0,1008.7
1.0,15.0,-34.93,138.6,58.0,1002.0
1.0,9.0,-34.93,138.6,58.0,1004.9
1.0,15.0,-34.93,138.6,58.0,1008.2
1.0,9.0,-34.93,138.6,58.0,1015.7
1.0,15.0,-34.93,138.6,58.0,1013.8
1.0,9.0,-34.93,138.6,58.0,1012.9
1.0,15.0,-34.93,138.6,58.0,1009.2
1.0,9.0,-34.93,138.6,58.0,1004.3
1.0,15.0,-34.93,138.6,58.0,1006.0
1.0,9.0,-34.93,138.6,58.0,1017.1
1.0,15.0,-34.93,138.6,58.0,1017.8
1.0,9.0,-34.93,138.6,58.0,1021.1
1.0,15.0,-34.93,138.6,58.0,1019.2
1.0,9.0,-34.93,138.6,58.0,1020.6
1.0,15.0,-34.93,138.6,58.0,1018.0
1.0,9.0,-34.93,138.6,58.0,1016.5
1.0,15.0,-34.93,138.6,58.0,1013.9
1.0,9.0,-34.93,138.6,58.0,1014.5
1.0,15.0,-34.93,138.6,58.0,1014.6
1.0,9.0,-34.93,138.6,58.0,1016.0
1.0,15.0,-34.93,138.6,58.0,1012.6
1.0,9.0,-34.93,138.6,58.0,1009.7
1.0,15.0,-34.93,138.6,58.0,1009.4
1.0,9.0,-34.93,138.6,58.0,1016.6
1.0,15.0,-34.93,138.6,58.0,1016.1
