7.0,9.0,-34.93,138.6,58.0,1027.0
7.0,15.0,-34.93,138.6,58.0,1023.3
7.0,9.0,-34.93,138.6,58.0,1019.0
7.0,15.0,-34.93,138.6,58.0,1011.8
7.0,9.0,-34.93,138.6,58.0,1007.8
7.0,15.0,-34.93,138.6,58.0,1005.4
7.0,9.0,-34.93,138.6,58.0,1011.7
7.0,15.0,-34.93,138.6,58.0,1011.0
7.0,9.0,-34.93,138.6,58.0,1015.6
7.0,15.0,-34.93,138.6,58.0,1016.0
7.0,9.0,-34.93,138.6,58.0,1014.4
7.0,15.0,-34.93,138.6,58.0,1009.5
7.0,9.0,-34.93,138.6,58.0,1009.6
7.0,15.0,-34.93,138.6,58.0,1011.1
7.0,9.0,-34.93,138.6,58.0,1018.3
7.0,15.0,-34.93,138.6,58.0,1016.4
7.0,9.0,-34.93,138.6,58.0,1021.3
7.0,15.0,-34.93,138.6,58.0,1021.0
7.0,9.0,-34.93,138.6,58.0,1026.9
7.0,15.0,-34.93,138.6,58.0,1026.3
7.0,9.0,-34.93,138.6,58.0,1032.5
7.0,15.0,-34.93,138.6,58.0,1030.0
7.0,9.0,-34.93,138.6,58.0,1029.5
7.0,15.0,-34.93,138.6,58.0,1023.4
7.0,9.0,-34.93,138.6,58.0,1019.4
7.0,15.0,-34.93,138.6,58.0,1015.3
7.0,9.0,-34.93,138.6,58.0,1017.6
7.0,15.0,-34.93,138.6,58.0,1017.8
7.0,9.0,-34.93,138.6,58.0,1023.2
7.0,15.0,-34.93,138.6,58.0,1020.5
7.0,9.0,-34.93,138.6,58.0,1015.9
7.0,15.0,-34.93,138.6,58.0,1010.9
7.0,9.0,-34.93,138.6,58.0,1009.5
7.0,15.0,-34.93,138.6,58.0,1008.4
7.0,9.0,-34.93,138.6,58.0,1013.0
7.0,15.0,-34.93,138.6,58.0,1011.8
7.0,9.0,-34.93,138.6,58.0,1023.4
7.0,15.0,-34.93,138.6,58.0,1024.2
7.0,9.0,-34.93,138.6,58.0,1025.3
7.0,15.0,-34.93,138.6,58.0,1021.9
7.0,9.0,-34.93,138.6,58.0,1021.4
7.0,15.0,-34.93,138.6,58.0,1018.6
7.0,9.0,-34.93,138.6,58.0,1017.9
7.0,15.0,-34.93,138.6,58.0,1013.6
7.0,9.0,-34.93,138.6,58.0,1017.9
7.0,15.0,-34.93,138.6,58.0,1017.5
7.0,9.0,-34.93,138.6,58.0,1021.8
7.0,15.0,-34.93,138.6,58.0,1018.7
7.0,9.0,-34.93,138.6,58.0,1018.6
7.0,15.0,-34.93,138.6,58.0,1018.1
7.0,9.0,-34.93,138.6,58.0,1024.3
7.0,15.0,-34.93,138.6,58.0,1023.6
7.0,9.0,-34.93,138.6,58.0,1018.7
7.0,15.0,-34.93,138.6,58.0,1015.7
7.0,9.0,-34.93,138.6,58.0,1022.1
7.0,15.0,-34.93,138.6,58.0,1016.6
7.0,9.0,-34.93,138.6,58.0,1005.7
7.0,15.0,-34.93,138.6,58.0,1005.5
7.0,9.0,-34.93,138.6,58.0,1014.3
7.0,15.0,-34.93,138.6,58.0,1014.8
7.0,9.0,-34.93,138.6,58.0,1018.7
7.0,15.0,-34.93,138.6,58.0,1020.2
