1.0,3.0,-37.82,144.98,22.0,16.8
1.0,12.0,-37.82,144.98,22.0,21.1
1.0,9.0,-37.82,144.98,22.0,19.8
1.0,15.0,-37.82,144.98,22.0,20.0
1.0,3.0,-37.82,144.98,22.0,14.8
1.0,12.0,-37.82,144.98,22.0,17.8
1.0,9.0,-37.82,144.98,22.0,15.3
1.0,15.0,-37.82,144.98,22.0,16.3
1.0,3.0,-37.82,144.98,22.0,14.6
1.0,12.0,-37.82,144.98,22.0,19.5
1.0,9.0,-37.82,144.98,22.0,16.1
1.0,15.0,-37.82,144.98,22.0,18.6
1.0,3.0,-37.82,144.98,22.0,13.3
1.0,12.0,-37.82,144.98,22.0,29.3
1.0,9.0,-37.82,144.98,22.0,18.7
1.0,15.0,-37.82,144.98,22.0,26.7
1.0,3.0,-37.82,144.98,22.0,18.5
1.0,12.0,-37.82,144.98,22.0,31.7
1.0,9.0,-37.82,144.98,22.0,24.9
1.0,15.0,-37.82,144.98,22.0,30.8
1.0,3.0,-37.82,144.98,22.0,18.3
1.0,12.0,-37.82,144.98,22.0,35.2
1.0,9.0,-37.82,144.98,22.0,22.1
1.0,15.0,-37.82,144.98,22.0,33.8
1.0,3.0,-37.82,144.98,22.0,20.9
1.0,12.0,-37.82,144.98,22.0,36.7
1.0,9.0,-37.82,144.98,22.0,28.6
1.0,15.0,-37.82,144.98,22.0,35.9
1.0,3.0,-37.82,144.98,22.0,28.0
1.0,12.0,-37.82,144.98,22.0,33.1
1.0,9.0,-37.82,144.98,22.0,30.0
1.0,15.0,-37.82,144.98,22.0,22.3
1.0,3.0,-37.82,144.98,22.0,18.5
1.0,12.0,-37.82,144.98,22.0,24.4
1.0,9.0,-37.82,144.98,22.0,21.5
1.0,15.0,-37.82,144.98,22.0,21.6
1.0,3.0,-37.82,144.98,22.0,17.7
1.0,12.0,-37.82,144.98,22.0,26.2
1.0,9.0,-37.82,144.98,22.0,19.5
1.0,15.0,-37.82,144.98,22.0,25.7
1.0,3.0,-37.82,144.98,22.0,16.6
1.0,12.0,-37.82,144.98,22.0,24.3
1.0,9.0,-37.82,144.98,22.0,18.7
1.0,15.0,-37.82,144.98,22.0,23.4
1.0,3.0,-37.82,144.98,22.0,14.9
1.0,12.0,-37.82,144.98,22.0,26.5
1.0,9.0,-37.82,144.98,22.0,17.9
1.0,15.0,-37.82,144.98,22.0,24.2
1.0,3.0,-37.82,144.98,22.0,17.5
1.0,12.0,-37.82,144.98,22.0,28.8
1.0,9.0,-37.82,144.98,22.0,20.0
1.0,15.0,-37.82,144.98,22.0,25.0
1.0,3.0,-37.82,144.98,22.0,15.2
1.0,12.0,-37.82,144.98,22.0,23.5
1.0,9.0,-37.82,144.98,22.0,18.4
1.0,15.0,-37.82,144.98,22.0,22.2
1.0,3.0,-37.82,144.98,22.0,15.2
1.0,12.0,-37.82,144.98,22.0,21.5
1.0,9.0,-37.82,144.98,22.0,16.5
1.0,15.0,-37.82,144.98,22.0,20.7
1.0,3.0,-37.82,144.98,22.0,12.2
1.0,12.0,-37.82,144.98,22.0,32.7
1.0,9.0,-37.82,144.98,22.0,16.5
1.0,15.0,-37.82,144.98,22.0,30.6
1.0,3.0,-37.82,144.98,22.0,16.4
1.0,12.0,-37.82,144.98,22.0,37.8
1.0,9.0,-37.82,144.98,22.0,25.4
1.0,15.0,-37.82,144.98,22.0,34.5
1.0,3.0,-37.82,144.98,22.0,15.6
1.0,12.0,-37.82,144.98,22.0,20.8
1.0,9.0,-37.82,144.98,22.0,17.9
1.0,15.0,-37.82,144.98,22.0,19.4
1.0,3.0,-37.82,144.98,22.0,11.0
1.0,12.0,-37.82,144.98,22.0,23.4
1.0,9.0,-37.82,144.98,22.0,16.3
1.0,15.0,-37.82,144.98,22.0,21.0
1.0,3.0,-37.82,144.98,22.0,16.1
1.0,12.0,-37.82,144.98,22.0,20.8
1.0,9.0,-37.82,144.98,22.0,18.7
1.0,15.0,-37.82,144.98,22.0,20.5
1.0,3.0,-37.82,144.98,22.0,15.3
1.0,12.0,-37.82,144.98,22.0,22.6
1.0,9.0,-37.82,144.98,22.0,16.2
1.0,15.0,-37.82,144.98,22.0,20.1
1.0,3.0,-37.82,144.98,22.0,12.7
1.0,12.0,-37.82,144.98,22.0,29.6
1.0,9.0,-37.82,144.98,22.0,17.8
1.0,15.0,-37.82,144.98,22.0,25.9
1.0,3.0,-37.82,144.98,22.0,17.8
1.0,12.0,-37.82,144.98,22.0,36.7
1.0,9.0,-37.82,144.98,22.0,25.0
1.0,15.0,-37.82,144.98,22.0,32.6
1.0,3.0,-37.82,144.98,22.0,19.1
1.0,12.0,-37.82,144.98,22.0,22.0
1.0,9.0,-37.82,144.98,22.0,19.4
1.0,15.0,-37.82,144.98,22.0,20.7
1.0,3.0,-37.82,144.98,22.0,13.5
1.0,12.0,-37.82,144.98,22.0,21.1
1.0,9.0,-37.82,144.98,22.0,17.0
1.0,15.0,-37.82,144.98,22.0,20.1
1.0,3.0,-37.82,144.98,22.0,16.4
1.0,12.0,-37.82,144.98,22.0,21.2
1.0,9.0,-37.82,144.98,22.0,17.2
1.0,15.0,-37.82,144.98,22.0,19.5
1.0,3.0,-37.82,144.98,22.0,17.0
1.0,12.0,-37.82,144.98,22.0,23.6
1.0,9.0,-37.82,144.98,22.0,18.1
1.0,15.0,-37.82,144.98,22.0,21.5
1.0,3.0,-37.82,144.98,22.0,15.0
1.0,12.0,-37.82,144.98,22.0,29.2
1.0,9.0,-37.82,144.98,22.0,20.1
1.0,15.0,-37.82,144.98,22.0,23.0
1.0,3.0,-37.82,144.98,22.0,15.1
1.0,12.0,-37.82,144.98,22.0,27.0
1.0,9.0,-37.82,144.98,22.0,19.2
1.0,15.0,-37.82,144.98,22.0,23.2
1.0,3.0,-37.82,144.98,22.0,17.8
1.0,12.0,-37.82,144.98,22.0,30.0
1.0,9.0,-37.82,144.98,22.0,26.9
1.0,15.0,-37.82,144.98,22.0,29.0
1.0,3.0,-37.82,144.98,22.0,16.5
1.0,12.0,-37.82,144.98,22.0,22.1
1.0,9.0,-37.82,144.98,22.0,17.4
1.0,15.0,-37.82,144.98,22.0,21.2
