9.0,3.0,-37.82,144.98,22.0,11.6
9.0,12.0,-37.82,144.98,22.0,15.5
9.0,9.0,-37.82,144.98,22.0,13.4
9.0,15.0,-37.82,144.98,22.0,13.9
9.0,3.0,-37.82,144.98,22.0,9.6
9.0,12.0,-37.82,144.98,22.0,15.0
9.0,9.0,-37.82,144.98,22.0,12.0
9.0,15.0,-37.82,144.98,22.0,13.8
9.0,3.0,-37.82,144.98,22.0,10.0
9.0,12.0,-37.82,144.98,22.0,15.7
9.0,9.0,-37.82,144.98,22.0,11.2
9.0,15.0,-37.82,144.98,22.0,14.0
9.0,3.0,-37.82,144.98,22.0,10.1
9.0,12.0,-37.82,144.98,22.0,16.9
9.0,9.0,-37.82,144.98,22.0,12.9
9.0,15.0,-37.82,144.98,22.0,15.9
9.0,3.0,-37.82,144.98,22.0,12.8
9.0,12.0,-37.82,144.98,22.0,18.4
9.0,9.0,-37.82,144.98,22.0,14.5
9.0,15.0,-37.82,144.98,22.0,17.2
9.0,3.0,-37.82,144.98,22.0,9.2
9.0,12.0,-37.82,144.98,22.0,21.5
9.0,9.0,-37.82,144.98,22.0,13.3
9.0,15.0,-37.82,144.98,22.0,19.5
9.0,3.0,-37.82,144.98,22.0,9.6
9.0,12.0,-37.82,144.98,22.0,21.0
9.0,9.0,-37.82,144.98,22.0,13.1
9.0,15.0,-37.82,144.98,22.0,20.5
9.0,3.0,-37.82,144.98,22.0,13.1
9.0,12.0,-37.82,144.98,22.0,23.3
9.0,9.0,-37.82,144.98,22.0,19.3
9.0,15.0,-37.82,144.98,22.0,22.3
9.0,3.0,-37.82,144.98,22.0,16.0
9.0,12.0,-37.82,144.98,22.0,16.7
9.0,9.0,-37.82,144.98,22.0,16.4
9.0,15.0,-37.82,144.98,22.0,16.0
9.0,3.0,-37.82,144.98,22.0,11.5
9.0,12.0,-37.82,144.98,22.0,14.3
9.0,9.0,-37.82,144.98,22.0,12.0
9.0,15.0,-37.82,144.98,22.0,13.8
9.0,3.0,-37.82,144.98,22.0,7.3
9.0,12.0,-37.82,144.98,22.0,17.0
9.0,9.0,-37.82,144.98,22.0,12.5
9.0,15.0,-37.82,144.98,22.0,15.5
9.0,3.0,-37.82,144.98,22.0,9.9
9.0,12.0,-37.82,144.98,22.0,13.6
9.0,9.0,-37.82,144.98,22.0,10.4
9.0,15.0,-37.82,144.98,22.0,12.5
9.0,3.0,-37.82,144.98,22.0,9.6
9.0,12.0,-37.82,144.98,22.0,14.6
9.0,9.0,-37.82,144.98,22.0,10.6
9.0,15.0,-37.82,144.98,22.0,12.6
9.0,3.0,-37.82,144.98,22.0,10.5
9.0,12.0,-37.82,144.98,22.0,16.1
9.0,9.0,-37.82,144.98,22.0,12.6
9.0,15.0,-37.82,144.98,22.0,14.4
9.0,3.0,-37.82,144.98,22.0,8.7
9.0,12.0,-37.82,144.98,22.0,14.6
9.0,9.0,-37.82,144.98,22.0,12.0
9.0,15.0,-37.82,144.98,22.0,12.0
9.0,3.0,-37.82,144.98,22.0,9.0
9.0,12.0,-37.82,144.98,22.0,15.7
9.0,9.0,-37.82,144.98,22.0,11.1
9.0,15.0,-37.82,144.98,22.0,15.3
9.0,3.0,-37.82,144.98,22.0,11.1
9.0,12.0,-37.82,144.98,22.0,19.8
9.0,9.0,-37.82,144.98,22.0,14.6
9.0,15.0,-37.82,144.98,22.0,18.9
9.0,3.0,-37.82,144.98,22.0,10.8
9.0,12.0,-37.82,144.98,22.0,12.5
9.0,9.0,-37.82,144.98,22.0,11.0
9.0,15.0,-37.82,144.98,22.0,11.3
9.0,3.0,-37.82,144.98,22.0,8.5
9.0,12.0,-37.82,144.98,22.0,16.3
9.0,9.0,-37.82,144.98,22.0,11.3
9.0,15.0,-37.82,144.98,22.0,15.4
9.0,3.0,-37.82,144.98,22.0,9.1
9.0,12.0,-37.82,144.98,22.0,18.8
9.0,9.0,-37.82,144.98,22.0,14.6
9.0,15.0,-37.82,144.98,22.0,17.9
9.0,3.0,-37.82,144.98,22.0,10.9
9.0,12.0,-37.82,144.98,22.0,15.2
9.0,9.0,-37.82,144.98,22.0,11.8
9.0,15.0,-37.82,144.98,22.0,14.8
9.0,3.0,-37.82,144.98,22.0,9.6
9.0,12.0,-37.82,144.98,22.0,13.4
9.0,9.0,-37.82,144.98,22.0,10.0
9.0,15.0,-37.82,144.98,22.0,13.0
9.0,3.0,-37.82,144.98,22.0,9.8
9.0,12.0,-37.82,144.98,22.0,16.5
9.0,9.0,-37.82,144.98,22.0,12.5
9.0,15.0,-37.82,144.98,22.0,15.7
9.0,3.0,-37.82,144.98,22.0,10.0
9.0,12.0,-37.82,144.98,22.0,20.1
9.0,9.0,-37.82,144.98,22.0,15.3
9.0,15.0,-37.82,144.98,22.0,19.4
9.0,3.0,-37.82,144.98,22.0,9.5
9.0,12.0,-37.82,144.98,22.0,14.7
9.0,9.0,-37.82,144.98,22.0,11.7
9.0,15.0,-37.82,144.98,22.0,13.8
9.0,3.0,-37.82,144.98,22.0,8.1
9.0,12.0,-37.82,144.98,22.0,16.9
9.0,9.0,-37.82,144.98,22.0,13.5
9.0,15.0,-37.82,144.98,22.0,15.0
9.0,3.0,-37.82,144.98,22.0,7.4
9.0,12.0,-37.82,144.98,22.0,14.8
9.0,9.0,-37.82,144.98,22.0,11.6
9.0,15.0,-37.82,144.98,22.0,14.0
9.0,3.0,-37.82,144.98,22.0,7.5
9.0,12.0,-37.82,144.98,22.0,19.3
9.0,9.0,-37.82,144.98,22.0,13.6
9.0,15.0,-37.82,144.98,22.0,17.9
9.0,3.0,-37.82,144.98,22.0,12.5
9.0,12.0,-37.82,144.98,22.0,16.7
9.0,9.0,-37.82,144.98,22.0,12.6
9.0,15.0,-37.82,144.98,22.0,15.3
9.0,3.0,-37.82,144.98,22.0,9.3
9.0,12.0,-37.82,144.98,22.0,16.4
9.0,9.0,-37.82,144.98,22.0,11.9
9.0,15.0,-37.82,144.98,22.0,15.6
