10.0,3.0,-37.82,144.98,22.0,11.6
10.0,12.0,-37.82,144.98,22.0,18.6
10.0,9.0,-37.82,144.98,22.0,12.9
10.0,15.0,-37.82,144.98,22.0,17.3
10.0,3.0,-37.82,144.98,22.0,12.1
10.0,12.0,-37.82,144.98,22.0,24.0
10.0,9.0,-37.82,144.98,22.0,16.0
10.0,15.0,-37.82,144.98,22.0,23.5
10.0,3.0,-37.82,144.98,22.0,11.1
10.0,12.0,-37.82,144.98,22.0,15.9
10.0,9.0,-37.82,144.98,22.0,12.9
10.0,15.0,-37.82,144.98,22.0,15.1
10.0,3.0,-37.82,144.98,22.0,10.6
10.0,12.0,-37.82,144.98,22.0,17.1
10.0,9.0,-37.82,144.98,22.0,12.7
10.0,15.0,-37.82,144.98,22.0,15.0
10.0,3.0,-37.82,144.98,22.0,8.0
10.0,12.0,-37.82,144.98,22.0,17.1
10.0,9.0,-37.82,144.98,22.0,10.4
10.0,15.0,-37.82,144.98,22.0,16.0
10.0,3.0,-37.82,144.98,22.0,9.7
10.0,12.0,-37.82,144.98,22.0,27.2
10.0,9.0,-37.82,144.98,22.0,14.2
10.0,15.0,-37.82,144.98,22.0,26.4
10.0,3.0,-37.82,144.98,22.0,14.1
10.0,12.0,-37.82,144.98,22.0,22.5
10.0,9.0,-37.82,144.98,22.0,19.6
10.0,15.0,-37.82,144.98,22.0,21.1
10.0,3.0,-37.82,144.98,22.0,9.7
10.0,12.0,-37.82,144.98,22.0,16.9
10.0,9.0,-37.82,144.98,22.0,12.1
10.0,15.0,-37.82,144.98,22.0,15.2
10.0,3.0,-37.82,144.98,22.0,9.5
10.0,12.0,-37.82,144.98,22.0,22.0
10.0,9.0,-37.82,144.98,22.0,16.6
10.0,15.0,-37.82,144.98,22.0,21.7
10.0,3.0,-37.82,144.98,22.0,13.0
10.0,12.0,-37.82,144.98,22.0,16.8
10.0,9.0,-37.82,144.98,22.0,14.0
10.0,15.0,-37.82,144.98,22.0,13.5
10.0,3.0,-37.82,144.98,22.0,7.5
10.0,12.0,-37.82,144.98,22.0,15.1
10.0,9.0,-37.82,144.98,22.0,10.5
10.0,15.0,-37.82,144.98,22.0,12.5
10.0,3.0,-37.82,144.98,22.0,10.2
10.0,12.0,-37.82,144.98,22.0,15.4
10.0,9.0,-37.82,144.98,22.0,12.2
10.0,15.0,-37.82,144.98,22.0,12.3
10.0,3.0,-37.82,144.98,22.0,6.8
10.0,12.0,-37.82,144.98,22.0,14.6
10.0,9.0,-37.82,144.98,22.0,12.1
10.0,15.0,-37.82,144.98,22.0,13.7
10.0,3.0,-37.82,144.98,22.0,5.2
10.0,12.0,-37.82,144.98,22.0,22.7
10.0,9.0,-37.82,144.98,22.0,9.6
10.0,15.0,-37.82,144.98,22.0,22.0
10.0,3.0,-37.82,144.98,22.0,9.4
10.0,12.0,-37.82,144.98,22.0,24.8
10.0,9.0,-37.82,144.98,22.0,17.4
10.0,15.0,-37.82,144.98,22.0,24.7
10.0,3.0,-37.82,144.98,22.0,17.4
10.0,12.0,-37.82,144.98,22.0,23.1
10.0,9.0,-37.82,144.98,22.0,18.1
10.0,15.0,-37.82,144.98,22.0,17.7
10.0,3.0,-37.82,144.98,22.0,9.8
10.0,12.0,-37.82,144.98,22.0,18.9
10.0,9.0,-37.82,144.98,22.0,12.5
10.0,15.0,-37.82,144.98,22.0,17.5
10.0,3.0,-37.82,144.98,22.0,9.6
10.0,12.0,-37.82,144.98,22.0,16.6
10.0,9.0,-37.82,144.98,22.0,12.3
10.0,15.0,-37.82,144.98,22.0,14.7
10.0,3.0,-37.82,144.98,22.0,7.5
10.0,12.0,-37.82,144.98,22.0,16.5
10.0,9.0,-37.82,144.98,22.0,10.5
10.0,15.0,-37.82,144.98,22.0,14.5
10.0,3.0,-37.82,144.98,22.0,6.8
10.0,12.0,-37.82,144.98,22.0,21.8
10.0,9.0,-37.82,144.98,22.0,14.9
10.0,15.0,-37.82,144.98,22.0,20.4
10.0,3.0,-37.82,144.98,22.0,14.8
10.0,12.0,-37.82,144.98,22.0,17.6
10.0,9.0,-37.82,144.98,22.0,16.9
10.0,15.0,-37.82,144.98,22.0,11.6
10.0,3.0,-37.82,144.98,22.0,6.9
10.0,12.0,-37.82,144.98,22.0,13.2
10.0,9.0,-37.82,144.98,22.0,9.3
10.0,15.0,-37.82,144.98,22.0,12.2
10.0,3.0,-37.82,144.98,22.0,7.9
10.0,12.0,-37.82,144.98,22.0,14.1
10.0,9.0,-37.82,144.98,22.0,9.5
10.0,15.0,-37.82,144.98,22.0,12.9
10.0,3.0,-37.82,144.98,22.0,9.4
10.0,12.0,-37.82,144.98,22.0,17.1
10.0,9.0,-37.82,144.98,22.0,11.7
10.0,15.0,-37.82,144.98,22.0,14.9
10.0,3.0,-37.82,144.98,22.0,9.6
10.0,12.0,-37.82,144.98,22.0,25.7
10.0,9.0,-37.82,144.98,22.0,16.5
10.0,15.0,-37.82,144.98,22.0,23.1
10.0,3.0,-37.82,144.98,22.0,16.5
10.0,12.0,-37.82,144.98,22.0,18.5
10.0,9.0,-37.82,144.98,22.0,16.9
10.0,15.0,-37.82,144.98,22.0,13.3
10.0,3.0,-37.82,144.98,22.0,10.1
10.0,12.0,-37.82,144.98,22.0,15.4
10.0,9.0,-37.82,144.98,22.0,12.8
10.0,15.0,-37.82,144.98,22.0,14.2
10.0,3.0,-37.82,144.98,22.0,6.3
10.0,12.0,-37.82,144.98,22.0,16.6
10.0,9.0,-37.82,144.98,22.0,11.3
10.0,15.0,-37.82,144.98,22.0,15.8
10.0,3.0,-37.82,144.98,22.0,9.3
10.0,12.0,-37.82,144.98,22.0,25.6
10.0,9.0,-37.82,144.98,22.0,12.7
10.0,15.0,-37.82,144.98,22.0,24.6
10.0,3.0,-37.82,144.98,22.0,12.7
10.0,12.0,-37.82,144.98,22.0,28.0
10.0,9.0,-37.82,144.98,22.0,21.4
10.0,15.0,-37.82,144.98,22.0,24.5
10.0,3.0,-37.82,144.98,22.0,7.9
10.0,12.0,-37.82,144.98,22.0,17.5
10.0,9.0,-37.82,144.98,22.0,11.0
10.0,15.0,-37.82,144.98,22.0,14.5
