3.0,3.0,-37.82,144.98,22.0,16.6
3.0,12.0,-37.82,144.98,22.0,30.5
3.0,9.0,-37.82,144.98,22.0,20.5
3.0,15.0,-37.82,144.98,22.0,30.1
3.0,3.0,-37.82,144.98,22.0,17.7
3.0,12.0,-37.82,144.98,22.0,23.3
3.0,9.0,-37.82,144.98,22.0,19.4
3.0,15.0,-37.82,144.98,22.0,21.7
3.0,3.0,-37.82,144.98,22.0,18.1
3.0,12.0,-37.82,144.98,22.0,28.6
3.0,9.0,-37.82,144.98,22.0,18.8
3.0,15.0,-37.82,144.98,22.0,23.6
3.0,3.0,-37.82,144.98,22.0,16.1
3.0,12.0,-37.82,144.98,22.0,27.4
3.0,9.0,-37.82,144.98,22.0,19.9
3.0,15.0,-37.82,144.98,22.0,27.2
3.0,3.0,-37.82,144.98,22.0,17.6
3.0,12.0,-37.82,144.98,22.0,25.4
3.0,9.0,-37.82,144.98,22.0,19.9
3.0,15.0,-37.82,144.98,22.0,24.5
3.0,3.0,-37.82,144.98,22.0,17.7
3.0,12.0,-37.82,144.98,22.0,27.4
3.0,9.0,-37.82,144.98,22.0,19.6
3.0,15.0,-37.82,144.98,22.0,26.4
3.0,3.0,-37.82,144.98,22.0,15.0
3.0,12.0,-37.82,144.98,22.0,28.2
3.0,9.0,-37.82,144.98,22.0,18.1
3.0,15.0,-37.82,144.98,22.0,26.1
3.0,3.0,-37.82,144.98,22.0,14.2
3.0,12.0,-37.82,144.98,22.0,31.5
3.0,9.0,-37.82,144.98,22.0,16.6
3.0,15.0,-37.82,144.98,22.0,30.5
3.0,3.0,-37.82,144.98,22.0,15.0
3.0,12.0,-37.82,144.98,22.0,32.3
3.0,9.0,-37.82,144.98,22.0,19.3
3.0,15.0,-37.82,144.98,22.0,31.3
3.0,3.0,-37.82,144.98,22.0,18.5
3.0,12.0,-37.82,144.98,22.0,23.8
3.0,9.0,-37.82,144.98,22.0,19.2
3.0,15.0,-37.82,144.98,22.0,21.6
3.0,3.0,-37.82,144.98,22.0,18.0
3.0,12.0,-37.82,144.98,22.0,26.4
3.0,9.0,-37.82,144.98,22.0,18.6
3.0,15.0,-37.82,144.98,22.0,25.5
3.0,3.0,-37.82,144.98,22.0,17.9
3.0,12.0,-37.82,144.98,22.0,27.1
3.0,9.0,-37.82,144.98,22.0,19.6
3.0,15.0,-37.82,144.98,22.0,25.9
3.0,3.0,-37.82,144.98,22.0,15.7
3.0,12.0,-37.82,144.98,22.0,24.3
3.0,9.0,-37.82,144.98,22.0,18.9
3.0,15.0,-37.82,144.98,22.0,22.4
3.0,3.0,-37.82,144.98,22.0,18.8
3.0,12.0,-37.82,144.98,22.0,32.7
3.0,9.0,-37.82,144.98,22.0,20.8
3.0,15.0,-37.82,144.98,22.0,31.5
3.0,3.0,-37.82,144.98,22.0,20.8
3.0,12.0,-37.82,144.98,22.0,33.2
3.0,9.0,-37.82,144.98,22.0,24.4
3.0,15.0,-37.82,144.98,22.0,32.1
3.0,3.0,-37.82,144.98,22.0,21.7
3.0,12.0,-37.82,144.98,22.0,23.0
3.0,9.0,-37.82,144.98,22.0,21.8
3.0,15.0,-37.82,144.98,22.0,21.4
3.0,3.0,-37.82,144.98,22.0,15.8
3.0,12.0,-37.82,144.98,22.0,22.1
3.0,9.0,-37.82,144.98,22.0,16.8
3.0,15.0,-37.82,144.98,22.0,21.0
3.0,3.0,-37.82,144.98,22.0,12.4
3.0,12.0,-37.82,144.98,22.0,30.8
3.0,9.0,-37.82,144.98,22.0,14.5
3.0,15.0,-37.82,144.98,22.0,27.4
3.0,3.0,-37.82,144.98,22.0,14.5
3.0,12.0,-37.82,144.98,22.0,33.5
3.0,9.0,-37.82,144.98,22.0,19.3
3.0,15.0,-37.82,144.98,22.0,31.8
3.0,3.0,-37.82,144.98,22.0,19.3
3.0,12.0,-37.82,144.98,22.0,28.0
3.0,9.0,-37.82,144.98,22.0,22.5
3.0,15.0,-37.82,144.98,22.0,26.6
3.0,3.0,-37.82,144.98,22.0,19.9
3.0,12.0,-37.82,144.98,22.0,26.1
3.0,9.0,-37.82,144.98,22.0,20.9
3.0,15.0,-37.82,144.98,22.0,24.3
3.0,3.0,-37.82,144.98,22.0,17.8
3.0,12.0,-37.82,144.98,22.0,21.8
3.0,9.0,-37.82,144.98,22.0,18.0
3.0,15.0,-37.82,144.98,22.0,20.4
3.0,3.0,-37.82,144.98,22.0,16.2
3.0,12.0,-37.82,144.98,22.0,25.1
3.0,9.0,-37.82,144.98,22.0,17.9
3.0,15.0,-37.82,144.98,22.0,24.2
3.0,3.0,-37.82,144.98,22.0,13.9
3.0,12.0,-37.82,144.98,22.0,24.7
3.0,9.0,-37.82,144.98,22.0,15.3
3.0,15.0,-37.82,144.98,22.0,22.9
3.0,3.0,-37.82,144.98,22.0,15.3
3.0,12.0,-37.82,144.98,22.0,29.7
3.0,9.0,-37.82,144.98,22.0,21.9
3.0,15.0,-37.82,144.98,22.0,29.2
3.0,3.0,-37.82,144.98,22.0,19.3
3.0,12.0,-37.82,144.98,22.0,26.7
3.0,9.0,-37.82,144.98,22.0,20.1
3.0,15.0,-37.82,144.98,22.0,23.8
3.0,3.0,-37.82,144.98,22.0,19.3
3.0,12.0,-37.82,144.98,22.0,31.9
3.0,9.0,-37.82,144.98,22.0,26.7
3.0,15.0,-37.82,144.98,22.0,18.6
3.0,3.0,-37.82,144.98,22.0,11.9
3.0,12.0,-37.82,144.98,22.0,24.3
3.0,9.0,-37.82,144.98,22.0,14.0
3.0,15.0,-37.82,144.98,22.0,22.6
3.0,3.0,-37.82,144.98,22.0,13.9
3.0,12.0,-37.82,144.98,22.0,27.2
3.0,9.0,-37.82,144.98,22.0,18.8
3.0,15.0,-37.82,144.98,22.0,26.3
3.0,3.0,-37.82,144.98,22.0,10.2
3.0,12.0,-37.82,144.98,22.0,17.9
3.0,9.0,-37.82,144.98,22.0,12.3
3.0,15.0,-37.82,144.98,22.0,17.3
3.0,3.0,-37.82,144.98,22.0,10.1
3.0,12.0,-37.82,144.98,22.0,17.9
3.0,9.0,-37.82,144.98,22.0,12.9
3.0,15.0,-37.82,144.98,22.0,17.0
