8.0,3.0,-37.82,144.98,22.0,11.2
8.0,12.0,-37.82,144.98,22.0,14.4
8.0,9.0,-37.82,144.98,22.0,12.5
8.0,15.0,-37.82,144.98,22.0,13.5
8.0,3.0,-37.82,144.98,22.0,8.5
8.0,12.0,-37.82,144.98,22.0,13.4
8.0,9.0,-37.82,144.98,22.0,11.1
8.0,15.0,-37.82,144.98,22.0,12.7
8.0,3.0,-37.82,144.98,22.0,8.7
8.0,12.0,-37.82,144.98,22.0,12.8
8.0,9.0,-37.82,144.98,22.0,10.4
8.0,15.0,-37.82,144.98,22.0,11.0
8.0,3.0,-37.82,144.98,22.0,4.9
8.0,12.0,-37.82,144.98,22.0,14.6
8.0,9.0,-37.82,144.98,22.0,8.2
8.0,15.0,-37.82,144.98,22.0,13.5
8.0,3.0,-37.82,144.98,22.0,3.4
8.0,12.0,-37.82,144.98,22.0,14.6
8.0,9.0,-37.82,144.98,22.0,6.1
8.0,15.0,-37.82,144.98,22.0,12.5
8.0,3.0,-37.82,144.98,22.0,5.8
8.0,12.0,-37.82,144.98,22.0,14.4
8.0,9.0,-37.82,144.98,22.0,7.6
8.0,15.0,-37.82,144.98,22.0,13.5
8.0,3.0,-37.82,144.98,22.0,7.6
8.0,12.0,-37.82,144.98,22.0,16.6
8.0,9.0,-37.82,144.98,22.0,10.1
8.0,15.0,-37.82,144.98,22.0,15.6
8.0,3.0,-37.82,144.98,22.0,5.0
8.0,12.0,-37.82,144.98,22.0,14.2
8.0,9.0,-37.82,144.98,22.0,9.7
8.0,15.0,-37.82,144.98,22.0,13.7
8.0,3.0,-37.82,144.98,22.0,9.7
8.0,12.0,-37.82,144.98,22.0,18.9
8.0,9.0,-37.82,144.98,22.0,13.8
8.0,15.0,-37.82,144.98,22.0,17.2
8.0,3.0,-37.82,144.98,22.0,9.6
8.0,12.0,-37.82,144.98,22.0,15.3
8.0,9.0,-37.82,144.98,22.0,11.3
8.0,15.0,-37.82,144.98,22.0,14.9
8.0,3.0,-37.82,144.98,22.0,6.8
8.0,12.0,-37.82,144.98,22.0,15.7
8.0,9.0,-37.82,144.98,22.0,9.7
8.0,15.0,-37.82,144.98,22.0,14.0
8.0,3.0,-37.82,144.98,22.0,7.7
8.0,12.0,-37.82,144.98,22.0,14.1
8.0,9.0,-37.82,144.98,22.0,9.6
8.0,15.0,-37.82,144.98,22.0,13.1
8.0,3.0,-37.82,144.98,22.0,7.9
8.0,12.0,-37.82,144.98,22.0,15.1
8.0,9.0,-37.82,144.98,22.0,10.5
8.0,15.0,-37.82,144.98,22.0,13.8
8.0,3.0,-37.82,144.98,22.0,8.5
8.0,12.0,-37.82,144.98,22.0,18.7
8.0,9.0,-37.82,144.98,22.0,11.3
8.0,15.0,-37.82,144.98,22.0,16.6
8.0,3.0,-37.82,144.98,22.0,10.2
8.0,12.0,-37.82,144.98,22.0,18.1
8.0,9.0,-37.82,144.98,22.0,12.4
8.0,15.0,-37.82,144.98,22.0,17.5
8.0,3.0,-37.82,144.98,22.0,10.0
8.0,12.0,-37.82,144.98,22.0,18.2
8.0,9.0,-37.82,144.98,22.0,14.0
8.0,15.0,-37.82,144.98,22.0,17.7
8.0,3.0,-37.82,144.98,22.0,12.5
8.0,12.0,-37.82,144.98,22.0,15.6
8.0,9.0,-37.82,144.98,22.0,13.6
8.0,15.0,-37.82,144.98,22.0,14.2
8.0,3.0,-37.82,144.98,22.0,7.1
8.0,12.0,-37.82,144.98,22.0,21.6
8.0,9.0,-37.82,144.98,22.0,15.3
8.0,15.0,-37.82,144.98,22.0,20.8
8.0,3.0,-37.82,144.98,22.0,15.3
8.0,12.0,-37.82,144.98,22.0,16.4
8.0,9.0,-37.82,144.98,22.0,16.3
8.0,15.0,-37.82,144.98,22.0,10.3
8.0,3.0,-37.82,144.98,22.0,6.9
8.0,12.0,-37.82,144.98,22.0,13.6
8.0,9.0,-37.82,144.98,22.0,9.6
8.0,15.0,-37.82,144.98,22.0,12.8
8.0,3.0,-37.82,144.98,22.0,9.5
8.0,12.0,-37.82,144.98,22.0,14.8
8.0,9.0,-37.82,144.98,22.0,11.6
8.0,15.0,-37.82,144.98,22.0,13.9
8.0,3.0,-37.82,144.98,22.0,7.8
8.0,12.0,-37.82,144.98,22.0,16.0
8.0,9.0,-37.82,144.98,22.0,11.1
8.0,15.0,-37.82,144.98,22.0,10.5
8.0,3.0,-37.82,144.98,22.0,7.0
8.0,12.0,-37.82,144.98,22.0,13.4
8.0,9.0,-37.82,144.98,22.0,11.1
8.0,15.0,-37.82,144.98,22.0,12.7
8.0,3.0,-37.82,144.98,22.0,3.7
8.0,12.0,-37.82,144.98,22.0,12.7
8.0,9.0,-37.82,144.98,22.0,6.6
8.0,15.0,-37.82,144.98,22.0,11.4
8.0,3.0,-37.82,144.98,22.0,6.5
8.0,12.0,-37.82,144.98,22.0,13.0
8.0,9.0,-37.82,144.98,22.0,8.1
8.0,15.0,-37.82,144.98,22.0,12.2
8.0,3.0,-37.82,144.98,22.0,7.2
8.0,12.0,-37.82,144.98,22.0,14.4
8.0,9.0,-37.82,144.98,22.0,9.9
8.0,15.0,-37.82,144.98,22.0,13.6
8.0,3.0,-37.82,144.98,22.0,9.3
8.0,12.0,-37.82,144.98,22.0,16.3
8.0,9.0,-37.82,144.98,22.0,11.6
8.0,15.0,-37.82,144.98,22.0,15.3
8.0,3.0,-37.82,144.98,22.0,10.5
8.0,12.0,-37.82,144.98,22.0,19.0
8.0,9.0,-37.82,144.98,22.0,12.1
8.0,15.0,-37.82,144.98,22.0,18.5
8.0,3.0,-37.82,144.98,22.0,8.7
8.0,12.0,-37.82,144.98,22.0,20.4
8.0,9.0,-37.82,144.98,22.0,13.7
8.0,15.0,-37.82,144.98,22.0,19.3
8.0,3.0,-37.82,144.98,22.0,10.2
8.0,12.0,-37.82,144.98,22.0,16.8
8.0,9.0,-37.82,144.98,22.0,14.8
8.0,15.0,-37.82,144.98,22.0,16.7
8.0,3.0,-37.82,144.98,22.0,12.8
8.0,12.0,-37.82,144.98,22.0,20.2
8.0,9.0,-37.82,144.98,22.0,16.3
8.0,15.0,-37.82,144.98,22.0,18.9
