7.0,3.0,-37.82,144.98,22.0,1.1
7.0,12.0,-37.82,144.98,22.0,12.7
7.0,9.0,-37.82,144.98,22.0,2.7
7.0,15.0,-37.82,144.98,22.0,12.0
7.0,3.0,-37.82,144.98,22.0,0.8
7.0,12.0,-37.82,144.98,22.0,14.3
7.0,9.0,-37.82,144.98,22.0,3.8
7.0,15.0,-37.82,144.98,22.0,13.9
7.0,3.0,-37.82,144.98,22.0,3.8
7.0,12.0,-37.82,144.98,22.0,13.9
7.0,9.0,-37.82,144.98,22.0,9.0
7.0,15.0,-37.82,144.98,22.0,11.2
7.0,3.0,-37.82,144.98,22.0,9.0
7.0,12.0,-37.82,144.98,22.0,16.2
7.0,9.0,-37.82,144.98,22.0,11.0
7.0,15.0,-37.82,144.98,22.0,15.6
7.0,3.0,-37.82,144.98,22.0,10.1
7.0,12.0,-37.82,144.98,22.0,15.8
7.0,9.0,-37.82,144.98,22.0,12.4
7.0,15.0,-37.82,144.98,22.0,13.4
7.0,3.0,-37.82,144.98,22.0,4.8
7.0,12.0,-37.82,144.98,22.0,15.0
7.0,9.0,-37.82,144.98,22.0,8.1
7.0,15.0,-37.82,144.98,22.0,14.1
7.0,3.0,-37.82,144.98,22.0,8.0
7.0,12.0,-37.82,144.98,22.0,14.2
7.0,9.0,-37.82,144.98,22.0,9.0
7.0,15.0,-37.82,144.98,22.0,13.4
7.0,3.0,-37.82,144.98,22.0,5.3
7.0,12.0,-37.82,144.98,22.0,13.5
7.0,9.0,-37.82,144.98,22.0,9.0
7.0,15.0,-37.82,144.98,22.0,13.2
7.0,3.0,-37.82,144.98,22.0,7.3
7.0,12.0,-37.82,144.98,22.0,14.6
7.0,9.0,-37.82,144.98,22.0,9.7
7.0,15.0,-37.82,144.98,22.0,13.3
7.0,3.0,-37.82,144.98,22.0,7.0
7.0,12.0,-37.82,144.98,22.0,16.0
7.0,9.0,-37.82,144.98,22.0,9.2
7.0,15.0,-37.82,144.98,22.0,15.2
7.0,3.0,-37.82,144.98,22.0,6.9
7.0,12.0,-37.82,144.98,22.0,14.3
7.0,9.0,-37.82,144.98,22.0,9.8
7.0,15.0,-37.82,144.98,22.0,13.8
7.0,3.0,-37.82,144.98,22.0,3.2
7.0,12.0,-37.82,144.98,22.0,15.1
7.0,9.0,-37.82,144.98,22.0,4.8
7.0,15.0,-37.82,144.98,22.0,14.7
7.0,3.0,-37.82,144.98,22.0,4.8
7.0,12.0,-37.82,144.98,22.0,13.3
7.0,9.0,-37.82,144.98,22.0,10.9
7.0,15.0,-37.82,144.98,22.0,13.0
7.0,3.0,-37.82,144.98,22.0,9.9
7.0,12.0,-37.82,144.98,22.0,15.9
7.0,9.0,-37.82,144.98,22.0,10.5
7.0,15.0,-37.82,144.98,22.0,15.2
7.0,3.0,-37.82,144.98,22.0,4.5
7.0,12.0,-37.82,144.98,22.0,12.0
7.0,9.0,-37.82,144.98,22.0,7.8
7.0,15.0,-37.82,144.98,22.0,11.6
7.0,3.0,-37.82,144.98,22.0,3.0
7.0,12.0,-37.82,144.98,22.0,12.5
7.0,9.0,-37.82,144.98,22.0,5.7
7.0,15.0,-37.82,144.98,22.0,11.1
7.0,3.0,-37.82,144.98,22.0,5.7
7.0,12.0,-37.82,144.98,22.0,15.3
7.0,9.0,-37.82,144.98,22.0,11.8
7.0,15.0,-37.82,144.98,22.0,14.6
7.0,3.0,-37.82,144.98,22.0,9.7
7.0,12.0,-37.82,144.98,22.0,14.5
7.0,9.0,-37.82,144.98,22.0,10.6
7.0,15.0,-37.82,144.98,22.0,13.8
7.0,3.0,-37.82,144.98,22.0,8.9
7.0,12.0,-37.82,144.98,22.0,13.2
7.0,9.0,-37.82,144.98,22.0,10.8
7.0,15.0,-37.82,144.98,22.0,11.6
7.0,3.0,-37.82,144.98,22.0,7.9
7.0,12.0,-37.82,144.98,22.0,10.7
7.0,9.0,-37.82,144.98,22.0,9.4
7.0,15.0,-37.82,144.98,22.0,9.7
7.0,3.0,-37.82,144.98,22.0,3.3
7.0,12.0,-37.82,144.98,22.0,13.8
7.0,9.0,-37.82,144.98,22.0,5.8
7.0,15.0,-37.82,144.98,22.0,13.4
7.0,3.0,-37.82,144.98,22.0,5.4
7.0,12.0,-37.82,144.98,22.0,12.4
7.0,9.0,-37.82,144.98,22.0,8.4
7.0,15.0,-37.82,144.98,22.0,11.6
7.0,3.0,-37.82,144.98,22.0,8.4
7.0,12.0,-37.82,144.98,22.0,14.1
7.0,9.0,-37.82,144.98,22.0,10.2
7.0,15.0,-37.82,144.98,22.0,11.3
7.0,3.0,-37.82,144.98,22.0,8.1
7.0,12.0,-37.82,144.98,22.0,16.1
7.0,9.0,-37.82,144.98,22.0,9.9
7.0,15.0,-37.82,144.98,22.0,15.2
7.0,3.0,-37.82,144.98,22.0,9.8
7.0,12.0,-37.82,144.98,22.0,17.2
7.0,9.0,-37.82,144.98,22.0,11.1
7.0,15.0,-37.82,144.98,22.0,16.4
7.0,3.0,-37.82,144.98,22.0,10.9
7.0,12.0,-37.82,144.98,22.0,15.0
7.0,9.0,-37.82,144.98,22.0,12.5
7.0,15.0,-37.82,144.98,22.0,12.7
7.0,3.0,-37.82,144.98,22.0,4.4
7.0,12.0,-37.82,144.98,22.0,14.2
7.0,9.0,-37.82,144.98,22.0,6.2
7.0,15.0,-37.82,144.98,22.0,13.8
7.0,3.0,-37.82,144.98,22.0,6.2
7.0,12.0,-37.82,144.98,22.0,14.3
7.0,9.0,-37.82,144.98,22.0,10.9
7.0,15.0,-37.82,144.98,22.0,13.4
7.0,3.0,-37.82,144.98,22.0,9.7
7.0,12.0,-37.82,144.98,22.0,17.9
7.0,9.0,-37.82,144.98,22.0,12.7
7.0,15.0,-37.82,144.98,22.0,16.9
7.0,3.0,-37.82,144.98,22.0,11.3
7.0,12.0,-37.82,144.98,22.0,18.1
7.0,9.0,-37.82,144.98,22.0,13.7
7.0,15.0,-37.82,144.98,22.0,17.5
7.0,3.0,-37.82,144.98,22.0,6.7
7.0,12.0,-37.82,144.98,22.0,14.8
7.0,9.0,-37.82,144.98,22.0,9.0
7.0,15.0,-37.82,144.98,22.0,13.7
