11.0,3.0,-37.82,144.98,22.0,9.4
11.0,12.0,-37.82,144.98,22.0,18.4
11.0,9.0,-37.82,144.98,22.0,13.8
11.0,15.0,-37.82,144.98,22.0,17.8
11.0,3.0,-37.82,144.98,22.0,9.7
11.0,12.0,-37.82,144.98,22.0,18.5
11.0,9.0,-37.82,144.98,22.0,13.7
11.0,15.0,-37.82,144.98,22.0,16.4
11.0,3.0,-37.82,144.98,22.0,10.0
11.0,12.0,-37.82,144.98,22.0,19.1
11.0,9.0,-37.82,144.98,22.0,14.2
11.0,15.0,-37.82,144.98,22.0,17.6
11.0,3.0,-37.82,144.98,22.0,10.2
11.0,12.0,-37.82,144.98,22.0,29.2
11.0,9.0,-37.82,144.98,22.0,19.0
11.0,15.0,-37.82,144.98,22.0,28.3
11.0,3.0,-37.82,144.98,22.0,10.0
11.0,12.0,-37.82,144.98,22.0,16.8
11.0,9.0,-37.82,144.98,22.0,11.5
11.0,15.0,-37.82,144.98,22.0,15.6
11.0,3.0,-37.82,144.98,22.0,11.5
11.0,12.0,-37.82,144.98,22.0,21.4
11.0,9.0,-37.82,144.98,22.0,14.8
11.0,15.0,-37.82,144.98,22.0,19.0
11.0,3.0,-37.82,144.98,22.0,14.6
11.0,12.0,-37.82,144.98,22.0,25.9
11.0,9.0,-37.82,144.98,22.0,19.6
11.0,15.0,-37.82,144.98,22.0,16.8
11.0,3.0,-37.82,144.98,22.0,11.0
11.0,12.0,-37.82,144.98,22.0,18.2
11.0,9.0,-37.82,144.98,22.0,13.4
11.0,15.0,-37.82,144.98,22.0,16.6
11.0,3.0,-37.82,144.98,22.0,9.2
11.0,12.0,-37.82,144.98,22.0,17.4
11.0,9.0,-37.82,144.98,22.0,15.0
11.0,15.0,-37.82,144.98,22.0,16.6
11.0,3.0,-37.82,144.98,22.0,11.9
11.0,12.0,-37.82,144.98,22.0,17.5
11.0,9.0,-37.82,144.98,22.0,14.2
11.0,15.0,-37.82,144.98,22.0,16.7
11.0,3.0,-37.82,144.98,22.0,8.4
11.0,12.0,-37.82,144.98,22.0,23.8
11.0,9.0,-37.82,144.98,22.0,14.6
11.0,15.0,-37.82,144.98,22.0,18.5
11.0,3.0,-37.82,144.98,22.0,13.2
11.0,12.0,-37.82,144.98,22.0,25.5
11.0,9.0,-37.82,144.98,22.0,18.8
11.0,15.0,-37.82,144.98,22.0,23.7
11.0,3.0,-37.82,144.98,22.0,11.7
11.0,12.0,-37.82,144.98,22.0,19.0
11.0,9.0,-37.82,144.98,22.0,13.4
11.0,15.0,-37.82,144.98,22.0,18.4
11.0,3.0,-37.82,144.98,22.0,11.5
11.0,12.0,-37.82,144.98,22.0,15.9
11.0,9.0,-37.82,144.98,22.0,12.6
11.0,15.0,-37.82,144.98,22.0,14.6
11.0,3.0,-37.82,144.98,22.0,11.0
11.0,12.0,-37.82,144.98,22.0,19.2
11.0,9.0,-37.82,144.98,22.0,14.7
11.0,15.0,-37.82,144.98,22.0,18.0
11.0,3.0,-37.82,144.98,22.0,11.9
11.0,12.0,-37.82,144.98,22.0,21.6
11.0,9.0,-37.82,144.98,22.0,14.1
11.0,15.0,-37.82,144.98,22.0,18.5
11.0,3.0,-37.82,144.98,22.0,12.0
11.0,12.0,-37.82,144.98,22.0,31.4
11.0,9.0,-37.82,144.98,22.0,21.5
11.0,15.0,-37.82,144.98,22.0,30.1
11.0,3.0,-37.82,144.98,22.0,15.3
11.0,12.0,-37.82,144.98,22.0,18.9
11.0,9.0,-37.82,144.98,22.0,16.6
11.0,15.0,-37.82,144.98,22.0,16.6
11.0,3.0,-37.82,144.98,22.0,11.7
11.0,12.0,-37.82,144.98,22.0,19.4
11.0,9.0,-37.82,144.98,22.0,15.2
11.0,15.0,-37.82,144.98,22.0,18.8
11.0,3.0,-37.82,144.98,22.0,11.9
11.0,12.0,-37.82,144.98,22.0,33.3
11.0,9.0,-37.82,144.98,22.0,18.2
11.0,15.0,-37.82,144.98,22.0,25.4
11.0,3.0,-37.82,144.98,22.0,17.9
11.0,12.0,-37.82,144.98,22.0,35.0
11.0,9.0,-37.82,144.98,22.0,26.7
11.0,15.0,-37.82,144.98,22.0,33.0
11.0,3.0,-37.82,144.98,22.0,14.5
11.0,12.0,-37.82,144.98,22.0,14.9
11.0,9.0,-37.82,144.98,22.0,14.5
11.0,15.0,-37.82,144.98,22.0,13.8
11.0,3.0,-37.82,144.98,22.0,11.0
11.0,12.0,-37.82,144.98,22.0,16.8
11.0,9.0,-37.82,144.98,22.0,13.7
11.0,15.0,-37.82,144.98,22.0,11.4
11.0,3.0,-37.82,144.98,22.0,10.3
11.0,12.0,-37.82,144.98,22.0,17.0
11.0,9.0,-37.82,144.98,22.0,12.9
11.0,15.0,-37.82,144.98,22.0,15.7
11.0,3.0,-37.82,144.98,22.0,10.9
11.0,12.0,-37.82,144.98,22.0,17.9
11.0,9.0,-37.82,144.98,22.0,14.3
11.0,15.0,-37.82,144.98,22.0,15.3
11.0,3.0,-37.82,144.98,22.0,12.2
11.0,12.0,-37.82,144.98,22.0,17.4
11.0,9.0,-37.82,144.98,22.0,14.4
11.0,15.0,-37.82,144.98,22.0,16.3
11.0,3.0,-37.82,144.98,22.0,11.6
11.0,12.0,-37.82,144.98,22.0,16.3
11.0,9.0,-37.82,144.98,22.0,12.2
11.0,15.0,-37.82,144.98,22.0,15.8
11.0,3.0,-37.82,144.98,22.0,12.2
11.0,12.0,-37.82,144.98,22.0,19.6
11.0,9.0,-37.82,144.98,22.0,14.6
11.0,15.0,-37.82,144.98,22.0,18.6
11.0,3.0,-37.82,144.98,22.0,10.4
11.0,12.0,-37.82,144.98,22.0,20.0
11.0,9.0,-37.82,144.98,22.0,15.7
11.0,15.0,-37.82,144.98,22.0,18.4
11.0,3.0,-37.82,144.98,22.0,13.3
11.0,12.0,-37.82,144.98,22.0,18.9
11.0,9.0,-37.82,144.98,22.0,14.6
11.0,15.0,-37.82,144.98,22.0,17.4
