6.0,3.0,-37.82,144.98,22.0,7.9
6.0,12.0,-37.82,144.98,22.0,13.9
6.0,9.0,-37.82,144.98,22.0,10.5
6.0,15.0,-37.82,144.98,22.0,13.6
6.0,3.0,-37.82,144.98,22.0,8.0
6.0,12.0,-37.82,144.98,22.0,14.7
6.0,9.0,-37.82,144.98,22.0,10.6
6.0,15.0,-37.82,144.98,22.0,13.3
6.0,3.0,-37.82,144.98,22.0,9.9
6.0,12.0,-37.82,144.98,22.0,14.3
6.0,9.0,-37.82,144.98,22.0,10.8
6.0,15.0,-37.82,144.98,22.0,13.1
6.0,3.0,-37.82,144.98,22.0,4.4
6.0,12.0,-37.82,144.98,22.0,15.8
6.0,9.0,-37.82,144.98,22.0,5.7
6.0,15.0,-37.82,144.98,22.0,15.5
6.0,3.0,-37.82,144.98,22.0,5.6
6.0,12.0,-37.82,144.98,22.0,17.5
6.0,9.0,-37.82,144.98,22.0,8.7
6.0,15.0,-37.82,144.98,22.0,16.8
6.0,3.0,-37.82,144.98,22.0,8.7
6.0,12.0,-37.82,144.98,22.0,13.9
6.0,9.0,-37.82,144.98,22.0,11.8
6.0,15.0,-37.82,144.98,22.0,12.6
6.0,3.0,-37.82,144.98,22.0,5.9
6.0,12.0,-37.82,144.98,22.0,14.3
6.0,9.0,-37.82,144.98,22.0,8.3
6.0,15.0,-37.82,144.98,22.0,14.0
6.0,3.0,-37.82,144.98,22.0,3.6
6.0,12.0,-37.82,144.98,22.0,15.0
6.0,9.0,-37.82,144.98,22.0,6.6
6.0,15.0,-37.82,144.98,22.0,14.0
6.0,3.0,-37.82,144.98,22.0,6.6
6.0,12.0,-37.82,144.98,22.0,15.0
6.0,9.0,-37.82,144.98,22.0,11.0
6.0,15.0,-37.82,144.98,22.0,13.9
6.0,3.0,-37.82,144.98,22.0,7.0
6.0,12.0,-37.82,144.98,22.0,15.8
6.0,9.0,-37.82,144.98,22.0,7.5
6.0,15.0,-37.82,144.98,22.0,14.0
6.0,3.0,-37.82,144.98,22.0,3.4
6.0,12.0,-37.82,144.98,22.0,15.5
6.0,9.0,-37.82,144.98,22.0,6.1
6.0,15.0,-37.82,144.98,22.0,13.6
6.0,3.0,-37.82,144.98,22.0,6.0
6.0,12.0,-37.82,144.98,22.0,15.9
6.0,9.0,-37.82,144.98,22.0,10.0
6.0,15.0,-37.82,144.98,22.0,15.0
6.0,3.0,-37.82,144.98,22.0,8.8
6.0,12.0,-37.82,144.98,22.0,15.1
6.0,9.0,-37.82,144.98,22.0,10.7
6.0,15.0,-37.82,144.98,22.0,13.4
6.0,3.0,-37.82,144.98,22.0,4.0
6.0,12.0,-37.82,144.98,22.0,17.4
6.0,9.0,-37.82,144.98,22.0,7.8
6.0,15.0,-37.82,144.98,22.0,16.7
6.0,3.0,-37.82,144.98,22.0,7.7
6.0,12.0,-37.82,144.98,22.0,19.0
6.0,9.0,-37.82,144.98,22.0,9.8
6.0,15.0,-37.82,144.98,22.0,17.4
6.0,3.0,-37.82,144.98,22.0,6.6
6.0,12.0,-37.82,144.98,22.0,17.1
6.0,9.0,-37.82,144.98,22.0,8.4
6.0,15.0,-37.82,144.98,22.0,15.9
6.0,3.0,-37.82,144.98,22.0,4.2
6.0,12.0,-37.82,144.98,22.0,15.5
6.0,9.0,-37.82,144.98,22.0,5.4
6.0,15.0,-37.82,144.98,22.0,14.9
6.0,3.0,-37.82,144.98,22.0,5.4
6.0,12.0,-37.82,144.98,22.0,16.3
6.0,9.0,-37.82,144.98,22.0,8.9
6.0,15.0,-37.82,144.98,22.0,15.0
6.0,3.0,-37.82,144.98,22.0,7.1
6.0,12.0,-37.82,144.98,22.0,16.1
6.0,9.0,-37.82,144.98,22.0,8.6
6.0,15.0,-37.82,144.98,22.0,15.5
6.0,3.0,-37.82,144.98,22.0,6.4
6.0,12.0,-37.82,144.98,22.0,15.8
6.0,9.0,-37.82,144.98,22.0,7.9
6.0,15.0,-37.82,144.98,22.0,15.6
6.0,3.0,-37.82,144.98,22.0,7.8
6.0,12.0,-37.82,144.98,22.0,13.5
6.0,9.0,-37.82,144.98,22.0,11.2
6.0,15.0,-37.82,144.98,22.0,12.7
6.0,3.0,-37.82,144.98,22.0,6.7
6.0,12.0,-37.82,144.98,22.0,14.1
6.0,9.0,-37.82,144.98,22.0,7.5
6.0,15.0,-37.82,144.98,22.0,13.5
6.0,3.0,-37.82,144.98,22.0,7.4
6.0,12.0,-37.82,144.98,22.0,14.9
6.0,9.0,-37.82,144.98,22.0,9.1
6.0,15.0,-37.82,144.98,22.0,12.5
6.0,3.0,-37.82,144.98,22.0,8.3
6.0,12.0,-37.82,144.98,22.0,12.3
6.0,9.0,-37.82,144.98,22.0,9.6
6.0,15.0,-37.82,144.98,22.0,11.2
6.0,3.0,-37.82,144.98,22.0,8.6
6.0,12.0,-37.82,144.98,22.0,14.3
6.0,9.0,-37.82,144.98,22.0,9.3
6.0,15.0,-37.82,144.98,22.0,13.4
6.0,3.0,-37.82,144.98,22.0,8.8
6.0,12.0,-37.82,144.98,22.0,12.6
6.0,9.0,-37.82,144.98,22.0,10.0
6.0,15.0,-37.82,144.98,22.0,12.1
6.0,3.0,-37.82,144.98,22.0,6.0
6.0,12.0,-37.82,144.98,22.0,12.1
6.0,9.0,-37.82,144.98,22.0,7.0
6.0,15.0,-37.82,144.98,22.0,11.0
6.0,3.0,-37.82,144.98,22.0,6.8
6.0,12.0,-37.82,144.98,22.0,14.1
6.0,9.0,-37.82,144.98,22.0,9.3
6.0,15.0,-37.82,144.98,22.0,13.9
6.0,3.0,-37.82,144.98,22.0,9.2
6.0,12.0,-37.82,144.98,22.0,13.7
6.0,9.0,-37.82,144.98,22.0,10.8
6.0,15.0,-37.82,144.98,22.0,12.7
6.0,3.0,-37.82,144.98,22.0,7.1
6.0,12.0,-37.82,144.98,22.0,12.3
6.0,9.0,-37.82,144.98,22.0,8.5
6.0,15.0,-37.82,144.98,22.0,12.0
