12.0,3.0,-37.82,144.98,22.0,12.9
12.0,12.0,-37.82,144.98,22.0,21.9
12.0,9.0,-37.82,144.98,22.0,16.7
12.0,15.0,-37.82,144.98,22.0,20.6
12.0,3.0,-37.82,144.98,22.0,13.0
12.0,12.0,-37.82,144.98,22.0,21.6
12.0,9.0,-37.82,144.98,22.0,17.3
12.0,15.0,-37.82,144.98,22.0,19.8
12.0,3.0,-37.82,144.98,22.0,9.9
12.0,12.0,-37.82,144.98,22.0,23.9
12.0,9.0,-37.82,144.98,22.0,16.6
12.0,15.0,-37.82,144.98,22.0,19.7
12.0,3.0,-37.82,144.98,22.0,12.7
12.0,12.0,-37.82,144.98,22.0,31.7
12.0,9.0,-37.82,144.98,22.0,18.1
12.0,15.0,-37.82,144.98,22.0,30.9
12.0,3.0,-37.82,144.98,22.0,16.9
12.0,12.0,-37.82,144.98,22.0,21.5
12.0,9.0,-37.82,144.98,22.0,17.3
12.0,15.0,-37.82,144.98,22.0,20.4
12.0,3.0,-37.82,144.98,22.0,12.8
12.0,12.0,-37.82,144.98,22.0,20.8
12.0,9.0,-37.82,144.98,22.0,15.6
12.0,15.0,-37.82,144.98,22.0,19.4
12.0,3.0,-37.82,144.98,22.0,10.5
12.0,12.0,-37.82,144.98,22.0,28.3
12.0,9.0,-37.82,144.98,22.0,16.0
12.0,15.0,-37.82,144.98,22.0,25.6
12.0,3.0,-37.82,144.98,22.0,15.4
12.0,12.0,-37.82,144.98,22.0,23.2
12.0,9.0,-37.82,144.98,22.0,16.9
12.0,15.0,-37.82,144.98,22.0,22.6
12.0,3.0,-37.82,144.98,22.0,10.0
12.0,12.0,-37.82,144.98,22.0,17.3
12.0,9.0,-37.82,144.98,22.0,11.3
12.0,15.0,-37.82,144.98,22.0,15.8
12.0,3.0,-37.82,144.98,22.0,11.2
12.0,12.0,-37.82,144.98,22.0,18.8
12.0,9.0,-37.82,144.98,22.0,14.4
12.0,15.0,-37.82,144.98,22.0,18.1
12.0,3.0,-37.82,144.98,22.0,12.9
12.0,12.0,-37.82,144.98,22.0,19.3
12.0,9.0,-37.82,144.98,22.0,15.9
12.0,15.0,-37.82,144.98,22.0,18.5
12.0,3.0,-37.82,144.98,22.0,10.7
12.0,12.0,-37.82,144.98,22.0,32.8
12.0,9.0,-37.82,144.98,22.0,16.7
12.0,15.0,-37.82,144.98,22.0,31.3
12.0,3.0,-37.82,144.98,22.0,16.5
12.0,12.0,-37.82,144.98,22.0,36.3
12.0,9.0,-37.82,144.98,22.0,27.3
12.0,15.0,-37.82,144.98,22.0,33.8
12.0,3.0,-37.82,144.98,22.0,15.7
12.0,12.0,-37.82,144.98,22.0,19.3
12.0,9.0,-37.82,144.98,22.0,16.8
12.0,15.0,-37.82,144.98,22.0,17.3
12.0,3.0,-37.82,144.98,22.0,11.7
12.0,12.0,-37.82,144.98,22.0,18.6
12.0,9.0,-37.82,144.98,22.0,15.2
12.0,15.0,-37.82,144.98,22.0,17.5
12.0,3.0,-37.82,144.98,22.0,9.7
12.0,12.0,-37.82,144.98,22.0,25.5
12.0,9.0,-37.82,144.98,22.0,15.7
12.0,15.0,-37.82,144.98,22.0,23.7
12.0,3.0,-37.82,144.98,22.0,15.1
12.0,12.0,-37.82,144.98,22.0,20.9
12.0,9.0,-37.82,144.98,22.0,16.7
12.0,15.0,-37.82,144.98,22.0,20.1
12.0,3.0,-37.82,144.98,22.0,10.0
12.0,12.0,-37.82,144.98,22.0,17.5
12.0,9.0,-37.82,144.98,22.0,14.3
12.0,15.0,-37.82,144.98,22.0,17.1
12.0,3.0,-37.82,144.98,22.0,8.8
12.0,12.0,-37.82,144.98,22.0,30.2
12.0,9.0,-37.82,144.98,22.0,17.2
12.0,15.0,-37.82,144.98,22.0,27.6
12.0,3.0,-37.82,144.98,22.0,14.4
12.0,12.0,-37.82,144.98,22.0,21.5
12.0,9.0,-37.82,144.98,22.0,14.5
12.0,15.0,-37.82,144.98,22.0,20.3
12.0,3.0,-37.82,144.98,22.0,13.5
12.0,12.0,-37.82,144.98,22.0,19.9
12.0,9.0,-37.82,144.98,22.0,16.0
12.0,15.0,-37.82,144.98,22.0,18.3
12.0,3.0,-37.82,144.98,22.0,14.6
12.0,12.0,-37.82,144.98,22.0,20.0
12.0,9.0,-37.82,144.98,22.0,16.5
12.0,15.0,-37.82,144.98,22.0,18.3
12.0,3.0,-37.82,144.98,22.0,12.5
12.0,12.0,-37.82,144.98,22.0,26.3
12.0,9.0,-37.82,144.98,22.0,16.7
12.0,15.0,-37.82,144.98,22.0,23.9
12.0,3.0,-37.82,144.98,22.0,16.2
12.0,12.0,-37.82,144.98,22.0,34.9
12.0,9.0,-37.82,144.98,22.0,19.9
12.0,15.0,-37.82,144.98,22.0,33.4
12.0,3.0,-37.82,144.98,22.0,16.4
12.0,12.0,-37.82,144.98,22.0,36.3
12.0,9.0,-37.82,144.98,22.0,25.4
12.0,15.0,-37.82,144.98,22.0,35.2
12.0,3.0,-37.82,144.98,22.0,25.4
12.0,12.0,-37.82,144.98,22.0,29.3
12.0,9.0,-37.82,144.98,22.0,28.8
12.0,15.0,-37.82,144.98,22.0,18.9
12.0,3.0,-37.82,144.98,22.0,18.0
12.0,12.0,-37.82,144.98,22.0,29.8
12.0,9.0,-37.82,144.98,22.0,20.4
12.0,15.0,-37.82,144.98,22.0,25.2
12.0,3.0,-37.82,144.98,22.0,20.3
12.0,12.0,-37.82,144.98,22.0,38.2
12.0,9.0,-37.82,144.98,22.0,29.2
12.0,15.0,-37.82,144.98,22.0,33.4
12.0,3.0,-37.82,144.98,22.0,27.0
12.0,12.0,-37.82,144.98,22.0,33.5
12.0,9.0,-37.82,144.98,22.0,29.9
12.0,15.0,-37.82,144.98,22.0,27.1
12.0,3.0,-37.82,144.98,22.0,20.1
12.0,12.0,-37.82,144.98,22.0,27.8
12.0,9.0,-37.82,144.98,22.0,21.0
12.0,15.0,-37.82,144.98,22.0,26.7
12.0,3.0,-37.82,144.98,22.0,17.3
12.0,12.0,-37.82,144.98,22.0,23.8
12.0,9.0,-37.82,144.98,22.0,18.7
12.0,15.0,-37.82,144.98,22.0,22.7
