2.0,3.0,-37.82,144.98,22.0,14.3
2.0,12.0,-37.82,144.98,22.0,20.6
2.0,9.0,-37.82,144.98,22.0,17.1
2.0,15.0,-37.82,144.98,22.0,19.1
2.0,3.0,-37.82,144.98,22.0,14.2
2.0,12.0,-37.82,144.98,22.0,24.1
2.0,9.0,-37.82,144.98,22.0,17.4
2.0,15.0,-37.82,144.98,22.0,23.3
2.0,3.0,-37.82,144.98,22.0,15.4
2.0,12.0,-37.82,144.98,22.0,27.6
2.0,9.0,-37.82,144.98,22.0,18.1
2.0,15.0,-37.82,144.98,22.0,25.2
2.0,3.0,-37.82,144.98,22.0,14.6
2.0,12.0,-37.82,144.98,22.0,35.9
2.0,9.0,-37.82,144.98,22.0,18.8
2.0,15.0,-37.82,144.98,22.0,34.4
2.0,3.0,-37.82,144.98,22.0,18.5
2.0,12.0,-37.82,144.98,22.0,30.7
2.0,9.0,-37.82,144.98,22.0,24.2
2.0,15.0,-37.82,144.98,22.0,30.2
2.0,3.0,-37.82,144.98,22.0,15.1
2.0,12.0,-37.82,144.98,22.0,18.0
2.0,9.0,-37.82,144.98,22.0,15.7
2.0,15.0,-37.82,144.98,22.0,17.5
2.0,3.0,-37.82,144.98,22.0,15.4
2.0,12.0,-37.82,144.98,22.0,27.6
2.0,9.0,-37.82,144.98,22.0,17.6
2.0,15.0,-37.82,144.98,22.0,26.3
2.0,3.0,-37.82,144.98,22.0,16.5
2.0,12.0,-37.82,144.98,22.0,36.0
2.0,9.0,-37.82,144.98,22.0,20.5
2.0,15.0,-37.82,144.98,22.0,34.3
2.0,3.0,-37.82,144.98,22.0,20.3
2.0,12.0,-37.82,144.98,22.0,36.0
2.0,9.0,-37.82,144.98,22.0,28.7
2.0,15.0,-37.82,144.98,22.0,24.3
2.0,3.0,-37.82,144.98,22.0,18.7
2.0,12.0,-37.82,144.98,22.0,27.1
2.0,9.0,-37.82,144.98,22.0,19.6
2.0,15.0,-37.82,144.98,22.0,26.4
2.0,3.0,-37.82,144.98,22.0,18.5
2.0,12.0,-37.82,144.98,22.0,24.6
2.0,9.0,-37.82,144.98,22.0,20.5
2.0,15.0,-37.82,144.98,22.0,23.6
2.0,3.0,-37.82,144.98,22.0,15.1
2.0,12.0,-37.82,144.98,22.0,19.9
2.0,9.0,-37.82,144.98,22.0,15.3
2.0,15.0,-37.82,144.98,22.0,18.6
2.0,3.0,-37.82,144.98,22.0,14.0
2.0,12.0,-37.82,144.98,22.0,21.0
2.0,9.0,-37.82,144.98,22.0,15.5
2.0,15.0,-37.82,144.98,22.0,19.8
2.0,3.0,-37.82,144.98,22.0,14.5
2.0,12.0,-37.82,144.98,22.0,19.5
2.0,9.0,-37.82,144.98,22.0,16.2
2.0,15.0,-37.82,144.98,22.0,18.4
2.0,3.0,-37.82,144.98,22.0,10.0
2.0,12.0,-37.82,144.98,22.0,31.5
2.0,9.0,-37.82,144.98,22.0,14.9
2.0,15.0,-37.82,144.98,22.0,29.4
2.0,3.0,-37.82,144.98,22.0,14.9
2.0,12.0,-37.82,144.98,22.0,23.6
2.0,9.0,-37.82,144.98,22.0,17.5
2.0,15.0,-37.82,144.98,22.0,21.9
2.0,3.0,-37.82,144.98,22.0,13.7
2.0,12.0,-37.82,144.98,22.0,25.5
2.0,9.0,-37.82,144.98,22.0,17.6
2.0,15.0,-37.82,144.98,22.0,21.9
2.0,3.0,-37.82,144.98,22.0,13.3
2.0,12.0,-37.82,144.98,22.0,18.9
2.0,9.0,-37.82,144.98,22.0,14.8
2.0,15.0,-37.82,144.98,22.0,17.5
2.0,3.0,-37.82,144.98,22.0,11.7
2.0,12.0,-37.82,144.98,22.0,17.3
2.0,9.0,-37.82,144.98,22.0,13.7
2.0,15.0,-37.82,144.98,22.0,16.4
2.0,3.0,-37.82,144.98,22.0,11.6
2.0,12.0,-37.82,144.98,22.0,20.3
2.0,9.0,-37.82,144.98,22.0,14.2
2.0,15.0,-37.82,144.98,22.0,19.2
2.0,3.0,-37.82,144.98,22.0,10.1
2.0,12.0,-37.82,144.98,22.0,24.0
2.0,9.0,-37.82,144.98,22.0,14.5
2.0,15.0,-37.82,144.98,22.0,21.5
2.0,3.0,-37.82,144.98,22.0,12.8
2.0,12.0,-37.82,144.98,22.0,33.3
2.0,9.0,-37.82,144.98,22.0,17.2
2.0,15.0,-37.82,144.98,22.0,31.1
2.0,3.0,-37.82,144.98,22.0,15.9
2.0,12.0,-37.82,144.98,22.0,25.0
2.0,9.0,-37.82,144.98,22.0,20.0
2.0,15.0,-37.82,144.98,22.0,22.8
2.0,3.0,-37.82,144.98,22.0,15.8
2.0,12.0,-37.82,144.98,22.0,20.0
2.0,9.0,-37.82,144.98,22.0,17.0
2.0,15.0,-37.82,144.98,22.0,18.7
2.0,3.0,-37.82,144.98,22.0,13.7
2.0,12.0,-37.82,144.98,22.0,19.4
2.0,9.0,-37.82,144.98,22.0,15.9
2.0,15.0,-37.82,144.98,22.0,18.2
2.0,3.0,-37.82,144.98,22.0,13.2
2.0,12.0,-37.82,144.98,22.0,29.8
2.0,9.0,-37.82,144.98,22.0,15.9
2.0,15.0,-37.82,144.98,22.0,26.9
2.0,3.0,-37.82,144.98,22.0,15.6
2.0,12.0,-37.82,144.98,22.0,33.1
2.0,9.0,-37.82,144.98,22.0,20.6
2.0,15.0,-37.82,144.98,22.0,31.5
2.0,3.0,-37.82,144.98,22.0,17.3
2.0,12.0,-37.82,144.98,22.0,33.6
2.0,9.0,-37.82,144.98,22.0,21.9
2.0,15.0,-37.82,144.98,22.0,32.8
