4.0,3.0,-37.82,144.98,22.0,10.0
4.0,12.0,-37.82,144.98,22.0,19.0
4.0,9.0,-37.82,144.98,22.0,13.8
4.0,15.0,-37.82,144.98,22.0,17.4
4.0,3.0,-37.82,144.98,22.0,11.7
4.0,12.0,-37.82,144.98,22.0,18.2
4.0,9.0,-37.82,144.98,22.0,14.6
4.0,15.0,-37.82,144.98,22.0,17.3
4.0,3.0,-37.82,144.98,22.0,8.2
4.0,12.0,-37.82,144.98,22.0,21.5
4.0,9.0,-37.82,144.98,22.0,12.5
4.0,15.0,-37.82,144.98,22.0,20.2
4.0,3.0,-37.82,144.98,22.0,10.0
4.0,12.0,-37.82,144.98,22.0,24.4
4.0,9.0,-37.82,144.98,22.0,14.7
4.0,15.0,-37.82,144.98,22.0,24.2
4.0,3.0,-37.82,144.98,22.0,11.0
4.0,12.0,-37.82,144.98,22.0,25.4
4.0,9.0,-37.82,144.98,22.0,16.0
4.0,15.0,-37.82,144.98,22.0,25.1
4.0,3.0,-37.82,144.98,22.0,12.0
4.0,12.0,-37.82,144.98,22.0,26.6
4.0,9.0,-37.82,144.98,22.0,16.5
4.0,15.0,-37.82,144.98,22.0,25.0
4.0,3.0,-37.82,144.98,22.0,12.7
4.0,12.0,-37.82,144.98,22.0,26.2
4.0,9.0,-37.82,144.98,22.0,19.2
4.0,15.0,-37.82,144.98,22.0,25.7
4.0,3.0,-37.82,144.98,22.0,18.6
4.0,12.0,-37.82,144.98,22.0,28.1
4.0,9.0,-37.82,144.98,22.0,21.7
4.0,15.0,-37.82,144.98,22.0,27.8
4.0,3.0,-37.82,144.98,22.0,11.7
4.0,12.0,-37.82,144.98,22.0,15.2
4.0,9.0,-37.82,144.98,22.0,11.7
4.0,15.0,-37.82,144.98,22.0,12.4
4.0,3.0,-37.82,144.98,22.0,9.0
4.0,12.0,-37.82,144.98,22.0,17.0
4.0,9.0,-37.82,144.98,22.0,14.9
4.0,15.0,-37.82,144.98,22.0,15.5
4.0,3.0,-37.82,144.98,22.0,12.3
4.0,12.0,-37.82,144.98,22.0,18.5
4.0,9.0,-37.82,144.98,22.0,17.0
4.0,15.0,-37.82,144.98,22.0,17.6
4.0,3.0,-37.82,144.98,22.0,10.8
4.0,12.0,-37.82,144.98,22.0,19.3
4.0,9.0,-37.82,144.98,22.0,15.5
4.0,15.0,-37.82,144.98,22.0,18.6
4.0,3.0,-37.82,144.98,22.0,10.9
4.0,12.0,-37.82,144.98,22.0,22.2
4.0,9.0,-37.82,144.98,22.0,14.3
4.0,15.0,-37.82,144.98,22.0,21.8
4.0,3.0,-37.82,144.98,22.0,13.0
4.0,12.0,-37.82,144.98,22.0,17.9
4.0,9.0,-37.82,144.98,22.0,15.2
4.0,15.0,-37.82,144.98,22.0,17.2
4.0,3.0,-37.82,144.98,22.0,11.8
4.0,12.0,-37.82,144.98,22.0,17.3
4.0,9.0,-37.82,144.98,22.0,13.4
4.0,15.0,-37.82,144.98,22.0,16.5
4.0,3.0,-37.82,144.98,22.0,9.9
4.0,12.0,-37.82,144.98,22.0,22.6
4.0,9.0,-37.82,144.98,22.0,12.3
4.0,15.0,-37.82,144.98,22.0,20.7
4.0,3.0,-37.82,144.98,22.0,11.1
4.0,12.0,-37.82,144.98,22.0,18.3
4.0,9.0,-37.82,144.98,22.0,14.0
4.0,15.0,-37.82,144.98,22.0,17.4
4.0,3.0,-37.82,144.98,22.0,9.5
4.0,12.0,-37.82,144.98,22.0,20.4
4.0,9.0,-37.82,144.98,22.0,14.0
4.0,15.0,-37.82,144.98,22.0,19.7
4.0,3.0,-37.82,144.98,22.0,13.0
4.0,12.0,-37.82,144.98,22.0,26.9
4.0,9.0,-37.82,144.98,22.0,14.6
4.0,15.0,-37.82,144.98,22.0,26.2
4.0,3.0,-37.82,144.98,22.0,14.6
4.0,12.0,-37.82,144.98,22.0,26.5
4.0,9.0,-37.82,144.98,22.0,21.7
4.0,15.0,-37.82,144.98,22.0,25.2
4.0,3.0,-37.82,144.98,22.0,16.5
4.0,12.0,-37.82,144.98,22.0,20.9
4.0,9.0,-37.82,144.98,22.0,17.1
4.0,15.0,-37.82,144.98,22.0,18.5
4.0,3.0,-37.82,144.98,22.0,16.9
4.0,12.0,-37.82,144.98,22.0,22.5
4.0,9.0,-37.82,144.98,22.0,18.3
4.0,15.0,-37.82,144.98,22.0,21.9
4.0,3.0,-37.82,144.98,22.0,14.4
4.0,12.0,-37.82,144.98,22.0,21.8
4.0,9.0,-37.82,144.98,22.0,18.1
4.0,15.0,-37.82,144.98,22.0,21.0
4.0,3.0,-37.82,144.98,22.0,15.9
4.0,12.0,-37.82,144.98,22.0,24.7
4.0,9.0,-37.82,144.98,22.0,16.6
4.0,15.0,-37.82,144.98,22.0,24.5
4.0,3.0,-37.82,144.98,22.0,16.2
4.0,12.0,-37.82,144.98,22.0,17.7
4.0,9.0,-37.82,144.98,22.0,16.4
4.0,15.0,-37.82,144.98,22.0,17.1
4.0,3.0,-37.82,144.98,22.0,10.1
4.0,12.0,-37.82,144.98,22.0,14.5
4.0,9.0,-37.82,144.98,22.0,13.2
4.0,15.0,-37.82,144.98,22.0,10.5
4.0,3.0,-37.82,144.98,22.0,8.3
4.0,12.0,-37.82,144.98,22.0,15.6
4.0,9.0,-37.82,144.98,22.0,9.6
4.0,15.0,-37.82,144.98,22.0,13.7
4.0,3.0,-37.82,144.98,22.0,9.4
4.0,12.0,-37.82,144.98,22.0,19.8
4.0,9.0,-37.82,144.98,22.0,15.4
4.0,15.0,-37.82,144.98,22.0,18.9
4.0,3.0,-37.82,144.98,22.0,14.9
4.0,12.0,-37.82,144.98,22.0,18.1
4.0,9.0,-37.82,144.98,22.0,16.0
4.0,15.0,-37.82,144.98,22.0,16.9
4.0,3.0,-37.82,144.98,22.0,13.6
4.0,12.0,-37.82,144.98,22.0,17.8
4.0,9.0,-37.82,144.98,22.0,14.3
4.0,15.0,-37.82,144.98,22.0,17.2
