5.0,3.0,-37.82,144.98,22.0,13.6
5.0,12.0,-37.82,144.98,22.0,20.4
5.0,9.0,-37.82,144.98,22.0,15.4
5.0,15.0,-37.82,144.98,22.0,19.3
5.0,3.0,-37.82,144.98,22.0,10.4
5.0,12.0,-37.82,144.98,22.0,15.2
5.0,9.0,-37.82,144.98,22.0,12.4
5.0,15.0,-37.82,144.98,22.0,12.4
5.0,3.0,-37.82,144.98,22.0,7.4
5.0,12.0,-37.82,144.98,22.0,15.3
5.0,9.0,-37.82,144.98,22.0,9.9
5.0,15.0,-37.82,144.98,22.0,14.6
5.0,3.0,-37.82,144.98,22.0,5.8
5.0,12.0,-37.82,144.98,22.0,16.9
5.0,9.0,-37.82,144.98,22.0,9.1
5.0,15.0,-37.82,144.98,22.0,15.5
5.0,3.0,-37.82,144.98,22.0,6.2
5.0,12.0,-37.82,144.98,22.0,20.5
5.0,9.0,-37.82,144.98,22.0,9.8
5.0,15.0,-37.82,144.98,22.0,19.7
5.0,3.0,-37.82,144.98,22.0,9.6
5.0,12.0,-37.82,144.98,22.0,20.0
5.0,9.0,-37.82,144.98,22.0,14.2
5.0,15.0,-37.82,144.98,22.0,15.1
5.0,3.0,-37.82,144.98,22.0,8.9
5.0,12.0,-37.82,144.98,22.0,14.8
5.0,9.0,-37.82,144.98,22.0,10.9
5.0,15.0,-37.82,144.98,22.0,14.8
5.0,3.0,-37.82,144.98,22.0,10.1
5.0,12.0,-37.82,144.98,22.0,15.8
5.0,9.0,-37.82,144.98,22.0,11.0
5.0,15.0,-37.82,144.98,22.0,14.3
5.0,3.0,-37.82,144.98,22.0,10.9
5.0,12.0,-37.82,144.98,22.0,15.9
5.0,9.0,-37.82,144.98,22.0,12.1
5.0,15.0,-37.82,144.98,22.0,15.4
5.0,3.0,-37.82,144.98,22.0,8.1
5.0,12.0,-37.82,144.98,22.0,17.7
5.0,9.0,-37.82,144.98,22.0,9.1
5.0,15.0,-37.82,144.98,22.0,15.9
5.0,3.0,-37.82,144.98,22.0,6.1
5.0,12.0,-37.82,144.98,22.0,16.5
5.0,9.0,-37.82,144.98,22.0,8.0
5.0,15.0,-37.82,144.98,22.0,15.7
5.0,3.0,-37.82,144.98,22.0,5.9
5.0,12.0,-37.82,144.98,22.0,19.5
5.0,9.0,-37.82,144.98,22.0,8.7
5.0,15.0,-37.82,144.98,22.0,18.4
5.0,3.0,-37.82,144.98,22.0,8.4
5.0,12.0,-37.82,144.98,22.0,15.6
5.0,9.0,-37.82,144.98,22.0,12.2
5.0,15.0,-37.82,144.98,22.0,14.6
5.0,3.0,-37.82,144.98,22.0,6.4
5.0,12.0,-37.82,144.98,22.0,15.1
5.0,9.0,-37.82,144.98,22.0,8.3
5.0,15.0,-37.82,144.98,22.0,14.6
5.0,3.0,-37.82,144.98,22.0,6.3
5.0,12.0,-37.82,144.98,22.0,16.9
5.0,9.0,-37.82,144.98,22.0,7.9
5.0,15.0,-37.82,144.98,22.0,15.4
5.0,3.0,-37.82,144.98,22.0,5.6
5.0,12.0,-37.82,144.98,22.0,18.2
5.0,9.0,-37.82,144.98,22.0,7.6
5.0,15.0,-37.82,144.98,22.0,18.2
5.0,3.0,-37.82,144.98,22.0,7.6
5.0,12.0,-37.82,144.98,22.0,17.0
5.0,9.0,-37.82,144.98,22.0,13.4
5.0,15.0,-37.82,144.98,22.0,16.5
5.0,3.0,-37.82,144.98,22.0,10.7
5.0,12.0,-37.82,144.98,22.0,20.2
5.0,9.0,-37.82,144.98,22.0,11.6
5.0,15.0,-37.82,144.98,22.0,19.8
5.0,3.0,-37.82,144.98,22.0,10.2
5.0,12.0,-37.82,144.98,22.0,17.8
5.0,9.0,-37.82,144.98,22.0,13.4
5.0,15.0,-37.82,144.98,22.0,17.6
5.0,3.0,-37.82,144.98,22.0,10.2
5.0,12.0,-37.82,144.98,22.0,19.3
5.0,9.0,-37.82,144.98,22.0,14.6
5.0,15.0,-37.82,144.98,22.0,19.0
5.0,3.0,-37.82,144.98,22.0,10.8
5.0,12.0,-37.82,144.98,22.0,18.7
5.0,9.0,-37.82,144.98,22.0,12.7
5.0,15.0,-37.82,144.98,22.0,17.3
5.0,3.0,-37.82,144.98,22.0,10.4
5.0,12.0,-37.82,144.98,22.0,20.3
5.0,9.0,-37.82,144.98,22.0,12.8
5.0,15.0,-37.82,144.98,22.0,20.0
5.0,3.0,-37.82,144.98,22.0,12.8
5.0,12.0,-37.82,144.98,22.0,19.3
5.0,9.0,-37.82,144.98,22.0,15.9
5.0,15.0,-37.82,144.98,22.0,18.6
5.0,3.0,-37.82,144.98,22.0,11.7
5.0,12.0,-37.82,144.98,22.0,17.1
5.0,9.0,-37.82,144.98,22.0,14.1
5.0,15.0,-37.82,144.98,22.0,15.6
5.0,3.0,-37.82,144.98,22.0,13.7
5.0,12.0,-37.82,144.98,22.0,18.5
5.0,9.0,-37.82,144.98,22.0,14.0
5.0,15.0,-37.82,144.98,22.0,17.9
5.0,3.0,-37.82,144.98,22.0,13.1
5.0,12.0,-37.82,144.98,22.0,18.0
5.0,9.0,-37.82,144.98,22.0,13.7
5.0,15.0,-37.82,144.98,22.0,16.9
5.0,3.0,-37.82,144.98,22.0,11.9
5.0,12.0,-37.82,144.98,22.0,17.8
5.0,9.0,-37.82,144.98,22.0,13.9
5.0,15.0,-37.82,144.98,22.0,17.2
5.0,3.0,-37.82,144.98,22.0,10.2
5.0,12.0,-37.82,144.98,22.0,15.3
5.0,9.0,-37.82,144.98,22.0,11.8
5.0,15.0,-37.82,144.98,22.0,11.2
5.0,3.0,-37.82,144.98,22.0,7.7
5.0,12.0,-37.82,144.98,22.0,14.8
5.0,9.0,-37.82,144.98,22.0,9.3
5.0,15.0,-37.82,144.98,22.0,14.7
5.0,3.0,-37.82,144.98,22.0,9.3
5.0,12.0,-37.82,144.98,22.0,13.1
5.0,9.0,-37.82,144.98,22.0,10.9
5.0,15.0,-37.82,144.98,22.0,12.9
5.0,3.0,-37.82,144.98,22.0,6.7
5.0,12.0,-37.82,144.98,22.0,13.0
5.0,9.0,-37.82,144.98,22.0,8.0
5.0,15.0,-37.82,144.98,22.0,12.2
