2.0,9.0,-35.3,149.13,558.0,82.0
2.0,15.0,-35.3,149.13,558.0,91.0
2.0,9.0,-35.3,149.13,558.0,74.0
2.0,15.0,-35.3,149.13,558.0,20.0
2.0,9.0,-35.3,149.13,558.0,76.0
2.0,15.0,-35.3,149.13,558.0,24.0
2.0,9.0,-35.3,149.13,558.0,71.0
2.0,15.0,-35.3,149.13,558.0,15.0
2.0,9.0,-35.3,149.13,558.0,49.0
2.0,15.0,-35.3,149.13,558.0,32.0
2.0,9.0,-35.3,149.13,558.0,81.0
2.0,15.0,-35.3,149.13,558.0,39.0
2.0,9.0,-35.3,149.13,558.0,87.0
2.0,15.0,-35.3,149.13,558.0,61.0
2.0,9.0,-35.3,149.13,558.0,70.0
2.0,15.0,-35.3,149.13,558.0,63.0
2.0,9.0,-35.3,149.13,558.0,68.0
2.0,15.0,-35.3,149.13,558.0,31.0
2.0,9.0,-35.3,149.13,558.0,56.0
2.0,15.0,-35.3,149.13,558.0,20.0
2.0,9.0,-35.3,149.13,558.0,50.0
2.0,15.0,-35.3,149.13,558.0,20.0
2.0,9.0,-35.3,149.13,558.0,70.0
2.0,15.0,-35.3,149.13,558.0,42.0
2.0,9.0,-35.3,149.13,558.0,54.0
2.0,15.0,-35.3,149.13,558.0,29.0
2.0,9.0,-35.3,149.13,558.0,56.0
2.0,15.0,-35.3,149.13,558.0,25.0
2.0,9.0,-35.3,149.13,558.0,65.0
2.0,15.0,-35.3,149.13,558.0,32.0
2.0,9.0,-35.3,149.13,558.0,50.0
2.0,15.0,-35.3,149.13,558.0,13.0
2.0,9.0,-35.3,149.13,558.0,38.0
2.0,15.0,-35.3,149.13,558.0,14.0
2.0,9.0,-35.3,149.13,558.0,62.0
2.0,15.0,-35.3,149.13,558.0,76.0
2.0,9.0,-35.3,149.13,558.0,53.0
2.0,15.0,-35.3,149.13,558.0,23.0
2.0,9.0,-35.3,149.13,558.0,51.0
2.0,15.0,-35.3,149.13,558.0,29.0
2.0,9.0,-35.3,149.13,558.0,52.0
2.0,15.0,-35.3,149.13,558.0,18.0
2.0,9.0,-35.3,149.13,558.0,71.0
2.0,15.0,-35.3,149.13,558.0,24.0
2.0,9.0,-35.3,149.13,558.0,62.0
2.0,15.0,-35.3,149.13,558.0,18.0
2.0,9.0,-35.3,149.13,558.0,74.0
2.0,15.0,-35.3,149.13,558.0,28.0
2.0,9.0,-35.3,149.13,558.0,73.0
2.0,15.0,-35.3,149.13,558.0,54.0
2.0,9.0,-35.3,149.13,558.0,59.0
2.0,15.0,-35.3,149.13,558.0,41.0
2.0,9.0,-35.3,149.13,558.0,70.0
2.0,15.0,-35.3,149.13,558.0,40.0
2.0,9.0,-35.3,149.13,558.0,66.0
2.0,15.0,-35.3,149.13,558.0,47.0
