6.0,9.0,-35.3,149.13,558.0,70.0
6.0,15.0,-35.3,149.13,558.0,39.0
6.0,9.0,-35.3,149.13,558.0,86.0
6.0,15.0,-35.3,149.13,558.0,48.0
6.0,9.0,-35.3,149.13,558.0,82.0
6.0,15.0,-35.3,149.13,558.0,51.0
6.0,9.0,-35.3,149.13,558.0,99.0
6.0,15.0,-35.3,149.13,558.0,50.0
6.0,9.0,-35.3,149.13,558.0,96.0
6.0,15.0,-35.3,149.13,558.0,55.0
6.0,9.0,-35.3,149.13,558.0,84.0
6.0,15.0,-35.3,149.13,558.0,54.0
6.0,9.0,-35.3,149.13,558.0,68.0
6.0,15.0,-35.3,149.13,558.0,60.0
6.0,9.0,-35.3,149.13,558.0,78.0
6.0,15.0,-35.3,149.13,558.0,51.0
6.0,9.0,-35.3,149.13,558.0,85.0
6.0,15.0,-35.3,149.13,558.0,68.0
6.0,9.0,-35.3,149.13,558.0,77.0
6.0,15.0,-35.3,149.13,558.0,64.0
6.0,9.0,-35.3,149.13,558.0,99.0
6.0,15.0,-35.3,149.13,558.0,63.0
6.0,9.0,-35.3,149.13,558.0,99.0
6.0,15.0,-35.3,149.13,558.0,57.0
6.0,9.0,-35.3,149.13,558.0,88.0
6.0,15.0,-35.3,149.13,558.0,53.0
6.0,9.0,-35.3,149.13,558.0,99.0
6.0,15.0,-35.3,149.13,558.0,57.0
6.0,9.0,-35.3,149.13,558.0,99.0
6.0,15.0,-35.3,149.13,558.0,71.0
6.0,9.0,-35.3,149.13,558.0,99.0
6.0,15.0,-35.3,149.13,558.0,70.0
6.0,9.0,-35.3,149.13,558.0,89.0
6.0,15.0,-35.3,149.13,558.0,71.0
6.0,9.0,-35.3,149.13,558.0,80.0
6.0,15.0,-35.3,149.13,558.0,41.0
6.0,9.0,-35.3,149.13,558.0,96.0
6.0,15.0,-35.3,149.13,558.0,44.0
6.0,9.0,-35.3,149.13,558.0,99.0
6.0,15.0,-35.3,149.13,558.0,69.0
6.0,9.0,-35.3,149.13,558.0,99.0
6.0,15.0,-35.3,149.13,558.0,50.0
6.0,9.0,-35.3,149.13,558.0,99.0
6.0,15.0,-35.3,149.13,558.0,56.0
6.0,9.0,-35.3,149.13,558.0,99.0
6.0,15.0,-35.3,149.13,558.0,54.0
6.0,9.0,-35.3,149.13,558.0,68.0
6.0,15.0,-35.3,149.13,558.0,45.0
6.0,9.0,-35.3,149.13,558.0,81.0
6.0,15.0,-35.3,149.13,558.0,49.0
6.0,9.0,-35.3,149.13,558.0,90.0
6.0,15.0,-35.3,149.13,558.0,50.0
6.0,9.0,-35.3,149.13,558.0,94.0
6.0,15.0,-35.3,149.13,558.0,62.0
6.0,9.0,-35.3,149.13,558.0,97.0
6.0,15.0,-35.3,149.13,558.0,59.0
6.0,9.0,-35.3,149.13,558.0,99.0
6.0,15.0,-35.3,149.13,558.0,65.0
6.0,9.0,-35.3,149.13,558.0,89.0
6.0,15.0,-35.3,149.13,558.0,35.0
