7.0,9.0,-35.3,149.13,558.0,81.0
7.0,15.0,-35.3,149.13,558.0,37.0
7.0,9.0,-35.3,149.13,558.0,87.0
7.0,15.0,-35.3,149.13,558.0,26.0
7.0,9.0,-35.3,149.13,558.0,81.0
7.0,15.0,-35.3,149.13,558.0,64.0
7.0,9.0,-35.3,149.13,558.0,63.0
7.0,15.0,-35.3,149.13,558.0,67.0
7.0,9.0,-35.3,149.13,558.0,82.0
7.0,15.0,-35.3,149.13,558.0,77.0
7.0,9.0,-35.3,149.13,558.0,91.0
7.0,15.0,-35.3,149.13,558.0,45.0
7.0,9.0,-35.3,149.13,558.0,99.0
7.0,15.0,-35.3,149.13,558.0,46.0
7.0,9.0,-35.3,149.13,558.0,99.0
7.0,15.0,-35.3,149.13,558.0,66.0
7.0,9.0,-35.3,149.13,558.0,83.0
7.0,15.0,-35.3,149.13,558.0,66.0
7.0,9.0,-35.3,149.13,558.0,96.0
7.0,15.0,-35.3,149.13,558.0,51.0
7.0,9.0,-35.3,149.13,558.0,99.0
7.0,15.0,-35.3,149.13,558.0,46.0
7.0,9.0,-35.3,149.13,558.0,88.0
7.0,15.0,-35.3,149.13,558.0,47.0
7.0,9.0,-35.3,149.13,558.0,99.0
7.0,15.0,-35.3,149.13,558.0,51.0
7.0,9.0,-35.3,149.13,558.0,80.0
7.0,15.0,-35.3,149.13,558.0,61.0
7.0,9.0,-35.3,149.13,558.0,99.0
7.0,15.0,-35.3,149.13,558.0,49.0
7.0,9.0,-35.3,149.13,558.0,88.0
7.0,15.0,-35.3,149.13,558.0,43.0
7.0,9.0,-35.3,149.13,558.0,93.0
7.0,15.0,-35.3,149.13,558.0,55.0
7.0,9.0,-35.3,149.13,558.0,80.0
7.0,15.0,-35.3,149.13,558.0,71.0
7.0,9.0,-35.3,149.13,558.0,82.0
7.0,15.0,-35.3,149.13,558.0,52.0
7.0,9.0,-35.3,149.13,558.0,70.0
7.0,15.0,-35.3,149.13,558.0,53.0
7.0,9.0,-35.3,149.13,558.0,76.0
7.0,15.0,-35.3,149.13,558.0,48.0
7.0,9.0,-35.3,149.13,558.0,99.0
7.0,15.0,-35.3,149.13,558.0,42.0
7.0,9.0,-35.3,149.13,558.0,52.0
7.0,15.0,-35.3,149.13,558.0,39.0
7.0,9.0,-35.3,149.13,558.0,70.0
7.0,15.0,-35.3,149.13,558.0,47.0
7.0,9.0,-35.3,149.13,558.0,85.0
7.0,15.0,-35.3,149.13,558.0,52.0
7.0,9.0,-35.3,149.13,558.0,65.0
7.0,15.0,-35.3,149.13,558.0,48.0
7.0,9.0,-35.3,149.13,558.0,99.0
7.0,15.0,-35.3,149.13,558.0,50.0
7.0,9.0,-35.3,149.13,558.0,69.0
7.0,15.0,-35.3,149.13,558.0,45.0
7.0,9.0,-35.3,149.13,558.0,99.0
7.0,15.0,-35.3,149.13,558.0,37.0
7.0,9.0,-35.3,149.13,558.0,42.0
7.0,15.0,-35.3,149.13,558.0,64.0
7.0,9.0,-35.3,149.13,558.0,99.0
7.0,15.0,-35.3,149.13,558.0,94.0
