11.0,9.0,-35.3,149.13,558.0,64.0
11.0,15.0,-35.3,149.13,558.0,37.0
11.0,9.0,-35.3,149.13,558.0,48.0
11.0,15.0,-35.3,149.13,558.0,35.0
11.0,9.0,-35.3,149.13,558.0,65.0
11.0,15.0,-35.3,149.13,558.0,36.0
11.0,9.0,-35.3,149.13,558.0,55.0
11.0,15.0,-35.3,149.13,558.0,24.0
11.0,9.0,-35.3,149.13,558.0,32.0
11.0,15.0,-35.3,149.13,558.0,38.0
11.0,9.0,-35.3,149.13,558.0,49.0
11.0,15.0,-35.3,149.13,558.0,40.0
11.0,9.0,-35.3,149.13,558.0,50.0
11.0,15.0,-35.3,149.13,558.0,38.0
11.0,9.0,-35.3,149.13,558.0,62.0
11.0,15.0,-35.3,149.13,558.0,29.0
11.0,9.0,-35.3,149.13,558.0,86.0
11.0,15.0,-35.3,149.13,558.0,45.0
11.0,9.0,-35.3,149.13,558.0,81.0
11.0,15.0,-35.3,149.13,558.0,36.0
11.0,9.0,-35.3,149.13,558.0,70.0
11.0,15.0,-35.3,149.13,558.0,38.0
11.0,9.0,-35.3,149.13,558.0,85.0
11.0,15.0,-35.3,149.13,558.0,37.0
11.0,9.0,-35.3,149.13,558.0,68.0
11.0,15.0,-35.3,149.13,558.0,47.0
11.0,9.0,-35.3,149.13,558.0,62.0
11.0,15.0,-35.3,149.13,558.0,69.0
11.0,9.0,-35.3,149.13,558.0,59.0
11.0,15.0,-35.3,149.13,558.0,54.0
11.0,9.0,-35.3,149.13,558.0,67.0
11.0,15.0,-35.3,149.13,558.0,33.0
11.0,9.0,-35.3,149.13,558.0,63.0
11.0,15.0,-35.3,149.13,558.0,41.0
11.0,9.0,-35.3,149.13,558.0,66.0
11.0,15.0,-35.3,149.13,558.0,32.0
11.0,9.0,-35.3,149.13,558.0,63.0
11.0,15.0,-35.3,149.13,558.0,29.0
11.0,9.0,-35.3,149.13,558.0,68.0
11.0,15.0,-35.3,149.13,558.0,37.0
11.0,9.0,-35.3,149.13,558.0,72.0
11.0,15.0,-35.3,149.13,558.0,36.0
11.0,9.0,-35.3,149.13,558.0,47.0
11.0,15.0,-35.3,149.13,558.0,30.0
11.0,9.0,-35.3,149.13,558.0,77.0
11.0,15.0,-35.3,149.13,558.0,90.0
11.0,9.0,-35.3,149.13,558.0,59.0
11.0,15.0,-35.3,149.13,558.0,52.0
11.0,9.0,-35.3,149.13,558.0,41.0
11.0,15.0,-35.3,149.13,558.0,31.0
11.0,9.0,-35.3,149.13,558.0,69.0
11.0,15.0,-35.3,149.13,558.0,34.0
11.0,9.0,-35.3,149.13,558.0,70.0
11.0,15.0,-35.3,149.13,558.0,37.0
11.0,9.0,-35.3,149.13,558.0,68.0
11.0,15.0,-35.3,149.13,558.0,28.0
11.0,9.0,-35.3,149.13,558.0,67.0
11.0,15.0,-35.3,149.13,558.0,20.0
11.0,9.0,-35.3,149.13,558.0,67.0
11.0,15.0,-35.3,149.13,558.0,28.0
