1.0,9.0,-35.3,149.13,558.0,74.0
1.0,15.0,-35.3,149.13,558.0,34.0
1.0,9.0,-35.3,149.13,558.0,73.0
1.0,15.0,-35.3,149.13,558.0,33.0
1.0,9.0,-35.3,149.13,558.0,53.0
1.0,15.0,-35.3,149.13,558.0,39.0
1.0,9.0,-35.3,149.13,558.0,68.0
1.0,15.0,-35.3,149.13,558.0,46.0
1.0,9.0,-35.3,149.13,558.0,68.0
1.0,15.0,-35.3,149.13,558.0,33.0
1.0,9.0,-35.3,149.13,558.0,69.0
1.0,15.0,-35.3,149.13,558.0,29.0
1.0,9.0,-35.3,149.13,558.0,65.0
1.0,15.0,-35.3,149.13,558.0,27.0
1.0,9.0,-35.3,149.13,558.0,65.0
1.0,15.0,-35.3,149.13,558.0,27.0
1.0,9.0,-35.3,149.13,558.0,52.0
1.0,15.0,-35.3,149.13,558.0,30.0
1.0,9.0,-35.3,149.13,558.0,58.0
1.0,15.0,-35.3,149.13,558.0,35.0
1.0,9.0,-35.3,149.13,558.0,53.0
1.0,15.0,-35.3,149.13,558.0,28.0
1.0,9.0,-35.3,149.13,558.0,65.0
1.0,15.0,-35.3,149.13,558.0,22.0
1.0,9.0,-35.3,149.13,558.0,65.0
1.0,15.0,-35.3,149.13,558.0,21.0
1.0,9.0,-35.3,149.13,558.0,50.0
1.0,15.0,-35.3,149.13,558.0,17.0
1.0,9.0,-35.3,149.13,558.0,62.0
1.0,15.0,-35.3,149.13,558.0,19.0
1.0,9.0,-35.3,149.13,558.0,66.0
1.0,15.0,-35.3,149.13,558.0,21.0
1.0,9.0,-35.3,149.13,558.0,59.0
1.0,15.0,-35.3,149.13,558.0,22.0
1.0,9.0,-35.3,149.13,558.0,47.0
1.0,15.0,-35.3,149.13,558.0,12.0
1.0,9.0,-35.3,149.13,558.0,74.0
1.0,15.0,-35.3,149.13,558.0,57.0
1.0,9.0,-35.3,149.13,558.0,87.0
1.0,15.0,-35.3,149.13,558.0,81.0
1.0,9.0,-35.3,149.13,558.0,50.0
1.0,15.0,-35.3,149.13,558.0,23.0
1.0,9.0,-35.3,149.13,558.0,65.0
1.0,15.0,-35.3,149.13,558.0,25.0
1.0,9.0,-35.3,149.13,558.0,63.0
1.0,15.0,-35.3,149.13,558.0,37.0
1.0,9.0,-35.3,149.13,558.0,81.0
1.0,15.0,-35.3,149.13,558.0,47.0
1.0,9.0,-35.3,149.13,558.0,76.0
1.0,15.0,-35.3,149.13,558.0,48.0
1.0,9.0,-35.3,149.13,558.0,73.0
1.0,15.0,-35.3,149.13,558.0,32.0
1.0,9.0,-35.3,149.13,558.0,71.0
1.0,15.0,-35.3,149.13,558.0,34.0
1.0,9.0,-35.3,149.13,558.0,64.0
1.0,15.0,-35.3,149.13,558.0,25.0
1.0,9.0,-35.3,149.13,558.0,42.0
1.0,15.0,-35.3,149.13,558.0,17.0
1.0,9.0,-35.3,149.13,558.0,66.0
1.0,15.0,-35.3,149.13,558.0,19.0
1.0,9.0,-35.3,149.13,558.0,32.0
1.0,15.0,-35.3,149.13,558.0,28.0
