10.0,9.0,-35.3,149.13,558.0,83.0
10.0,15.0,-35.3,149.13,558.0,75.0
10.0,9.0,-35.3,149.13,558.0,72.0
10.0,15.0,-35.3,149.13,558.0,54.0
10.0,9.0,-35.3,149.13,558.0,73.0
10.0,15.0,-35.3,149.13,558.0,68.0
10.0,9.0,-35.3,149.13,558.0,68.0
10.0,15.0,-35.3,149.13,558.0,77.0
10.0,9.0,-35.3,149.13,558.0,54.0
10.0,15.0,-35.3,149.13,558.0,43.0
10.0,9.0,-35.3,149.13,558.0,65.0
10.0,15.0,-35.3,149.13,558.0,46.0
10.0,9.0,-35.3,149.13,558.0,71.0
10.0,15.0,-35.3,149.13,558.0,46.0
10.0,9.0,-35.3,149.13,558.0,64.0
10.0,15.0,-35.3,149.13,558.0,70.0
10.0,9.0,-35.3,149.13,558.0,81.0
10.0,15.0,-35.3,149.13,558.0,65.0
10.0,9.0,-35.3,149.13,558.0,77.0
10.0,15.0,-35.3,149.13,558.0,81.0
10.0,9.0,-35.3,149.13,558.0,53.0
10.0,15.0,-35.3,149.13,558.0,46.0
10.0,9.0,-35.3,149.13,558.0,70.0
10.0,15.0,-35.3,149.13,558.0,47.0
10.0,9.0,-35.3,149.13,558.0,63.0
10.0,15.0,-35.3,149.13,558.0,44.0
10.0,9.0,-35.3,149.13,558.0,73.0
10.0,15.0,-35.3,149.13,558.0,33.0
10.0,9.0,-35.3,149.13,558.0,74.0
10.0,15.0,-35.3,149.13,558.0,41.0
10.0,9.0,-35.3,149.13,558.0,55.0
10.0,15.0,-35.3,149.13,558.0,45.0
10.0,9.0,-35.3,149.13,558.0,90.0
10.0,15.0,-35.3,149.13,558.0,56.0
10.0,9.0,-35.3,149.13,558.0,60.0
10.0,15.0,-35.3,149.13,558.0,52.0
10.0,9.0,-35.3,149.13,558.0,56.0
10.0,15.0,-35.3,149.13,558.0,43.0
10.0,9.0,-35.3,149.13,558.0,77.0
10.0,15.0,-35.3,149.13,558.0,45.0
10.0,9.0,-35.3,149.13,558.0,77.0
10.0,15.0,-35.3,149.13,558.0,42.0
10.0,9.0,-35.3,149.13,558.0,94.0
10.0,15.0,-35.3,149.13,558.0,65.0
10.0,9.0,-35.3,149.13,558.0,61.0
10.0,15.0,-35.3,149.13,558.0,34.0
10.0,9.0,-35.3,149.13,558.0,60.0
10.0,15.0,-35.3,149.13,558.0,52.0
10.0,9.0,-35.3,149.13,558.0,78.0
10.0,15.0,-35.3,149.13,558.0,46.0
10.0,9.0,-35.3,149.13,558.0,63.0
10.0,15.0,-35.3,149.13,558.0,33.0
10.0,9.0,-35.3,149.13,558.0,65.0
10.0,15.0,-35.3,149.13,558.0,36.0
10.0,9.0,-35.3,149.13,558.0,74.0
10.0,15.0,-35.3,149.13,558.0,67.0
10.0,9.0,-35.3,149.13,558.0,82.0
10.0,15.0,-35.3,149.13,558.0,59.0
10.0,9.0,-35.3,149.13,558.0,81.0
10.0,15.0,-35.3,149.13,558.0,67.0
10.0,9.0,-35.3,149.13,558.0,37.0
10.0,15.0,-35.3,149.13,558.0,30.0
