8.0,9.0,-35.3,149.13,558.0,88.0
8.0,15.0,-35.3,149.13,558.0,90.0
8.0,9.0,-35.3,149.13,558.0,94.0
8.0,15.0,-35.3,149.13,558.0,58.0
8.0,9.0,-35.3,149.13,558.0,68.0
8.0,15.0,-35.3,149.13,558.0,47.0
8.0,9.0,-35.3,149.13,558.0,64.0
8.0,15.0,-35.3,149.13,558.0,55.0
8.0,9.0,-35.3,149.13,558.0,75.0
8.0,15.0,-35.3,149.13,558.0,42.0
8.0,9.0,-35.3,149.13,558.0,91.0
8.0,15.0,-35.3,149.13,558.0,51.0
8.0,9.0,-35.3,149.13,558.0,83.0
8.0,15.0,-35.3,149.13,558.0,62.0
8.0,9.0,-35.3,149.13,558.0,95.0
8.0,15.0,-35.3,149.13,558.0,46.0
8.0,9.0,-35.3,149.13,558.0,88.0
8.0,15.0,-35.3,149.13,558.0,60.0
8.0,9.0,-35.3,149.13,558.0,88.0
8.0,15.0,-35.3,149.13,558.0,45.0
8.0,9.0,-35.3,149.13,558.0,58.0
8.0,15.0,-35.3,149.13,558.0,48.0
8.0,9.0,-35.3,149.13,558.0,86.0
8.0,15.0,-35.3,149.13,558.0,61.0
8.0,9.0,-35.3,149.13,558.0,66.0
8.0,15.0,-35.3,149.13,558.0,43.0
8.0,9.0,-35.3,149.13,558.0,75.0
8.0,15.0,-35.3,149.13,558.0,41.0
8.0,9.0,-35.3,149.13,558.0,90.0
8.0,15.0,-35.3,149.13,558.0,43.0
8.0,9.0,-35.3,149.13,558.0,85.0
8.0,15.0,-35.3,149.13,558.0,34.0
8.0,9.0,-35.3,149.13,558.0,82.0
8.0,15.0,-35.3,149.13,558.0,60.0
8.0,9.0,-35.3,149.13,558.0,92.0
8.0,15.0,-35.3,149.13,558.0,49.0
8.0,9.0,-35.3,149.13,558.0,79.0
8.0,15.0,-35.3,149.13,558.0,44.0
8.0,9.0,-35.3,149.13,558.0,66.0
8.0,15.0,-35.3,149.13,558.0,66.0
8.0,9.0,-35.3,149.13,558.0,84.0
8.0,15.0,-35.3,149.13,558.0,60.0
8.0,9.0,-35.3,149.13,558.0,90.0
8.0,15.0,-35.3,149.13,558.0,52.0
8.0,9.0,-35.3,149.13,558.0,77.0
8.0,15.0,-35.3,149.13,558.0,50.0
8.0,9.0,-35.3,149.13,558.0,79.0
8.0,15.0,-35.3,149.13,558.0,70.0
8.0,9.0,-35.3,149.13,558.0,97.0
8.0,15.0,-35.3,149.13,558.0,42.0
8.0,9.0,-35.3,149.13,558.0,70.0
8.0,15.0,-35.3,149.13,558.0,38.0
8.0,9.0,-35.3,149.13,558.0,99.0
8.0,15.0,-35.3,149.13,558.0,53.0
8.0,9.0,-35.3,149.13,558.0,74.0
8.0,15.0,-35.3,149.13,558.0,53.0
8.0,9.0,-35.3,149.13,558.0,75.0
8.0,15.0,-35.3,149.13,558.0,43.0
8.0,9.0,-35.3,149.13,558.0,85.0
8.0,15.0,-35.3,149.13,558.0,46.0
8.0,9.0,-35.3,149.13,558.0,99.0
8.0,15.0,-35.3,149.13,558.0,79.0
