9.0,9.0,-35.3,149.13,558.0,72.0
9.0,15.0,-35.3,149.13,558.0,50.0
9.0,9.0,-35.3,149.13,558.0,77.0
9.0,15.0,-35.3,149.13,558.0,99.0
9.0,9.0,-35.3,149.13,558.0,99.0
9.0,15.0,-35.3,149.13,558.0,84.0
9.0,9.0,-35.3,149.13,558.0,69.0
9.0,15.0,-35.3,149.13,558.0,65.0
9.0,9.0,-35.3,149.13,558.0,96.0
9.0,15.0,-35.3,149.13,558.0,55.0
9.0,9.0,-35.3,149.13,558.0,75.0
9.0,15.0,-35.3,149.13,558.0,40.0
9.0,9.0,-35.3,149.13,558.0,77.0
9.0,15.0,-35.3,149.13,558.0,50.0
9.0,9.0,-35.3,149.13,558.0,85.0
9.0,15.0,-35.3,149.13,558.0,61.0
9.0,9.0,-35.3,149.13,558.0,70.0
9.0,15.0,-35.3,149.13,558.0,79.0
9.0,9.0,-35.3,149.13,558.0,88.0
9.0,15.0,-35.3,149.13,558.0,73.0
9.0,9.0,-35.3,149.13,558.0,83.0
9.0,15.0,-35.3,149.13,558.0,62.0
9.0,9.0,-35.3,149.13,558.0,69.0
9.0,15.0,-35.3,149.13,558.0,44.0
9.0,9.0,-35.3,149.13,558.0,81.0
9.0,15.0,-35.3,149.13,558.0,59.0
9.0,9.0,-35.3,149.13,558.0,79.0
9.0,15.0,-35.3,149.13,558.0,78.0
9.0,9.0,-35.3,149.13,558.0,92.0
9.0,15.0,-35.3,149.13,558.0,85.0
9.0,9.0,-35.3,149.13,558.0,80.0
9.0,15.0,-35.3,149.13,558.0,47.0
9.0,9.0,-35.3,149.13,558.0,72.0
9.0,15.0,-35.3,149.13,558.0,50.0
9.0,9.0,-35.3,149.13,558.0,84.0
9.0,15.0,-35.3,149.13,558.0,91.0
9.0,9.0,-35.3,149.13,558.0,92.0
9.0,15.0,-35.3,149.13,558.0,68.0
9.0,9.0,-35.3,149.13,558.0,66.0
9.0,15.0,-35.3,149.13,558.0,55.0
9.0,9.0,-35.3,149.13,558.0,95.0
9.0,15.0,-35.3,149.13,558.0,98.0
9.0,9.0,-35.3,149.13,558.0,88.0
9.0,15.0,-35.3,149.13,558.0,62.0
9.0,9.0,-35.3,149.13,558.0,65.0
9.0,15.0,-35.3,149.13,558.0,51.0
9.0,9.0,-35.3,149.13,558.0,75.0
9.0,15.0,-35.3,149.13,558.0,56.0
9.0,9.0,-35.3,149.13,558.0,67.0
9.0,15.0,-35.3,149.13,558.0,53.0
9.0,9.0,-35.3,149.13,558.0,60.0
9.0,15.0,-35.3,149.13,558.0,46.0
9.0,9.0,-35.3,149.13,558.0,60.0
9.0,15.0,-35.3,149.13,558.0,47.0
9.0,9.0,-35.3,149.13,558.0,68.0
9.0,15.0,-35.3,149.13,558.0,43.0
9.0,9.0,-35.3,149.13,558.0,91.0
9.0,15.0,-35.3,149.13,558.0,48.0
9.0,9.0,-35.3,149.13,558.0,91.0
9.0,15.0,-35.3,149.13,558.0,72.0
