12.0,9.0,-35.3,149.13,558.0,41.0
12.0,15.0,-35.3,149.13,558.0,17.0
12.0,9.0,-35.3,149.13,558.0,48.0
12.0,15.0,-35.3,149.13,558.0,22.0
12.0,9.0,-35.3,149.13,558.0,71.0
12.0,15.0,-35.3,149.13,558.0,22.0
12.0,9.0,-35.3,149.13,558.0,67.0
12.0,15.0,-35.3,149.13,558.0,24.0
12.0,9.0,-35.3,149.13,558.0,56.0
12.0,15.0,-35.3,149.13,558.0,36.0
12.0,9.0,-35.3,149.13,558.0,93.0
12.0,15.0,-35.3,149.13,558.0,71.0
12.0,9.0,-35.3,149.13,558.0,63.0
12.0,15.0,-35.3,149.13,558.0,28.0
12.0,9.0,-35.3,149.13,558.0,63.0
12.0,15.0,-35.3,149.13,558.0,26.0
12.0,9.0,-35.3,149.13,558.0,50.0
12.0,15.0,-35.3,149.13,558.0,36.0
12.0,9.0,-35.3,149.13,558.0,66.0
12.0,15.0,-35.3,149.13,558.0,26.0
12.0,9.0,-35.3,149.13,558.0,66.0
12.0,15.0,-35.3,149.13,558.0,25.0
12.0,9.0,-35.3,149.13,558.0,66.0
12.0,15.0,-35.3,149.13,558.0,29.0
12.0,9.0,-35.3,149.13,558.0,50.0
12.0,15.0,-35.3,149.13,558.0,15.0
12.0,9.0,-35.3,149.13,558.0,30.0
12.0,15.0,-35.3,149.13,558.0,59.0
12.0,9.0,-35.3,149.13,558.0,92.0
12.0,15.0,-35.3,149.13,558.0,79.0
12.0,9.0,-35.3,149.13,558.0,94.0
12.0,15.0,-35.3,149.13,558.0,85.0
12.0,9.0,-35.3,149.13,558.0,81.0
12.0,15.0,-35.3,149.13,558.0,34.0
12.0,9.0,-35.3,149.13,558.0,58.0
12.0,15.0,-35.3,149.13,558.0,38.0
12.0,9.0,-35.3,149.13,558.0,66.0
12.0,15.0,-35.3,149.13,558.0,34.0
12.0,9.0,-35.3,149.13,558.0,49.0
12.0,15.0,-35.3,149.13,558.0,27.0
12.0,9.0,-35.3,149.13,558.0,36.0
12.0,15.0,-35.3,149.13,558.0,26.0
12.0,9.0,-35.3,149.13,558.0,70.0
12.0,15.0,-35.3,149.13,558.0,41.0
12.0,9.0,-35.3,149.13,558.0,63.0
12.0,15.0,-35.3,149.13,558.0,30.0
12.0,9.0,-35.3,149.13,558.0,59.0
12.0,15.0,-35.3,149.13,558.0,35.0
12.0,9.0,-35.3,149.13,558.0,65.0
12.0,15.0,-35.3,149.13,558.0,31.0
12.0,9.0,-35.3,149.13,558.0,69.0
12.0,15.0,-35.3,149.13,558.0,38.0
12.0,9.0,-35.3,149.13,558.0,54.0
12.0,15.0,-35.3,149.13,558.0,41.0
12.0,9.0,-35.3,149.13,558.0,69.0
12.0,15.0,-35.3,149.13,558.0,32.0
12.0,9.0,-35.3,149.13,558.0,40.0
12.0,15.0,-35.3,149.13,558.0,36.0
12.0,9.0,-35.3,149.13,558.0,83.0
12.0,15.0,-35.3,149.13,558.0,53.0
12.0,9.0,-35.3,149.13,558.0,54.0
12.0,15.0,-35.3,149.13,558.0,30.0
