4.0,9.0,-35.3,149.13,558.0,99.0
4.0,15.0,-35.3,149.13,558.0,32.0
4.0,9.0,-35.3,149.13,558.0,61.0
4.0,15.0,-35.3,149.13,558.0,41.0
4.0,9.0,-35.3,149.13,558.0,70.0
4.0,15.0,-35.3,149.13,558.0,49.0
4.0,9.0,-35.3,149.13,558.0,64.0
4.0,15.0,-35.3,149.13,558.0,56.0
4.0,9.0,-35.3,149.13,558.0,78.0
4.0,15.0,-35.3,149.13,558.0,51.0
4.0,9.0,-35.3,149.13,558.0,73.0
4.0,15.0,-35.3,149.13,558.0,34.0
4.0,9.0,-35.3,149.13,558.0,73.0
4.0,15.0,-35.3,149.13,558.0,35.0
4.0,9.0,-35.3,149.13,558.0,71.0
4.0,15.0,-35.3,149.13,558.0,40.0
4.0,9.0,-35.3,149.13,558.0,85.0
4.0,15.0,-35.3,149.13,558.0,90.0
4.0,9.0,-35.3,149.13,558.0,77.0
4.0,15.0,-35.3,149.13,558.0,57.0
4.0,9.0,-35.3,149.13,558.0,59.0
4.0,15.0,-35.3,149.13,558.0,49.0
4.0,9.0,-35.3,149.13,558.0,69.0
4.0,15.0,-35.3,149.13,558.0,58.0
4.0,9.0,-35.3,149.13,558.0,79.0
4.0,15.0,-35.3,149.13,558.0,57.0
4.0,9.0,-35.3,149.13,558.0,80.0
4.0,15.0,-35.3,149.13,558.0,38.0
4.0,9.0,-35.3,149.13,558.0,82.0
4.0,15.0,-35.3,149.13,558.0,43.0
4.0,9.0,-35.3,149.13,558.0,77.0
4.0,15.0,-35.3,149.13,558.0,41.0
4.0,9.0,-35.3,149.13,558.0,79.0
4.0,15.0,-35.3,149.13,558.0,42.0
4.0,9.0,-35.3,149.13,558.0,83.0
4.0,15.0,-35.3,149.13,558.0,28.0
4.0,9.0,-35.3,149.13,558.0,81.0
4.0,15.0,-35.3,149.13,558.0,50.0
4.0,9.0,-35.3,149.13,558.0,97.0
4.0,15.0,-35.3,149.13,558.0,44.0
4.0,9.0,-35.3,149.13,558.0,82.0
4.0,15.0,-35.3,149.13,558.0,57.0
4.0,9.0,-35.3,149.13,558.0,87.0
4.0,15.0,-35.3,149.13,558.0,49.0
4.0,9.0,-35.3,149.13,558.0,79.0
4.0,15.0,-35.3,149.13,558.0,36.0
4.0,9.0,-35.3,149.13,558.0,99.0
4.0,15.0,-35.3,149.13,558.0,48.0
4.0,9.0,-35.3,149.13,558.0,90.0
4.0,15.0,-35.3,149.13,558.0,87.0
4.0,9.0,-35.3,149.13,558.0,84.0
4.0,15.0,-35.3,149.13,558.0,74.0
4.0,9.0,-35.3,149.13,558.0,62.0
4.0,15.0,-35.3,149.13,558.0,49.0
4.0,9.0,-35.3,149.13,558.0,68.0
4.0,15.0,-35.3,149.13,558.0,43.0
4.0,9.0,-35.3,149.13,558.0,99.0
4.0,15.0,-35.3,149.13,558.0,52.0
4.0,9.0,-35.3,149.13,558.0,87.0
4.0,15.0,-35.3,149.13,558.0,47.0
