5.0,9.0,-35.3,149.13,558.0,90.0
5.0,15.0,-35.3,149.13,558.0,52.0
5.0,9.0,-35.3,149.13,558.0,80.0
5.0,15.0,-35.3,149.13,558.0,65.0
5.0,9.0,-35.3,149.13,558.0,62.0
5.0,15.0,-35.3,149.13,558.0,43.0
5.0,9.0,-35.3,149.13,558.0,73.0
5.0,15.0,-35.3,149.13,558.0,46.0
5.0,9.0,-35.3,149.13,558.0,92.0
5.0,15.0,-35.3,149.13,558.0,51.0
5.0,9.0,-35.3,149.13,558.0,98.0
5.0,15.0,-35.3,149.13,558.0,70.0
5.0,9.0,-35.3,149.13,558.0,45.0
5.0,15.0,-35.3,149.13,558.0,46.0
5.0,9.0,-35.3,149.13,558.0,64.0
5.0,15.0,-35.3,149.13,558.0,45.0
5.0,9.0,-35.3,149.13,558.0,68.0
5.0,15.0,-35.3,149.13,558.0,33.0
5.0,9.0,-35.3,149.13,558.0,81.0
5.0,15.0,-35.3,149.13,558.0,39.0
5.0,9.0,-35.3,149.13,558.0,76.0
5.0,15.0,-35.3,149.13,558.0,37.0
5.0,9.0,-35.3,149.13,558.0,91.0
5.0,15.0,-35.3,149.13,558.0,52.0
5.0,9.0,-35.3,149.13,558.0,85.0
5.0,15.0,-35.3,149.13,558.0,38.0
5.0,9.0,-35.3,149.13,558.0,81.0
5.0,15.0,-35.3,149.13,558.0,82.0
5.0,9.0,-35.3,149.13,558.0,99.0
5.0,15.0,-35.3,149.13,558.0,45.0
5.0,9.0,-35.3,149.13,558.0,77.0
5.0,15.0,-35.3,149.13,558.0,48.0
5.0,9.0,-35.3,149.13,558.0,96.0
5.0,15.0,-35.3,149.13,558.0,49.0
5.0,9.0,-35.3,149.13,558.0,79.0
5.0,15.0,-35.3,149.13,558.0,51.0
5.0,9.0,-35.3,149.13,558.0,78.0
5.0,15.0,-35.3,149.13,558.0,87.0
5.0,9.0,-35.3,149.13,558.0,93.0
5.0,15.0,-35.3,149.13,558.0,63.0
5.0,9.0,-35.3,149.13,558.0,99.0
5.0,15.0,-35.3,149.13,558.0,48.0
5.0,9.0,-35.3,149.13,558.0,87.0
5.0,15.0,-35.3,149.13,558.0,44.0
5.0,9.0,-35.3,149.13,558.0,99.0
5.0,15.0,-35.3,149.13,558.0,63.0
5.0,9.0,-35.3,149.13,558.0,84.0
5.0,15.0,-35.3,149.13,558.0,55.0
5.0,9.0,-35.3,149.13,558.0,99.0
5.0,15.0,-35.3,149.13,558.0,77.0
5.0,9.0,-35.3,149.13,558.0,99.0
5.0,15.0,-35.3,149.13,558.0,47.0
5.0,9.0,-35.3,149.13,558.0,98.0
5.0,15.0,-35.3,149.13,558.0,59.0
5.0,9.0,-35.3,149.13,558.0,80.0
5.0,15.0,-35.3,149.13,558.0,65.0
5.0,9.0,-35.3,149.13,558.0,64.0
5.0,15.0,-35.3,149.13,558.0,50.0
5.0,9.0,-35.3,149.13,558.0,87.0
5.0,15.0,-35.3,149.13,558.0,63.0
5.0,9.0,-35.3,149.13,558.0,59.0
5.0,15.0,-35.3,149.13,558.0,44.0
