3.0,9.0,-35.3,149.13,558.0,70.0
3.0,15.0,-35.3,149.13,558.0,33.0
3.0,9.0,-35.3,149.13,558.0,62.0
3.0,15.0,-35.3,149.13,558.0,72.0
3.0,9.0,-35.3,149.13,558.0,79.0
3.0,15.0,-35.3,149.13,558.0,66.0
3.0,9.0,-35.3,149.13,558.0,97.0
3.0,15.0,-35.3,149.13,558.0,50.0
3.0,9.0,-35.3,149.13,558.0,72.0
3.0,15.0,-35.3,149.13,558.0,34.0
3.0,9.0,-35.3,149.13,558.0,57.0
3.0,15.0,-35.3,149.13,558.0,32.0
3.0,9.0,-35.3,149.13,558.0,51.0
3.0,15.0,-35.3,149.13,558.0,39.0
3.0,9.0,-35.3,149.13,558.0,66.0
3.0,15.0,-35.3,149.13,558.0,55.0
3.0,9.0,-35.3,149.13,558.0,78.0
3.0,15.0,-35.3,149.13,558.0,38.0
3.0,9.0,-35.3,149.13,558.0,78.0
3.0,15.0,-35.3,149.13,558.0,13.0
3.0,9.0,-35.3,149.13,558.0,94.0
3.0,15.0,-35.3,149.13,558.0,28.0
3.0,9.0,-35.3,149.13,558.0,81.0
3.0,15.0,-35.3,149.13,558.0,16.0
3.0,9.0,-35.3,149.13,558.0,76.0
3.0,15.0,-35.3,149.13,558.0,51.0
3.0,9.0,-35.3,149.13,558.0,62.0
3.0,15.0,-35.3,149.13,558.0,87.0
3.0,9.0,-35.3,149.13,558.0,80.0
3.0,15.0,-35.3,149.13,558.0,55.0
3.0,9.0,-35.3,149.13,558.0,88.0
3.0,15.0,-35.3,149.13,558.0,54.0
3.0,9.0,-35.3,149.13,558.0,75.0
3.0,15.0,-35.3,149.13,558.0,52.0
3.0,9.0,-35.3,149.13,558.0,70.0
3.0,15.0,-35.3,149.13,558.0,61.0
3.0,9.0,-35.3,149.13,558.0,77.0
3.0,15.0,-35.3,149.13,558.0,63.0
3.0,9.0,-35.3,149.13,558.0,88.0
3.0,15.0,-35.3,149.13,558.0,45.0
3.0,9.0,-35.3,149.13,558.0,93.0
3.0,15.0,-35.3,149.13,558.0,89.0
3.0,9.0,-35.3,149.13,558.0,95.0
3.0,15.0,-35.3,149.13,558.0,95.0
3.0,9.0,-35.3,149.13,558.0,87.0
3.0,15.0,-35.3,149.13,558.0,80.0
3.0,9.0,-35.3,149.13,558.0,77.0
3.0,15.0,-35.3,149.13,558.0,58.0
3.0,9.0,-35.3,149.13,558.0,88.0
3.0,15.0,-35.3,149.13,558.0,79.0
3.0,9.0,-35.3,149.13,558.0,86.0
3.0,15.0,-35.3,149.13,558.0,36.0
3.0,9.0,-35.3,149.13,558.0,99.0
3.0,15.0,-35.3,149.13,558.0,46.0
3.0,9.0,-35.3,149.13,558.0,85.0
3.0,15.0,-35.3,149.13,558.0,41.0
3.0,9.0,-35.3,149.13,558.0,99.0
3.0,15.0,-35.3,149.13,558.0,23.0
3.0,9.0,-35.3,149.13,558.0,84.0
3.0,15.0,-35.3,149.13,558.0,58.0
3.0,9.0,-35.3,149.13,558.0,63.0
3.0,15.0,-35.3,149.13,558.0,40.0
