10.0,3.0,-34.43,150.89,11.0,11.3
10.0,12.0,-34.43,150.89,11.0,21.4
10.0,9.0,-34.43,150.89,11.0,18.3
10.0,15.0,-34.43,150.89,11.0,20.7
10.0,3.0,-34.43,150.89,11.0,11.0
10.0,12.0,-34.43,150.89,11.0,23.7
10.0,9.0,-34.43,150.89,11.0,17.6
10.0,15.0,-34.43,150.89,11.0,20.4
10.0,3.0,-34.43,150.89,11.0,17.4
10.0,12.0,-34.43,150.89,11.0,24.4
10.0,9.0,-34.43,150.89,11.0,20.8
10.0,15.0,-34.43,150.89,11.0,22.8
10.0,3.0,-34.43,150.89,11.0,13.3
10.0,12.0,-34.43,150.89,11.0,22.6
10.0,9.0,-34.43,150.89,11.0,16.4
10.0,15.0,-34.43,150.89,11.0,22.0
10.0,3.0,-34.43,150.89,11.0,10.9
10.0,12.0,-34.43,150.89,11.0,21.3
10.0,9.0,-34.43,150.89,11.0,13.9
10.0,15.0,-34.43,150.89,11.0,21.1
10.0,3.0,-34.43,150.89,11.0,13.9
10.0,12.0,-34.43,150.89,11.0,26.7
10.0,9.0,-34.43,150.89,11.0,19.9
10.0,15.0,-34.43,150.89,11.0,22.6
10.0,3.0,-34.43,150.89,11.0,19.7
10.0,12.0,-34.43,150.89,11.0,29.4
10.0,9.0,-34.43,150.89,11.0,23.2
10.0,15.0,-34.43,150.89,11.0,29.2
10.0,3.0,-34.43,150.89,11.0,17.5
10.0,12.0,-34.43,150.89,11.0,18.3
10.0,9.0,-34.43,150.89,11.0,18.1
10.0,15.0,-34.43,150.89,11.0,15.2
10.0,3.0,-34.43,150.89,11.0,11.7
10.0,12.0,-34.43,150.89,11.0,19.8
10.0,9.0,-34.43,150.89,11.0,16.5
10.0,15.0,-34.43,150.89,11.0,18.4
10.0,3.0,-34.43,150.89,11.0,16.5
10.0,12.0,-34.43,150.89,11.0,28.1
10.0,9.0,-34.43,150.89,11.0,19.6
10.0,15.0,-34.43,150.89,11.0,27.9
10.0,3.0,-34.43,150.89,11.0,11.8
10.0,12.0,-34.43,150.89,11.0,19.7
10.0,9.0,-34.43,150.89,11.0,14.7
10.0,15.0,-34.43,150.89,11.0,19.0
10.0,3.0,-34.43,150.89,11.0,9.6
10.0,12.0,-34.43,150.89,11.0,18.9
10.0,9.0,-34.43,150.89,11.0,15.6
10.0,15.0,-34.43,150.89,11.0,17.6
10.0,3.0,-34.43,150.89,11.0,10.2
10.0,12.0,-34.43,150.89,11.0,15.8
10.0,9.0,-34.43,150.89,11.0,13.3
10.0,15.0,-34.43,150.89,11.0,15.3
10.0,3.0,-34.43,150.89,11.0,10.6
10.0,12.0,-34.43,150.89,11.0,19.8
10.0,9.0,-34.43,150.89,11.0,14.9
10.0,15.0,-34.43,150.89,11.0,18.0
10.0,3.0,-34.43,150.89,11.0,11.7
10.0,12.0,-34.43,150.89,11.0,23.5
10.0,9.0,-34.43,150.89,11.0,19.6
10.0,15.0,-34.43,150.89,11.0,20.5
10.0,3.0,-34.43,150.89,11.0,14.8
10.0,12.0,-34.43,150.89,11.0,25.7
10.0,9.0,-34.43,150.89,11.0,19.6
10.0,15.0,-34.43,150.89,11.0,21.5
10.0,3.0,-34.43,150.89,11.0,18.1
10.0,12.0,-34.43,150.89,11.0,20.6
10.0,9.0,-34.43,150.89,11.0,18.5
10.0,15.0,-34.43,150.89,11.0,15.8
10.0,3.0,-34.43,150.89,11.0,10.5
10.0,12.0,-34.43,150.89,11.0,25.2
10.0,9.0,-34.43,150.89,11.0,17.6
10.0,15.0,-34.43,150.89,11.0,24.8
10.0,3.0,-34.43,150.89,11.0,13.9
10.0,12.0,-34.43,150.89,11.0,22.0
10.0,9.0,-34.43,150.89,11.0,16.9
10.0,15.0,-34.43,150.89,11.0,17.8
10.0,3.0,-34.43,150.89,11.0,12.8
10.0,12.0,-34.43,150.89,11.0,20.3
10.0,9.0,-34.43,150.89,11.0,16.5
10.0,15.0,-34.43,150.89,11.0,19.3
10.0,3.0,-34.43,150.89,11.0,15.7
10.0,12.0,-34.43,150.89,11.0,21.3
10.0,9.0,-34.43,150.89,11.0,18.5
10.0,15.0,-34.43,150.89,11.0,19.0
10.0,3.0,-34.43,150.89,11.0,14.5
10.0,12.0,-34.43,150.89,11.0,17.7
10.0,9.0,-34.43,150.89,11.0,14.6
10.0,15.0,-34.43,150.89,11.0,14.0
10.0,3.0,-34.43,150.89,11.0,10.4
10.0,12.0,-34.43,150.89,11.0,16.3
10.0,9.0,-34.43,150.89,11.0,14.4
10.0,15.0,-34.43,150.89,11.0,15.0
10.0,3.0,-34.43,150.89,11.0,8.7
10.0,12.0,-34.43,150.89,11.0,18.4
10.0,9.0,-34.43,150.89,11.0,14.3
10.0,15.0,-34.43,150.89,11.0,17.1
10.0,3.0,-34.43,150.89,11.0,11.5
10.0,12.0,-34.43,150.89,11.0,23.0
10.0,9.0,-34.43,150.89,11.0,18.4
10.0,15.0,-34.43,150.89,11.0,20.6
10.0,3.0,-34.43,150.89,11.0,16.1
10.0,12.0,-34.43,150.89,11.0,24.8
10.0,9.0,-34.43,150.89,11.0,21.3
10.0,15.0,-34.43,150.89,11.0,23.3
10.0,3.0,-34.43,150.89,11.0,17.1
10.0,12.0,-34.43,150.89,11.0,19.8
10.0,9.0,-34.43,150.89,11.0,18.6
10.0,15.0,-34.43,150.89,11.0,17.0
10.0,3.0,-34.43,150.89,11.0,13.3
10.0,12.0,-34.43,150.89,11.0,18.4
10.0,9.0,-34.43,150.89,11.0,13.8
10.0,15.0,-34.43,150.89,11.0,16.3
10.0,3.0,-34.43,150.89,11.0,13.8
10.0,12.0,-34.43,150.89,11.0,21.8
10.0,9.0,-34.43,150.89,11.0,17.9
10.0,15.0,-34.43,150.89,11.0,21.7
10.0,3.0,-34.43,150.89,11.0,17.9
10.0,12.0,-34.43,150.89,11.0,26.2
10.0,9.0,-34.43,150.89,11.0,20.0
10.0,15.0,-34.43,150.89,11.0,25.1
10.0,3.0,-34.43,150.89,11.0,14.1
10.0,12.0,-34.43,150.89,11.0,22.3
10.0,9.0,-34.43,150.89,11.0,16.4
10.0,15.0,-34.43,150.89,11.0,21.6
