5.0,3.0,-34.43,150.89,11.0,14.8
5.0,12.0,-34.43,150.89,11.0,23.2
5.0,9.0,-34.43,150.89,11.0,19.2
5.0,15.0,-34.43,150.89,11.0,21.6
5.0,3.0,-34.43,150.89,11.0,15.6
5.0,12.0,-34.43,150.89,11.0,21.9
5.0,9.0,-34.43,150.89,11.0,17.6
5.0,15.0,-34.43,150.89,11.0,21.4
5.0,3.0,-34.43,150.89,11.0,13.6
5.0,12.0,-34.43,150.89,11.0,17.6
5.0,9.0,-34.43,150.89,11.0,15.1
5.0,15.0,-34.43,150.89,11.0,17.0
5.0,3.0,-34.43,150.89,11.0,12.0
5.0,12.0,-34.43,150.89,11.0,19.0
5.0,9.0,-34.43,150.89,11.0,15.5
5.0,15.0,-34.43,150.89,11.0,18.1
5.0,3.0,-34.43,150.89,11.0,13.6
5.0,12.0,-34.43,150.89,11.0,20.9
5.0,9.0,-34.43,150.89,11.0,18.8
5.0,15.0,-34.43,150.89,11.0,19.7
5.0,3.0,-34.43,150.89,11.0,14.6
5.0,12.0,-34.43,150.89,11.0,24.1
5.0,9.0,-34.43,150.89,11.0,18.0
5.0,15.0,-34.43,150.89,11.0,23.1
5.0,3.0,-34.43,150.89,11.0,14.4
5.0,12.0,-34.43,150.89,11.0,19.8
5.0,9.0,-34.43,150.89,11.0,16.2
5.0,15.0,-34.43,150.89,11.0,18.5
5.0,3.0,-34.43,150.89,11.0,8.4
5.0,12.0,-34.43,150.89,11.0,17.4
5.0,9.0,-34.43,150.89,11.0,15.0
5.0,15.0,-34.43,150.89,11.0,16.6
5.0,3.0,-34.43,150.89,11.0,12.8
5.0,12.0,-34.43,150.89,11.0,18.0
5.0,9.0,-34.43,150.89,11.0,16.1
5.0,15.0,-34.43,150.89,11.0,17.7
5.0,3.0,-34.43,150.89,11.0,12.2
5.0,12.0,-34.43,150.89,11.0,19.3
5.0,9.0,-34.43,150.89,11.0,17.1
5.0,15.0,-34.43,150.89,11.0,18.2
5.0,3.0,-34.43,150.89,11.0,12.3
5.0,12.0,-34.43,150.89,11.0,19.1
5.0,9.0,-34.43,150.89,11.0,17.1
5.0,15.0,-34.43,150.89,11.0,18.3
5.0,3.0,-34.43,150.89,11.0,13.6
5.0,12.0,-34.43,150.89,11.0,19.7
5.0,9.0,-34.43,150.89,11.0,17.1
5.0,15.0,-34.43,150.89,11.0,18.4
5.0,3.0,-34.43,150.89,11.0,14.2
5.0,12.0,-34.43,150.89,11.0,21.0
5.0,9.0,-34.43,150.89,11.0,18.2
5.0,15.0,-34.43,150.89,11.0,19.0
5.0,3.0,-34.43,150.89,11.0,14.4
5.0,12.0,-34.43,150.89,11.0,19.3
5.0,9.0,-34.43,150.89,11.0,16.8
5.0,15.0,-34.43,150.89,11.0,18.6
5.0,3.0,-34.43,150.89,11.0,14.0
5.0,12.0,-34.43,150.89,11.0,19.4
5.0,9.0,-34.43,150.89,11.0,15.7
5.0,15.0,-34.43,150.89,11.0,18.7
5.0,3.0,-34.43,150.89,11.0,13.1
5.0,12.0,-34.43,150.89,11.0,18.9
5.0,9.0,-34.43,150.89,11.0,16.2
5.0,15.0,-34.43,150.89,11.0,18.0
5.0,3.0,-34.43,150.89,11.0,10.5
5.0,12.0,-34.43,150.89,11.0,19.8
5.0,9.0,-34.43,150.89,11.0,17.2
5.0,15.0,-34.43,150.89,11.0,18.8
5.0,3.0,-34.43,150.89,11.0,13.3
5.0,12.0,-34.43,150.89,11.0,20.8
5.0,9.0,-34.43,150.89,11.0,17.4
5.0,15.0,-34.43,150.89,11.0,20.2
5.0,3.0,-34.43,150.89,11.0,17.3
5.0,12.0,-34.43,150.89,11.0,20.1
5.0,9.0,-34.43,150.89,11.0,19.0
5.0,15.0,-34.43,150.89,11.0,19.0
5.0,3.0,-34.43,150.89,11.0,16.9
5.0,12.0,-34.43,150.89,11.0,20.7
5.0,9.0,-34.43,150.89,11.0,17.9
5.0,15.0,-34.43,150.89,11.0,19.6
5.0,3.0,-34.43,150.89,11.0,14.5
5.0,12.0,-34.43,150.89,11.0,20.1
5.0,9.0,-34.43,150.89,11.0,17.8
5.0,15.0,-34.43,150.89,11.0,19.1
5.0,3.0,-34.43,150.89,11.0,13.1
5.0,12.0,-34.43,150.89,11.0,19.8
5.0,9.0,-34.43,150.89,11.0,17.6
5.0,15.0,-34.43,150.89,11.0,18.6
5.0,3.0,-34.43,150.89,11.0,15.6
5.0,12.0,-34.43,150.89,11.0,22.9
5.0,9.0,-34.43,150.89,11.0,18.8
5.0,15.0,-34.43,150.89,11.0,20.4
5.0,3.0,-34.43,150.89,11.0,14.9
5.0,12.0,-34.43,150.89,11.0,21.5
5.0,9.0,-34.43,150.89,11.0,16.4
5.0,15.0,-34.43,150.89,11.0,20.4
5.0,3.0,-34.43,150.89,11.0,11.4
5.0,12.0,-34.43,150.89,11.0,18.8
5.0,9.0,-34.43,150.89,11.0,16.7
5.0,15.0,-34.43,150.89,11.0,18.4
5.0,3.0,-34.43,150.89,11.0,11.1
5.0,12.0,-34.43,150.89,11.0,18.9
5.0,9.0,-34.43,150.89,11.0,14.3
5.0,15.0,-34.43,150.89,11.0,18.2
5.0,3.0,-34.43,150.89,11.0,12.7
5.0,12.0,-34.43,150.89,11.0,19.7
5.0,9.0,-34.43,150.89,11.0,16.9
5.0,15.0,-34.43,150.89,11.0,19.0
5.0,3.0,-34.43,150.89,11.0,12.7
5.0,12.0,-34.43,150.89,11.0,22.1
5.0,9.0,-34.43,150.89,11.0,17.6
5.0,15.0,-34.43,150.89,11.0,21.4
5.0,3.0,-34.43,150.89,11.0,11.6
5.0,12.0,-34.43,150.89,11.0,16.9
5.0,9.0,-34.43,150.89,11.0,12.3
5.0,15.0,-34.43,150.89,11.0,16.4
5.0,3.0,-34.43,150.89,11.0,8.4
5.0,12.0,-34.43,150.89,11.0,17.9
5.0,9.0,-34.43,150.89,11.0,11.8
5.0,15.0,-34.43,150.89,11.0,17.3
5.0,3.0,-34.43,150.89,11.0,10.0
5.0,12.0,-34.43,150.89,11.0,14.9
5.0,9.0,-34.43,150.89,11.0,11.5
5.0,15.0,-34.43,150.89,11.0,14.3
