9.0,3.0,-34.43,150.89,11.0,11.9
9.0,12.0,-34.43,150.89,11.0,21.2
9.0,9.0,-34.43,150.89,11.0,17.7
9.0,15.0,-34.43,150.89,11.0,19.2
9.0,3.0,-34.43,150.89,11.0,14.2
9.0,12.0,-34.43,150.89,11.0,17.0
9.0,9.0,-34.43,150.89,11.0,14.6
9.0,15.0,-34.43,150.89,11.0,14.7
9.0,3.0,-34.43,150.89,11.0,14.1
9.0,12.0,-34.43,150.89,11.0,18.7
9.0,9.0,-34.43,150.89,11.0,16.0
9.0,15.0,-34.43,150.89,11.0,18.0
9.0,3.0,-34.43,150.89,11.0,9.4
9.0,12.0,-34.43,150.89,11.0,18.1
9.0,9.0,-34.43,150.89,11.0,15.4
9.0,15.0,-34.43,150.89,11.0,17.7
9.0,3.0,-34.43,150.89,11.0,9.3
9.0,12.0,-34.43,150.89,11.0,18.6
9.0,9.0,-34.43,150.89,11.0,16.4
9.0,15.0,-34.43,150.89,11.0,18.3
9.0,3.0,-34.43,150.89,11.0,12.2
9.0,12.0,-34.43,150.89,11.0,19.3
9.0,9.0,-34.43,150.89,11.0,16.1
9.0,15.0,-34.43,150.89,11.0,18.6
9.0,3.0,-34.43,150.89,11.0,13.5
9.0,12.0,-34.43,150.89,11.0,19.6
9.0,9.0,-34.43,150.89,11.0,17.8
9.0,15.0,-34.43,150.89,11.0,18.7
9.0,3.0,-34.43,150.89,11.0,16.4
9.0,12.0,-34.43,150.89,11.0,20.0
9.0,9.0,-34.43,150.89,11.0,17.7
9.0,15.0,-34.43,150.89,11.0,18.5
9.0,3.0,-34.43,150.89,11.0,14.8
9.0,12.0,-34.43,150.89,11.0,20.7
9.0,9.0,-34.43,150.89,11.0,19.6
9.0,15.0,-34.43,150.89,11.0,18.2
9.0,3.0,-34.43,150.89,11.0,14.4
9.0,12.0,-34.43,150.89,11.0,21.9
9.0,9.0,-34.43,150.89,11.0,17.2
9.0,15.0,-34.43,150.89,11.0,20.7
9.0,3.0,-34.43,150.89,11.0,12.5
9.0,12.0,-34.43,150.89,11.0,17.8
9.0,9.0,-34.43,150.89,11.0,16.0
9.0,15.0,-34.43,150.89,11.0,16.7
9.0,3.0,-34.43,150.89,11.0,11.6
9.0,12.0,-34.43,150.89,11.0,18.9
9.0,9.0,-34.43,150.89,11.0,16.5
9.0,15.0,-34.43,150.89,11.0,17.5
9.0,3.0,-34.43,150.89,11.0,14.4
9.0,12.0,-34.43,150.89,11.0,18.2
9.0,9.0,-34.43,150.89,11.0,17.1
9.0,15.0,-34.43,150.89,11.0,17.4
9.0,3.0,-34.43,150.89,11.0,15.5
9.0,12.0,-34.43,150.89,11.0,21.8
9.0,9.0,-34.43,150.89,11.0,17.3
9.0,15.0,-34.43,150.89,11.0,20.1
9.0,3.0,-34.43,150.89,11.0,14.2
9.0,12.0,-34.43,150.89,11.0,21.8
9.0,9.0,-34.43,150.89,11.0,17.1
9.0,15.0,-34.43,150.89,11.0,20.8
9.0,3.0,-34.43,150.89,11.0,13.2
9.0,12.0,-34.43,150.89,11.0,21.3
9.0,9.0,-34.43,150.89,11.0,15.8
9.0,15.0,-34.43,150.89,11.0,20.8
9.0,3.0,-34.43,150.89,11.0,11.4
9.0,12.0,-34.43,150.89,11.0,19.1
9.0,9.0,-34.43,150.89,11.0,16.6
9.0,15.0,-34.43,150.89,11.0,17.6
9.0,3.0,-34.43,150.89,11.0,12.8
9.0,12.0,-34.43,150.89,11.0,17.1
9.0,9.0,-34.43,150.89,11.0,15.1
9.0,15.0,-34.43,150.89,11.0,15.3
9.0,3.0,-34.43,150.89,11.0,13.1
9.0,12.0,-34.43,150.89,11.0,20.8
9.0,9.0,-34.43,150.89,11.0,17.0
9.0,15.0,-34.43,150.89,11.0,20.2
9.0,3.0,-34.43,150.89,11.0,10.9
9.0,12.0,-34.43,150.89,11.0,18.1
9.0,9.0,-34.43,150.89,11.0,16.2
9.0,15.0,-34.43,150.89,11.0,16.9
9.0,3.0,-34.43,150.89,11.0,14.1
9.0,12.0,-34.43,150.89,11.0,18.7
9.0,9.0,-34.43,150.89,11.0,17.3
9.0,15.0,-34.43,150.89,11.0,16.4
9.0,3.0,-34.43,150.89,11.0,13.1
9.0,12.0,-34.43,150.89,11.0,18.5
9.0,9.0,-34.43,150.89,11.0,17.9
9.0,15.0,-34.43,150.89,11.0,16.1
9.0,3.0,-34.43,150.89,11.0,15.5
9.0,12.0,-34.43,150.89,11.0,19.7
9.0,9.0,-34.43,150.89,11.0,17.6
9.0,15.0,-34.43,150.89,11.0,18.9
9.0,3.0,-34.43,150.89,11.0,12.4
9.0,12.0,-34.43,150.89,11.0,19.8
9.0,9.0,-34.43,150.89,11.0,18.0
9.0,15.0,-34.43,150.89,11.0,19.4
9.0,3.0,-34.43,150.89,11.0,15.4
9.0,12.0,-34.43,150.89,11.0,20.3
9.0,9.0,-34.43,150.89,11.0,18.6
9.0,15.0,-34.43,150.89,11.0,16.5
9.0,3.0,-34.43,150.89,11.0,10.4
9.0,12.0,-34.43,150.89,11.0,17.5
9.0,9.0,-34.43,150.89,11.0,15.5
9.0,15.0,-34.43,150.89,11.0,16.9
9.0,3.0,-34.43,150.89,11.0,11.2
9.0,12.0,-34.43,150.89,11.0,21.0
9.0,9.0,-34.43,150.89,11.0,16.4
9.0,15.0,-34.43,150.89,11.0,18.9
9.0,3.0,-34.43,150.89,11.0,10.6
9.0,12.0,-34.43,150.89,11.0,18.3
9.0,9.0,-34.43,150.89,11.0,16.4
9.0,15.0,-34.43,150.89,11.0,18.0
9.0,3.0,-34.43,150.89,11.0,14.5
9.0,12.0,-34.43,150.89,11.0,20.6
9.0,9.0,-34.43,150.89,11.0,14.6
9.0,15.0,-34.43,150.89,11.0,19.4
9.0,3.0,-34.43,150.89,11.0,12.7
9.0,12.0,-34.43,150.89,11.0,18.9
9.0,9.0,-34.43,150.89,11.0,14.8
9.0,15.0,-34.43,150.89,11.0,17.3
