2.0,3.0,-34.43,150.89,11.0,19.3
2.0,12.0,-34.43,150.89,11.0,23.4
2.0,9.0,-34.43,150.89,11.0,20.0
2.0,15.0,-34.43,150.89,11.0,20.8
2.0,3.0,-34.43,150.89,11.0,19.7
2.0,12.0,-34.43,150.89,11.0,24.4
2.0,9.0,-34.43,150.89,11.0,21.6
2.0,15.0,-34.43,150.89,11.0,22.8
2.0,3.0,-34.43,150.89,11.0,21.0
2.0,12.0,-34.43,150.89,11.0,26.3
2.0,9.0,-34.43,150.89,11.0,22.5
2.0,15.0,-34.43,150.89,11.0,24.4
2.0,3.0,-34.43,150.89,11.0,21.4
2.0,12.0,-34.43,150.89,11.0,32.1
2.0,9.0,-34.43,150.89,11.0,24.4
2.0,15.0,-34.43,150.89,11.0,25.1
2.0,3.0,-34.43,150.89,11.0,23.8
2.0,12.0,-34.43,150.89,11.0,30.9
2.0,9.0,-34.43,150.89,11.0,30.9
2.0,15.0,-34.43,150.89,11.0,29.8
2.0,3.0,-34.43,150.89,11.0,23.6
2.0,12.0,-34.43,150.89,11.0,28.3
2.0,9.0,-34.43,150.89,11.0,25.8
2.0,15.0,-34.43,150.89,11.0,27.6
2.0,3.0,-34.43,150.89,11.0,20.3
2.0,12.0,-34.43,150.89,11.0,24.4
2.0,9.0,-34.43,150.89,11.0,20.4
2.0,15.0,-34.43,150.89,11.0,22.2
2.0,3.0,-34.43,150.89,11.0,19.9
2.0,12.0,-34.43,150.89,11.0,24.2
2.0,9.0,-34.43,150.89,11.0,22.6
2.0,15.0,-34.43,150.89,11.0,23.8
2.0,3.0,-34.43,150.89,11.0,21.8
2.0,12.0,-34.43,150.89,11.0,29.6
2.0,9.0,-34.43,150.89,11.0,24.2
2.0,15.0,-34.43,150.89,11.0,25.8
2.0,3.0,-34.43,150.89,11.0,23.2
2.0,12.0,-34.43,150.89,11.0,29.7
2.0,9.0,-34.43,150.89,11.0,28.7
2.0,15.0,-34.43,150.89,11.0,27.5
2.0,3.0,-34.43,150.89,11.0,22.6
2.0,12.0,-34.43,150.89,11.0,30.0
2.0,9.0,-34.43,150.89,11.0,28.1
2.0,15.0,-34.43,150.89,11.0,27.7
2.0,3.0,-34.43,150.89,11.0,22.4
2.0,12.0,-34.43,150.89,11.0,24.7
2.0,9.0,-34.43,150.89,11.0,22.8
2.0,15.0,-34.43,150.89,11.0,21.3
2.0,3.0,-34.43,150.89,11.0,16.8
2.0,12.0,-34.43,150.89,11.0,24.3
2.0,9.0,-34.43,150.89,11.0,20.6
2.0,15.0,-34.43,150.89,11.0,23.2
2.0,3.0,-34.43,150.89,11.0,18.5
2.0,12.0,-34.43,150.89,11.0,21.0
2.0,9.0,-34.43,150.89,11.0,18.8
2.0,15.0,-34.43,150.89,11.0,20.0
2.0,3.0,-34.43,150.89,11.0,17.7
2.0,12.0,-34.43,150.89,11.0,25.2
2.0,9.0,-34.43,150.89,11.0,20.5
2.0,15.0,-34.43,150.89,11.0,24.6
2.0,3.0,-34.43,150.89,11.0,20.0
2.0,12.0,-34.43,150.89,11.0,26.5
2.0,9.0,-34.43,150.89,11.0,24.5
2.0,15.0,-34.43,150.89,11.0,25.7
2.0,3.0,-34.43,150.89,11.0,20.9
2.0,12.0,-34.43,150.89,11.0,27.0
2.0,9.0,-34.43,150.89,11.0,23.4
2.0,15.0,-34.43,150.89,11.0,24.2
2.0,3.0,-34.43,150.89,11.0,21.0
2.0,12.0,-34.43,150.89,11.0,24.1
2.0,9.0,-34.43,150.89,11.0,21.8
2.0,15.0,-34.43,150.89,11.0,22.1
2.0,3.0,-34.43,150.89,11.0,16.8
2.0,12.0,-34.43,150.89,11.0,23.7
2.0,9.0,-34.43,150.89,11.0,18.9
2.0,15.0,-34.43,150.89,11.0,22.7
2.0,3.0,-34.43,150.89,11.0,15.9
2.0,12.0,-34.43,150.89,11.0,27.4
2.0,9.0,-34.43,150.89,11.0,18.5
2.0,15.0,-34.43,150.89,11.0,26.1
2.0,3.0,-34.43,150.89,11.0,15.7
2.0,12.0,-34.43,150.89,11.0,25.1
2.0,9.0,-34.43,150.89,11.0,21.6
2.0,15.0,-34.43,150.89,11.0,24.4
2.0,3.0,-34.43,150.89,11.0,21.1
2.0,12.0,-34.43,150.89,11.0,25.7
2.0,9.0,-34.43,150.89,11.0,23.8
2.0,15.0,-34.43,150.89,11.0,24.4
2.0,3.0,-34.43,150.89,11.0,19.9
2.0,12.0,-34.43,150.89,11.0,24.3
2.0,9.0,-34.43,150.89,11.0,22.1
2.0,15.0,-34.43,150.89,11.0,24.1
2.0,3.0,-34.43,150.89,11.0,19.3
2.0,12.0,-34.43,150.89,11.0,23.9
2.0,9.0,-34.43,150.89,11.0,21.8
2.0,15.0,-34.43,150.89,11.0,22.9
2.0,3.0,-34.43,150.89,11.0,17.6
2.0,12.0,-34.43,150.89,11.0,21.1
2.0,9.0,-34.43,150.89,11.0,18.1
2.0,15.0,-34.43,150.89,11.0,19.6
2.0,3.0,-34.43,150.89,11.0,17.5
2.0,12.0,-34.43,150.89,11.0,22.8
2.0,9.0,-34.43,150.89,11.0,20.3
2.0,15.0,-34.43,150.89,11.0,22.4
2.0,3.0,-34.43,150.89,11.0,17.2
2.0,12.0,-34.43,150.89,11.0,24.0
2.0,9.0,-34.43,150.89,11.0,22.6
2.0,15.0,-34.43,150.89,11.0,23.7
2.0,3.0,-34.43,150.89,11.0,18.8
2.0,12.0,-34.43,150.89,11.0,25.8
2.0,9.0,-34.43,150.89,11.0,21.4
2.0,15.0,-34.43,150.89,11.0,25.2
