6.0,3.0,-34.43,150.89,11.0,10.3
6.0,12.0,-34.43,150.89,11.0,16.4
6.0,9.0,-34.43,150.89,11.0,12.9
6.0,15.0,-34.43,150.89,11.0,15.7
6.0,3.0,-34.43,150.89,11.0,11.2
6.0,12.0,-34.43,150.89,11.0,17.1
6.0,9.0,-34.43,150.89,11.0,14.3
6.0,15.0,-34.43,150.89,11.0,16.1
6.0,3.0,-34.43,150.89,11.0,12.4
6.0,12.0,-34.43,150.89,11.0,17.1
6.0,9.0,-34.43,150.89,11.0,15.1
6.0,15.0,-34.43,150.89,11.0,16.2
6.0,3.0,-34.43,150.89,11.0,12.9
6.0,12.0,-34.43,150.89,11.0,17.6
6.0,9.0,-34.43,150.89,11.0,15.9
6.0,15.0,-34.43,150.89,11.0,16.5
6.0,3.0,-34.43,150.89,11.0,9.5
6.0,12.0,-34.43,150.89,11.0,17.5
6.0,9.0,-34.43,150.89,11.0,14.2
6.0,15.0,-34.43,150.89,11.0,17.2
6.0,3.0,-34.43,150.89,11.0,10.7
6.0,12.0,-34.43,150.89,11.0,16.4
6.0,9.0,-34.43,150.89,11.0,13.0
6.0,15.0,-34.43,150.89,11.0,15.6
6.0,3.0,-34.43,150.89,11.0,9.3
6.0,12.0,-34.43,150.89,11.0,15.6
6.0,9.0,-34.43,150.89,11.0,11.2
6.0,15.0,-34.43,150.89,11.0,15.0
6.0,3.0,-34.43,150.89,11.0,11.2
6.0,12.0,-34.43,150.89,11.0,17.5
6.0,9.0,-34.43,150.89,11.0,14.4
6.0,15.0,-34.43,150.89,11.0,16.9
6.0,3.0,-34.43,150.89,11.0,12.8
6.0,12.0,-34.43,150.89,11.0,17.4
6.0,9.0,-34.43,150.89,11.0,15.3
6.0,15.0,-34.43,150.89,11.0,16.5
6.0,3.0,-34.43,150.89,11.0,14.2
6.0,12.0,-34.43,150.89,11.0,17.1
6.0,9.0,-34.43,150.89,11.0,17.0
6.0,15.0,-34.43,150.89,11.0,14.6
6.0,3.0,-34.43,150.89,11.0,12.9
6.0,12.0,-34.43,150.89,11.0,18.4
6.0,9.0,-34.43,150.89,11.0,15.6
6.0,15.0,-34.43,150.89,11.0,16.7
6.0,3.0,-34.43,150.89,11.0,11.8
6.0,12.0,-34.43,150.89,11.0,18.8
6.0,9.0,-34.43,150.89,11.0,16.2
6.0,15.0,-34.43,150.89,11.0,16.8
6.0,3.0,-34.43,150.89,11.0,11.7
6.0,12.0,-34.43,150.89,11.0,17.2
6.0,9.0,-34.43,150.89,11.0,15.3
6.0,15.0,-34.43,150.89,11.0,16.2
6.0,3.0,-34.43,150.89,11.0,13.9
6.0,12.0,-34.43,150.89,11.0,18.7
6.0,9.0,-34.43,150.89,11.0,16.2
6.0,15.0,-34.43,150.89,11.0,17.7
6.0,3.0,-34.43,150.89,11.0,11.7
6.0,12.0,-34.43,150.89,11.0,19.3
6.0,9.0,-34.43,150.89,11.0,15.1
6.0,15.0,-34.43,150.89,11.0,18.7
6.0,3.0,-34.43,150.89,11.0,11.4
6.0,12.0,-34.43,150.89,11.0,17.1
6.0,9.0,-34.43,150.89,11.0,14.5
6.0,15.0,-34.43,150.89,11.0,16.3
6.0,3.0,-34.43,150.89,11.0,13.4
6.0,12.0,-34.43,150.89,11.0,17.3
6.0,9.0,-34.43,150.89,11.0,15.3
6.0,15.0,-34.43,150.89,11.0,16.7
6.0,3.0,-34.43,150.89,11.0,12.6
6.0,12.0,-34.43,150.89,11.0,16.9
6.0,9.0,-34.43,150.89,11.0,14.7
6.0,15.0,-34.43,150.89,11.0,15.6
6.0,3.0,-34.43,150.89,11.0,12.7
6.0,12.0,-34.43,150.89,11.0,17.5
6.0,9.0,-34.43,150.89,11.0,15.5
6.0,15.0,-34.43,150.89,11.0,17.0
6.0,3.0,-34.43,150.89,11.0,12.7
6.0,12.0,-34.43,150.89,11.0,18.0
6.0,9.0,-34.43,150.89,11.0,15.1
6.0,15.0,-34.43,150.89,11.0,16.6
6.0,3.0,-34.43,150.89,11.0,8.3
6.0,12.0,-34.43,150.89,11.0,17.4
6.0,9.0,-34.43,150.89,11.0,14.6
6.0,15.0,-34.43,150.89,11.0,17.0
6.0,3.0,-34.43,150.89,11.0,11.1
6.0,12.0,-34.43,150.89,11.0,17.0
6.0,9.0,-34.43,150.89,11.0,14.3
6.0,15.0,-34.43,150.89,11.0,16.9
6.0,3.0,-34.43,150.89,11.0,9.5
6.0,12.0,-34.43,150.89,11.0,18.1
6.0,9.0,-34.43,150.89,11.0,13.6
6.0,15.0,-34.43,150.89,11.0,17.6
6.0,3.0,-34.43,150.89,11.0,12.3
6.0,12.0,-34.43,150.89,11.0,18.9
6.0,9.0,-34.43,150.89,11.0,14.1
6.0,15.0,-34.43,150.89,11.0,18.0
6.0,3.0,-34.43,150.89,11.0,8.0
6.0,12.0,-34.43,150.89,11.0,18.1
6.0,9.0,-34.43,150.89,11.0,11.8
6.0,15.0,-34.43,150.89,11.0,17.6
6.0,3.0,-34.43,150.89,11.0,9.9
6.0,12.0,-34.43,150.89,11.0,17.3
6.0,9.0,-34.43,150.89,11.0,13.8
6.0,15.0,-34.43,150.89,11.0,16.6
6.0,3.0,-34.43,150.89,11.0,9.8
6.0,12.0,-34.43,150.89,11.0,16.3
6.0,9.0,-34.43,150.89,11.0,13.7
6.0,15.0,-34.43,150.89,11.0,15.4
6.0,3.0,-34.43,150.89,11.0,12.0
6.0,12.0,-34.43,150.89,11.0,17.1
6.0,9.0,-34.43,150.89,11.0,15.3
6.0,15.0,-34.43,150.89,11.0,15.4
6.0,3.0,-34.43,150.89,11.0,9.4
6.0,12.0,-34.43,150.89,11.0,16.6
6.0,9.0,-34.43,150.89,11.0,11.5
6.0,15.0,-34.43,150.89,11.0,15.5
6.0,3.0,-34.43,150.89,11.0,10.0
6.0,12.0,-34.43,150.89,11.0,14.8
6.0,9.0,-34.43,150.89,11.0,11.7
6.0,15.0,-34.43,150.89,11.0,14.2
