12.0,3.0,-34.43,150.89,11.0,18.4
12.0,12.0,-34.43,150.89,11.0,25.0
12.0,9.0,-34.43,150.89,11.0,22.7
12.0,15.0,-34.43,150.89,11.0,22.7
12.0,3.0,-34.43,150.89,11.0,17.6
12.0,12.0,-34.43,150.89,11.0,26.4
12.0,9.0,-34.43,150.89,11.0,22.3
12.0,15.0,-34.43,150.89,11.0,25.0
12.0,3.0,-34.43,150.89,11.0,19.8
12.0,12.0,-34.43,150.89,11.0,24.6
12.0,9.0,-34.43,150.89,11.0,20.5
12.0,15.0,-34.43,150.89,11.0,23.1
12.0,3.0,-34.43,150.89,11.0,18.5
12.0,12.0,-34.43,150.89,11.0,26.0
12.0,9.0,-34.43,150.89,11.0,23.2
12.0,15.0,-34.43,150.89,11.0,24.6
12.0,3.0,-34.43,150.89,11.0,21.5
12.0,12.0,-34.43,150.89,11.0,26.6
12.0,9.0,-34.43,150.89,11.0,23.4
12.0,15.0,-34.43,150.89,11.0,25.2
12.0,3.0,-34.43,150.89,11.0,19.2
12.0,12.0,-34.43,150.89,11.0,24.2
12.0,9.0,-34.43,150.89,11.0,20.7
12.0,15.0,-34.43,150.89,11.0,21.1
12.0,3.0,-34.43,150.89,11.0,18.9
12.0,12.0,-34.43,150.89,11.0,23.7
12.0,9.0,-34.43,150.89,11.0,20.5
12.0,15.0,-34.43,150.89,11.0,23.1
12.0,3.0,-34.43,150.89,11.0,19.8
12.0,12.0,-34.43,150.89,11.0,26.7
12.0,9.0,-34.43,150.89,11.0,22.6
12.0,15.0,-34.43,150.89,11.0,23.6
12.0,3.0,-34.43,150.89,11.0,16.8
12.0,12.0,-34.43,150.89,11.0,25.9
12.0,9.0,-34.43,150.89,11.0,20.8
12.0,15.0,-34.43,150.89,11.0,21.6
12.0,3.0,-34.43,150.89,11.0,15.1
12.0,12.0,-34.43,150.89,11.0,23.4
12.0,9.0,-34.43,150.89,11.0,20.0
12.0,15.0,-34.43,150.89,11.0,21.4
12.0,3.0,-34.43,150.89,11.0,18.4
12.0,12.0,-34.43,150.89,11.0,24.2
12.0,9.0,-34.43,150.89,11.0,21.5
12.0,15.0,-34.43,150.89,11.0,22.3
12.0,3.0,-34.43,150.89,11.0,18.9
12.0,12.0,-34.43,150.89,11.0,30.6
12.0,9.0,-34.43,150.89,11.0,22.9
12.0,15.0,-34.43,150.89,11.0,24.0
12.0,3.0,-34.43,150.89,11.0,19.9
12.0,12.0,-34.43,150.89,11.0,38.0
12.0,9.0,-34.43,150.89,11.0,30.1
12.0,15.0,-34.43,150.89,11.0,24.7
12.0,3.0,-34.43,150.89,11.0,22.0
12.0,12.0,-34.43,150.89,11.0,34.6
12.0,9.0,-34.43,150.89,11.0,32.9
12.0,15.0,-34.43,150.89,11.0,31.7
12.0,3.0,-34.43,150.89,11.0,16.1
12.0,12.0,-34.43,150.89,11.0,18.3
12.0,9.0,-34.43,150.89,11.0,16.6
12.0,15.0,-34.43,150.89,11.0,16.9
12.0,3.0,-34.43,150.89,11.0,15.9
12.0,12.0,-34.43,150.89,11.0,24.9
12.0,9.0,-34.43,150.89,11.0,17.6
12.0,15.0,-34.43,150.89,11.0,18.3
12.0,3.0,-34.43,150.89,11.0,17.3
12.0,12.0,-34.43,150.89,11.0,33.6
12.0,9.0,-34.43,150.89,11.0,24.6
12.0,15.0,-34.43,150.89,11.0,31.1
12.0,3.0,-34.43,150.89,11.0,17.1
12.0,12.0,-34.43,150.89,11.0,20.3
12.0,9.0,-34.43,150.89,11.0,17.7
12.0,15.0,-34.43,150.89,11.0,17.7
12.0,3.0,-34.43,150.89,11.0,15.1
12.0,12.0,-34.43,150.89,11.0,22.6
12.0,9.0,-34.43,150.89,11.0,20.3
12.0,15.0,-34.43,150.89,11.0,21.2
12.0,3.0,-34.43,150.89,11.0,16.6
12.0,12.0,-34.43,150.89,11.0,26.8
12.0,9.0,-34.43,150.89,11.0,21.2
12.0,15.0,-34.43,150.89,11.0,23.3
12.0,3.0,-34.43,150.89,11.0,17.2
12.0,12.0,-34.43,150.89,11.0,24.0
12.0,9.0,-34.43,150.89,11.0,21.2
12.0,15.0,-34.43,150.89,11.0,23.3
12.0,3.0,-34.43,150.89,11.0,17.5
12.0,12.0,-34.43,150.89,11.0,23.1
12.0,9.0,-34.43,150.89,11.0,19.4
12.0,15.0,-34.43,150.89,11.0,21.2
12.0,3.0,-34.43,150.89,11.0,19.3
12.0,12.0,-34.43,150.89,11.0,23.7
12.0,9.0,-34.43,150.89,11.0,23.0
12.0,15.0,-34.43,150.89,11.0,22.8
12.0,3.0,-34.43,150.89,11.0,19.0
12.0,12.0,-34.43,150.89,11.0,25.1
12.0,9.0,-34.43,150.89,11.0,22.3
12.0,15.0,-34.43,150.89,11.0,21.7
12.0,3.0,-34.43,150.89,11.0,18.7
12.0,12.0,-34.43,150.89,11.0,25.2
12.0,9.0,-34.43,150.89,11.0,22.1
12.0,15.0,-34.43,150.89,11.0,24.6
12.0,3.0,-34.43,150.89,11.0,20.5
12.0,12.0,-34.43,150.89,11.0,24.7
12.0,9.0,-34.43,150.89,11.0,22.5
12.0,15.0,-34.43,150.89,11.0,23.0
12.0,3.0,-34.43,150.89,11.0,19.3
12.0,12.0,-34.43,150.89,11.0,25.3
12.0,9.0,-34.43,150.89,11.0,22.8
12.0,15.0,-34.43,150.89,11.0,24.9
12.0,3.0,-34.43,150.89,11.0,19.1
12.0,12.0,-34.43,150.89,11.0,28.1
12.0,9.0,-34.43,150.89,11.0,22.3
12.0,15.0,-34.43,150.89,11.0,22.9
12.0,3.0,-34.43,150.89,11.0,19.2
12.0,12.0,-34.43,150.89,11.0,33.3
12.0,9.0,-34.43,150.89,11.0,27.3
12.0,15.0,-34.43,150.89,11.0,25.5
12.0,3.0,-34.43,150.89,11.0,20.2
12.0,12.0,-34.43,150.89,11.0,31.7
12.0,9.0,-34.43,150.89,11.0,23.8
12.0,15.0,-34.43,150.89,11.0,30.7
12.0,3.0,-34.43,150.89,11.0,19.6
12.0,12.0,-34.43,150.89,11.0,23.1
12.0,9.0,-34.43,150.89,11.0,21.2
12.0,15.0,-34.43,150.89,11.0,22.5
