3.0,3.0,-34.43,150.89,11.0,21.5
3.0,12.0,-34.43,150.89,11.0,26.5
3.0,9.0,-34.43,150.89,11.0,24.8
3.0,15.0,-34.43,150.89,11.0,25.7
3.0,3.0,-34.43,150.89,11.0,20.2
3.0,12.0,-34.43,150.89,11.0,25.6
3.0,9.0,-34.43,150.89,11.0,21.4
3.0,15.0,-34.43,150.89,11.0,24.0
3.0,3.0,-34.43,150.89,11.0,19.9
3.0,12.0,-34.43,150.89,11.0,23.9
3.0,9.0,-34.43,150.89,11.0,22.6
3.0,15.0,-34.43,150.89,11.0,21.4
3.0,3.0,-34.43,150.89,11.0,19.0
3.0,12.0,-34.43,150.89,11.0,22.2
3.0,9.0,-34.43,150.89,11.0,20.3
3.0,15.0,-34.43,150.89,11.0,21.4
3.0,3.0,-34.43,150.89,11.0,18.6
3.0,12.0,-34.43,150.89,11.0,23.4
3.0,9.0,-34.43,150.89,11.0,19.3
3.0,15.0,-34.43,150.89,11.0,22.3
3.0,3.0,-34.43,150.89,11.0,19.3
3.0,12.0,-34.43,150.89,11.0,23.6
3.0,9.0,-34.43,150.89,11.0,21.0
3.0,15.0,-34.43,150.89,11.0,22.3
3.0,3.0,-34.43,150.89,11.0,17.5
3.0,12.0,-34.43,150.89,11.0,22.0
3.0,9.0,-34.43,150.89,11.0,20.0
3.0,15.0,-34.43,150.89,11.0,21.1
3.0,3.0,-34.43,150.89,11.0,15.9
3.0,12.0,-34.43,150.89,11.0,21.3
3.0,9.0,-34.43,150.89,11.0,19.6
3.0,15.0,-34.43,150.89,11.0,20.5
3.0,3.0,-34.43,150.89,11.0,17.1
3.0,12.0,-34.43,150.89,11.0,22.4
3.0,9.0,-34.43,150.89,11.0,19.2
3.0,15.0,-34.43,150.89,11.0,22.2
3.0,3.0,-34.43,150.89,11.0,17.5
3.0,12.0,-34.43,150.89,11.0,23.0
3.0,9.0,-34.43,150.89,11.0,19.3
3.0,15.0,-34.43,150.89,11.0,22.5
3.0,3.0,-34.43,150.89,11.0,16.8
3.0,12.0,-34.43,150.89,11.0,23.6
3.0,9.0,-34.43,150.89,11.0,20.8
3.0,15.0,-34.43,150.89,11.0,23.2
3.0,3.0,-34.43,150.89,11.0,17.3
3.0,12.0,-34.43,150.89,11.0,24.5
3.0,9.0,-34.43,150.89,11.0,21.0
3.0,15.0,-34.43,150.89,11.0,23.9
3.0,3.0,-34.43,150.89,11.0,19.7
3.0,12.0,-34.43,150.89,11.0,26.4
3.0,9.0,-34.43,150.89,11.0,21.5
3.0,15.0,-34.43,150.89,11.0,25.8
3.0,3.0,-34.43,150.89,11.0,21.5
3.0,12.0,-34.43,150.89,11.0,24.5
3.0,9.0,-34.43,150.89,11.0,24.1
3.0,15.0,-34.43,150.89,11.0,23.8
3.0,3.0,-34.43,150.89,11.0,20.4
3.0,12.0,-34.43,150.89,11.0,25.1
3.0,9.0,-34.43,150.89,11.0,22.5
3.0,15.0,-34.43,150.89,11.0,24.1
3.0,3.0,-34.43,150.89,11.0,21.3
3.0,12.0,-34.43,150.89,11.0,22.9
3.0,9.0,-34.43,150.89,11.0,21.8
3.0,15.0,-34.43,150.89,11.0,22.2
3.0,3.0,-34.43,150.89,11.0,19.1
3.0,12.0,-34.43,150.89,11.0,22.2
3.0,9.0,-34.43,150.89,11.0,19.8
3.0,15.0,-34.43,150.89,11.0,19.4
3.0,3.0,-34.43,150.89,11.0,18.2
3.0,12.0,-34.43,150.89,11.0,23.8
3.0,9.0,-34.43,150.89,11.0,22.1
3.0,15.0,-34.43,150.89,11.0,23.0
3.0,3.0,-34.43,150.89,11.0,20.8
3.0,12.0,-34.43,150.89,11.0,25.0
3.0,9.0,-34.43,150.89,11.0,22.6
3.0,15.0,-34.43,150.89,11.0,24.6
3.0,3.0,-34.43,150.89,11.0,22.2
3.0,12.0,-34.43,150.89,11.0,24.7
3.0,9.0,-34.43,150.89,11.0,22.9
3.0,15.0,-34.43,150.89,11.0,23.5
3.0,3.0,-34.43,150.89,11.0,22.2
3.0,12.0,-34.43,150.89,11.0,24.7
3.0,9.0,-34.43,150.89,11.0,22.9
3.0,15.0,-34.43,150.89,11.0,23.0
3.0,3.0,-34.43,150.89,11.0,22.5
3.0,12.0,-34.43,150.89,11.0,27.7
3.0,9.0,-34.43,150.89,11.0,24.0
3.0,15.0,-34.43,150.89,11.0,26.6
3.0,3.0,-34.43,150.89,11.0,19.6
3.0,12.0,-34.43,150.89,11.0,23.0
3.0,9.0,-34.43,150.89,11.0,20.7
3.0,15.0,-34.43,150.89,11.0,19.7
3.0,3.0,-34.43,150.89,11.0,17.7
3.0,12.0,-34.43,150.89,11.0,23.0
3.0,9.0,-34.43,150.89,11.0,19.9
3.0,15.0,-34.43,150.89,11.0,22.0
3.0,3.0,-34.43,150.89,11.0,17.9
3.0,12.0,-34.43,150.89,11.0,23.9
3.0,9.0,-34.43,150.89,11.0,20.4
3.0,15.0,-34.43,150.89,11.0,20.6
3.0,3.0,-34.43,150.89,11.0,17.4
3.0,12.0,-34.43,150.89,11.0,26.2
3.0,9.0,-34.43,150.89,11.0,20.9
3.0,15.0,-34.43,150.89,11.0,25.3
3.0,3.0,-34.43,150.89,11.0,20.9
3.0,12.0,-34.43,150.89,11.0,25.9
3.0,9.0,-34.43,150.89,11.0,22.4
3.0,15.0,-34.43,150.89,11.0,24.2
3.0,3.0,-34.43,150.89,11.0,19.9
3.0,12.0,-34.43,150.89,11.0,22.3
3.0,9.0,-34.43,150.89,11.0,20.5
3.0,15.0,-34.43,150.89,11.0,21.9
3.0,3.0,-34.43,150.89,11.0,20.4
3.0,12.0,-34.43,150.89,11.0,26.6
3.0,9.0,-34.43,150.89,11.0,22.1
3.0,15.0,-34.43,150.89,11.0,25.9
3.0,3.0,-34.43,150.89,11.0,22.1
3.0,12.0,-34.43,150.89,11.0,24.3
3.0,9.0,-34.43,150.89,11.0,24.3
3.0,15.0,-34.43,150.89,11.0,17.6
3.0,3.0,-34.43,150.89,11.0,14.1
3.0,12.0,-34.43,150.89,11.0,20.4
3.0,9.0,-34.43,150.89,11.0,16.4
3.0,15.0,-34.43,150.89,11.0,20.0
