1.0,3.0,-34.43,150.89,11.0,20.8
1.0,12.0,-34.43,150.89,11.0,24.1
1.0,9.0,-34.43,150.89,11.0,22.0
1.0,15.0,-34.43,150.89,11.0,21.3
1.0,3.0,-34.43,150.89,11.0,20.2
1.0,12.0,-34.43,150.89,11.0,22.7
1.0,9.0,-34.43,150.89,11.0,20.6
1.0,15.0,-34.43,150.89,11.0,20.9
1.0,3.0,-34.43,150.89,11.0,17.6
1.0,12.0,-34.43,150.89,11.0,22.5
1.0,9.0,-34.43,150.89,11.0,21.1
1.0,15.0,-34.43,150.89,11.0,21.7
1.0,3.0,-34.43,150.89,11.0,18.3
1.0,12.0,-34.43,150.89,11.0,25.0
1.0,9.0,-34.43,150.89,11.0,21.6
1.0,15.0,-34.43,150.89,11.0,23.4
1.0,3.0,-34.43,150.89,11.0,18.8
1.0,12.0,-34.43,150.89,11.0,23.2
1.0,9.0,-34.43,150.89,11.0,20.0
1.0,15.0,-34.43,150.89,11.0,21.0
1.0,3.0,-34.43,150.89,11.0,18.9
1.0,12.0,-34.43,150.89,11.0,26.1
1.0,9.0,-34.43,150.89,11.0,20.0
1.0,15.0,-34.43,150.89,11.0,24.6
1.0,3.0,-34.43,150.89,11.0,18.6
1.0,12.0,-34.43,150.89,11.0,25.9
1.0,9.0,-34.43,150.89,11.0,22.1
1.0,15.0,-34.43,150.89,11.0,24.4
1.0,3.0,-34.43,150.89,11.0,20.3
1.0,12.0,-34.43,150.89,11.0,25.4
1.0,9.0,-34.43,150.89,11.0,23.3
1.0,15.0,-34.43,150.89,11.0,24.9
1.0,3.0,-34.43,150.89,11.0,20.9
1.0,12.0,-34.43,150.89,11.0,26.1
1.0,9.0,-34.43,150.89,11.0,23.3
1.0,15.0,-34.43,150.89,11.0,24.7
1.0,3.0,-34.43,150.89,11.0,21.8
1.0,12.0,-34.43,150.89,11.0,28.9
1.0,9.0,-34.43,150.89,11.0,24.2
1.0,15.0,-34.43,150.89,11.0,25.7
1.0,3.0,-34.43,150.89,11.0,21.2
1.0,12.0,-34.43,150.89,11.0,29.3
1.0,9.0,-34.43,150.89,11.0,25.1
1.0,15.0,-34.43,150.89,11.0,27.4
1.0,3.0,-34.43,150.89,11.0,20.9
1.0,12.0,-34.43,150.89,11.0,26.3
1.0,9.0,-34.43,150.89,11.0,22.7
1.0,15.0,-34.43,150.89,11.0,25.6
1.0,3.0,-34.43,150.89,11.0,21.9
1.0,12.0,-34.43,150.89,11.0,31.5
1.0,9.0,-34.43,150.89,11.0,23.5
1.0,15.0,-34.43,150.89,11.0,25.5
1.0,3.0,-34.43,150.89,11.0,23.4
1.0,12.0,-34.43,150.89,11.0,30.0
1.0,9.0,-34.43,150.89,11.0,28.5
1.0,15.0,-34.43,150.89,11.0,25.4
1.0,3.0,-34.43,150.89,11.0,20.5
1.0,12.0,-34.43,150.89,11.0,23.8
1.0,9.0,-34.43,150.89,11.0,23.2
1.0,15.0,-34.43,150.89,11.0,22.0
1.0,3.0,-34.43,150.89,11.0,19.9
1.0,12.0,-34.43,150.89,11.0,26.9
1.0,9.0,-34.43,150.89,11.0,23.7
1.0,15.0,-34.43,150.89,11.0,24.4
1.0,3.0,-34.43,150.89,11.0,19.9
1.0,12.0,-34.43,150.89,11.0,34.9
1.0,9.0,-34.43,150.89,11.0,24.7
1.0,15.0,-34.43,150.89,11.0,25.6
1.0,3.0,-34.43,150.89,11.0,23.2
1.0,12.0,-34.43,150.89,11.0,27.1
1.0,9.0,-34.43,150.89,11.0,24.9
1.0,15.0,-34.43,150.89,11.0,25.6
1.0,3.0,-34.43,150.89,11.0,19.0
1.0,12.0,-34.43,150.89,11.0,23.3
1.0,9.0,-34.43,150.89,11.0,20.1
1.0,15.0,-34.43,150.89,11.0,22.2
1.0,3.0,-34.43,150.89,11.0,20.1
1.0,12.0,-34.43,150.89,11.0,27.8
1.0,9.0,-34.43,150.89,11.0,21.9
1.0,15.0,-34.43,150.89,11.0,25.7
1.0,3.0,-34.43,150.89,11.0,19.7
1.0,12.0,-34.43,150.89,11.0,23.4
1.0,9.0,-34.43,150.89,11.0,21.3
1.0,15.0,-34.43,150.89,11.0,22.4
1.0,3.0,-34.43,150.89,11.0,18.0
1.0,12.0,-34.43,150.89,11.0,25.5
1.0,9.0,-34.43,150.89,11.0,21.8
1.0,15.0,-34.43,150.89,11.0,24.9
1.0,3.0,-34.43,150.89,11.0,21.3
1.0,12.0,-34.43,150.89,11.0,33.6
1.0,9.0,-34.43,150.89,11.0,23.9
1.0,15.0,-34.43,150.89,11.0,25.0
1.0,3.0,-34.43,150.89,11.0,23.5
1.0,12.0,-34.43,150.89,11.0,35.6
1.0,9.0,-34.43,150.89,11.0,33.6
1.0,15.0,-34.43,150.89,11.0,34.2
1.0,3.0,-34.43,150.89,11.0,20.0
1.0,12.0,-34.43,150.89,11.0,24.8
1.0,9.0,-34.43,150.89,11.0,21.0
1.0,15.0,-34.43,150.89,11.0,23.0
1.0,3.0,-34.43,150.89,11.0,19.6
1.0,12.0,-34.43,150.89,11.0,22.4
1.0,9.0,-34.43,150.89,11.0,20.9
1.0,15.0,-34.43,150.89,11.0,21.6
1.0,3.0,-34.43,150.89,11.0,19.9
1.0,12.0,-34.43,150.89,11.0,25.1
1.0,9.0,-34.43,150.89,11.0,21.5
1.0,15.0,-34.43,150.89,11.0,23.2
1.0,3.0,-34.43,150.89,11.0,21.3
1.0,12.0,-34.43,150.89,11.0,26.9
1.0,9.0,-34.43,150.89,11.0,25.0
1.0,15.0,-34.43,150.89,11.0,25.1
1.0,3.0,-34.43,150.89,11.0,21.3
1.0,12.0,-34.43,150.89,11.0,27.6
1.0,9.0,-34.43,150.89,11.0,23.1
1.0,15.0,-34.43,150.89,11.0,23.6
1.0,3.0,-34.43,150.89,11.0,22.1
1.0,12.0,-34.43,150.89,11.0,31.2
1.0,9.0,-34.43,150.89,11.0,27.5
1.0,15.0,-34.43,150.89,11.0,25.8
1.0,3.0,-34.43,150.89,11.0,22.5
1.0,12.0,-34.43,150.89,11.0,26.6
1.0,9.0,-34.43,150.89,11.0,24.6
1.0,15.0,-34.43,150.89,11.0,22.7
