7.0,3.0,-34.43,150.89,11.0,7.6
7.0,12.0,-34.43,150.89,11.0,14.4
7.0,9.0,-34.43,150.89,11.0,11.2
7.0,15.0,-34.43,150.89,11.0,13.9
7.0,3.0,-34.43,150.89,11.0,7.3
7.0,12.0,-34.43,150.89,11.0,17.7
7.0,9.0,-34.43,150.89,11.0,12.7
7.0,15.0,-34.43,150.89,11.0,16.3
7.0,3.0,-34.43,150.89,11.0,9.1
7.0,12.0,-34.43,150.89,11.0,15.6
7.0,9.0,-34.43,150.89,11.0,13.7
7.0,15.0,-34.43,150.89,11.0,14.7
7.0,3.0,-34.43,150.89,11.0,10.5
7.0,12.0,-34.43,150.89,11.0,20.9
7.0,9.0,-34.43,150.89,11.0,15.0
7.0,15.0,-34.43,150.89,11.0,19.4
7.0,3.0,-34.43,150.89,11.0,10.5
7.0,12.0,-34.43,150.89,11.0,20.4
7.0,9.0,-34.43,150.89,11.0,15.1
7.0,15.0,-34.43,150.89,11.0,19.6
7.0,3.0,-34.43,150.89,11.0,10.9
7.0,12.0,-34.43,150.89,11.0,18.0
7.0,9.0,-34.43,150.89,11.0,14.0
7.0,15.0,-34.43,150.89,11.0,17.3
7.0,3.0,-34.43,150.89,11.0,8.0
7.0,12.0,-34.43,150.89,11.0,18.5
7.0,9.0,-34.43,150.89,11.0,12.9
7.0,15.0,-34.43,150.89,11.0,16.7
7.0,3.0,-34.43,150.89,11.0,8.0
7.0,12.0,-34.43,150.89,11.0,18.0
7.0,9.0,-34.43,150.89,11.0,12.4
7.0,15.0,-34.43,150.89,11.0,16.5
7.0,3.0,-34.43,150.89,11.0,9.5
7.0,12.0,-34.43,150.89,11.0,17.7
7.0,9.0,-34.43,150.89,11.0,12.7
7.0,15.0,-34.43,150.89,11.0,17.0
7.0,3.0,-34.43,150.89,11.0,8.9
7.0,12.0,-34.43,150.89,11.0,16.4
7.0,9.0,-34.43,150.89,11.0,12.2
7.0,15.0,-34.43,150.89,11.0,15.5
7.0,3.0,-34.43,150.89,11.0,8.6
7.0,12.0,-34.43,150.89,11.0,16.8
7.0,9.0,-34.43,150.89,11.0,14.4
7.0,15.0,-34.43,150.89,11.0,15.5
7.0,3.0,-34.43,150.89,11.0,10.2
7.0,12.0,-34.43,150.89,11.0,15.8
7.0,9.0,-34.43,150.89,11.0,12.6
7.0,15.0,-34.43,150.89,11.0,14.5
7.0,3.0,-34.43,150.89,11.0,8.6
7.0,12.0,-34.43,150.89,11.0,18.1
7.0,9.0,-34.43,150.89,11.0,13.4
7.0,15.0,-34.43,150.89,11.0,17.2
7.0,3.0,-34.43,150.89,11.0,9.5
7.0,12.0,-34.43,150.89,11.0,19.7
7.0,9.0,-34.43,150.89,11.0,13.1
7.0,15.0,-34.43,150.89,11.0,19.0
7.0,3.0,-34.43,150.89,11.0,12.8
7.0,12.0,-34.43,150.89,11.0,18.6
7.0,9.0,-34.43,150.89,11.0,14.2
7.0,15.0,-34.43,150.89,11.0,17.2
7.0,3.0,-34.43,150.89,11.0,7.7
7.0,12.0,-34.43,150.89,11.0,15.9
7.0,9.0,-34.43,150.89,11.0,12.8
7.0,15.0,-34.43,150.89,11.0,15.4
7.0,3.0,-34.43,150.89,11.0,10.1
7.0,12.0,-34.43,150.89,11.0,19.2
7.0,9.0,-34.43,150.89,11.0,13.5
7.0,15.0,-34.43,150.89,11.0,17.3
7.0,3.0,-34.43,150.89,11.0,10.8
7.0,12.0,-34.43,150.89,11.0,22.2
7.0,9.0,-34.43,150.89,11.0,16.7
7.0,15.0,-34.43,150.89,11.0,22.2
7.0,3.0,-34.43,150.89,11.0,11.8
7.0,12.0,-34.43,150.89,11.0,16.8
7.0,9.0,-34.43,150.89,11.0,12.9
7.0,15.0,-34.43,150.89,11.0,16.0
7.0,3.0,-34.43,150.89,11.0,10.3
7.0,12.0,-34.43,150.89,11.0,15.5
7.0,9.0,-34.43,150.89,11.0,12.4
7.0,15.0,-34.43,150.89,11.0,14.4
7.0,3.0,-34.43,150.89,11.0,8.7
7.0,12.0,-34.43,150.89,11.0,16.0
7.0,9.0,-34.43,150.89,11.0,12.2
7.0,15.0,-34.43,150.89,11.0,15.7
7.0,3.0,-34.43,150.89,11.0,7.9
7.0,12.0,-34.43,150.89,11.0,20.0
7.0,9.0,-34.43,150.89,11.0,12.3
7.0,15.0,-34.43,150.89,11.0,19.4
7.0,3.0,-34.43,150.89,11.0,11.8
7.0,12.0,-34.43,150.89,11.0,22.0
7.0,9.0,-34.43,150.89,11.0,15.6
7.0,15.0,-34.43,150.89,11.0,21.1
7.0,3.0,-34.43,150.89,11.0,10.8
7.0,12.0,-34.43,150.89,11.0,19.8
7.0,9.0,-34.43,150.89,11.0,15.0
7.0,15.0,-34.43,150.89,11.0,19.4
7.0,3.0,-34.43,150.89,11.0,9.4
7.0,12.0,-34.43,150.89,11.0,21.1
7.0,9.0,-34.43,150.89,11.0,13.6
7.0,15.0,-34.43,150.89,11.0,20.8
7.0,3.0,-34.43,150.89,11.0,12.7
7.0,12.0,-34.43,150.89,11.0,19.7
7.0,9.0,-34.43,150.89,11.0,17.4
7.0,15.0,-34.43,150.89,11.0,19.0
7.0,3.0,-34.43,150.89,11.0,9.4
7.0,12.0,-34.43,150.89,11.0,16.7
7.0,9.0,-34.43,150.89,11.0,13.8
7.0,15.0,-34.43,150.89,11.0,15.9
7.0,3.0,-34.43,150.89,11.0,10.4
7.0,12.0,-34.43,150.89,11.0,18.2
7.0,9.0,-34.43,150.89,11.0,14.2
7.0,15.0,-34.43,150.89,11.0,17.9
7.0,3.0,-34.43,150.89,11.0,9.1
7.0,12.0,-34.43,150.89,11.0,19.7
7.0,9.0,-34.43,150.89,11.0,13.9
7.0,15.0,-34.43,150.89,11.0,19.3
7.0,3.0,-34.43,150.89,11.0,13.8
7.0,12.0,-34.43,150.89,11.0,26.8
7.0,9.0,-34.43,150.89,11.0,17.7
7.0,15.0,-34.43,150.89,11.0,25.8
7.0,3.0,-34.43,150.89,11.0,13.5
7.0,12.0,-34.43,150.89,11.0,16.2
7.0,9.0,-34.43,150.89,11.0,14.8
7.0,15.0,-34.43,150.89,11.0,12.0
