4.0,3.0,-34.43,150.89,11.0,14.0
4.0,12.0,-34.43,150.89,11.0,23.1
4.0,9.0,-34.43,150.89,11.0,18.7
4.0,15.0,-34.43,150.89,11.0,22.5
4.0,3.0,-34.43,150.89,11.0,14.8
4.0,12.0,-34.43,150.89,11.0,20.3
4.0,9.0,-34.43,150.89,11.0,16.4
4.0,15.0,-34.43,150.89,11.0,20.1
4.0,3.0,-34.43,150.89,11.0,13.4
4.0,12.0,-34.43,150.89,11.0,20.0
4.0,9.0,-34.43,150.89,11.0,15.6
4.0,15.0,-34.43,150.89,11.0,16.8
4.0,3.0,-34.43,150.89,11.0,14.3
4.0,12.0,-34.43,150.89,11.0,20.4
4.0,9.0,-34.43,150.89,11.0,18.0
4.0,15.0,-34.43,150.89,11.0,19.8
4.0,3.0,-34.43,150.89,11.0,15.6
4.0,12.0,-34.43,150.89,11.0,21.5
4.0,9.0,-34.43,150.89,11.0,17.8
4.0,15.0,-34.43,150.89,11.0,20.5
4.0,3.0,-34.43,150.89,11.0,13.1
4.0,12.0,-34.43,150.89,11.0,22.9
4.0,9.0,-34.43,150.89,11.0,19.7
4.0,15.0,-34.43,150.89,11.0,21.8
4.0,3.0,-34.43,150.89,11.0,14.4
4.0,12.0,-34.43,150.89,11.0,23.1
4.0,9.0,-34.43,150.89,11.0,20.2
4.0,15.0,-34.43,150.89,11.0,22.2
4.0,3.0,-34.43,150.89,11.0,16.4
4.0,12.0,-34.43,150.89,11.0,24.5
4.0,9.0,-34.43,150.89,11.0,21.5
4.0,15.0,-34.43,150.89,11.0,21.8
4.0,3.0,-34.43,150.89,11.0,16.4
4.0,12.0,-34.43,150.89,11.0,25.7
4.0,9.0,-34.43,150.89,11.0,21.9
4.0,15.0,-34.43,150.89,11.0,24.6
4.0,3.0,-34.43,150.89,11.0,11.4
4.0,12.0,-34.43,150.89,11.0,19.5
4.0,9.0,-34.43,150.89,11.0,14.3
4.0,15.0,-34.43,150.89,11.0,17.5
4.0,3.0,-34.43,150.89,11.0,14.3
4.0,12.0,-34.43,150.89,11.0,22.1
4.0,9.0,-34.43,150.89,11.0,19.4
4.0,15.0,-34.43,150.89,11.0,21.3
4.0,3.0,-34.43,150.89,11.0,16.1
4.0,12.0,-34.43,150.89,11.0,20.7
4.0,9.0,-34.43,150.89,11.0,19.1
4.0,15.0,-34.43,150.89,11.0,17.8
4.0,3.0,-34.43,150.89,11.0,15.3
4.0,12.0,-34.43,150.89,11.0,21.2
4.0,9.0,-34.43,150.89,11.0,18.6
4.0,15.0,-34.43,150.89,11.0,20.4
4.0,3.0,-34.43,150.89,11.0,14.3
4.0,12.0,-34.43,150.89,11.0,22.0
4.0,9.0,-34.43,150.89,11.0,19.7
4.0,15.0,-34.43,150.89,11.0,21.1
4.0,3.0,-34.43,150.89,11.0,14.7
4.0,12.0,-34.43,150.89,11.0,21.8
4.0,9.0,-34.43,150.89,11.0,18.9
4.0,15.0,-34.43,150.89,11.0,21.1
4.0,3.0,-34.43,150.89,11.0,16.6
4.0,12.0,-34.43,150.89,11.0,24.7
4.0,9.0,-34.43,150.89,11.0,20.2
4.0,15.0,-34.43,150.89,11.0,21.0
4.0,3.0,-34.43,150.89,11.0,15.9
4.0,12.0,-34.43,150.89,11.0,22.6
4.0,9.0,-34.43,150.89,11.0,20.2
4.0,15.0,-34.43,150.89,11.0,22.3
4.0,3.0,-34.43,150.89,11.0,15.5
4.0,12.0,-34.43,150.89,11.0,23.5
4.0,9.0,-34.43,150.89,11.0,21.4
4.0,15.0,-34.43,150.89,11.0,22.2
4.0,3.0,-34.43,150.89,11.0,16.5
4.0,12.0,-34.43,150.89,11.0,22.3
4.0,9.0,-34.43,150.89,11.0,20.0
4.0,15.0,-34.43,150.89,11.0,21.0
4.0,3.0,-34.43,150.89,11.0,17.0
4.0,12.0,-34.43,150.89,11.0,23.1
4.0,9.0,-34.43,150.89,11.0,20.5
4.0,15.0,-34.43,150.89,11.0,22.2
4.0,3.0,-34.43,150.89,11.0,16.0
4.0,12.0,-34.43,150.89,11.0,23.8
4.0,9.0,-34.43,150.89,11.0,21.3
4.0,15.0,-34.43,150.89,11.0,21.3
4.0,3.0,-34.43,150.89,11.0,17.8
4.0,12.0,-34.43,150.89,11.0,23.3
4.0,9.0,-34.43,150.89,11.0,19.6
4.0,15.0,-34.43,150.89,11.0,20.8
4.0,3.0,-34.43,150.89,11.0,15.5
4.0,12.0,-34.43,150.89,11.0,22.5
4.0,9.0,-34.43,150.89,11.0,19.9
4.0,15.0,-34.43,150.89,11.0,21.7
4.0,3.0,-34.43,150.89,11.0,15.3
4.0,12.0,-34.43,150.89,11.0,22.9
4.0,9.0,-34.43,150.89,11.0,20.5
4.0,15.0,-34.43,150.89,11.0,21.7
4.0,3.0,-34.43,150.89,11.0,19.4
4.0,12.0,-34.43,150.89,11.0,24.1
4.0,9.0,-34.43,150.89,11.0,20.1
4.0,15.0,-34.43,150.89,11.0,21.8
4.0,3.0,-34.43,150.89,11.0,15.8
4.0,12.0,-34.43,150.89,11.0,24.0
4.0,9.0,-34.43,150.89,11.0,19.8
4.0,15.0,-34.43,150.89,11.0,16.4
4.0,3.0,-34.43,150.89,11.0,10.1
4.0,12.0,-34.43,150.89,11.0,18.2
4.0,9.0,-34.43,150.89,11.0,14.6
4.0,15.0,-34.43,150.89,11.0,17.1
4.0,3.0,-34.43,150.89,11.0,12.0
4.0,12.0,-34.43,150.89,11.0,18.9
4.0,9.0,-34.43,150.89,11.0,15.6
4.0,15.0,-34.43,150.89,11.0,18.4
4.0,3.0,-34.43,150.89,11.0,11.3
4.0,12.0,-34.43,150.89,11.0,20.5
4.0,9.0,-34.43,150.89,11.0,17.3
4.0,15.0,-34.43,150.89,11.0,19.7
4.0,3.0,-34.43,150.89,11.0,14.7
4.0,12.0,-34.43,150.89,11.0,20.6
4.0,9.0,-34.43,150.89,11.0,19.0
4.0,15.0,-34.43,150.89,11.0,19.4
