8.0,3.0,-34.43,150.89,11.0,12.8
8.0,12.0,-34.43,150.89,11.0,16.8
8.0,9.0,-34.43,150.89,11.0,15.6
8.0,15.0,-34.43,150.89,11.0,16.1
8.0,3.0,-34.43,150.89,11.0,12.8
8.0,12.0,-34.43,150.89,11.0,14.1
8.0,9.0,-34.43,150.89,11.0,13.7
8.0,15.0,-34.43,150.89,11.0,10.1
8.0,3.0,-34.43,150.89,11.0,9.6
8.0,12.0,-34.43,150.89,11.0,14.7
8.0,9.0,-34.43,150.89,11.0,10.9
8.0,15.0,-34.43,150.89,11.0,14.0
8.0,3.0,-34.43,150.89,11.0,9.7
8.0,12.0,-34.43,150.89,11.0,14.5
8.0,9.0,-34.43,150.89,11.0,10.1
8.0,15.0,-34.43,150.89,11.0,12.8
8.0,3.0,-34.43,150.89,11.0,9.9
8.0,12.0,-34.43,150.89,11.0,15.1
8.0,9.0,-34.43,150.89,11.0,12.5
8.0,15.0,-34.43,150.89,11.0,14.1
8.0,3.0,-34.43,150.89,11.0,10.2
8.0,12.0,-34.43,150.89,11.0,15.7
8.0,9.0,-34.43,150.89,11.0,13.0
8.0,15.0,-34.43,150.89,11.0,14.8
8.0,3.0,-34.43,150.89,11.0,10.3
8.0,12.0,-34.43,150.89,11.0,16.2
8.0,9.0,-34.43,150.89,11.0,14.5
8.0,15.0,-34.43,150.89,11.0,15.6
8.0,3.0,-34.43,150.89,11.0,9.0
8.0,12.0,-34.43,150.89,11.0,17.6
8.0,9.0,-34.43,150.89,11.0,14.3
8.0,15.0,-34.43,150.89,11.0,17.0
8.0,3.0,-34.43,150.89,11.0,11.1
8.0,12.0,-34.43,150.89,11.0,19.1
8.0,9.0,-34.43,150.89,11.0,15.6
8.0,15.0,-34.43,150.89,11.0,18.2
8.0,3.0,-34.43,150.89,11.0,14.6
8.0,12.0,-34.43,150.89,11.0,24.7
8.0,9.0,-34.43,150.89,11.0,16.2
8.0,15.0,-34.43,150.89,11.0,24.0
8.0,3.0,-34.43,150.89,11.0,10.6
8.0,12.0,-34.43,150.89,11.0,18.7
8.0,9.0,-34.43,150.89,11.0,14.2
8.0,15.0,-34.43,150.89,11.0,18.0
8.0,3.0,-34.43,150.89,11.0,7.1
8.0,12.0,-34.43,150.89,11.0,18.2
8.0,9.0,-34.43,150.89,11.0,13.6
8.0,15.0,-34.43,150.89,11.0,17.7
8.0,3.0,-34.43,150.89,11.0,10.7
8.0,12.0,-34.43,150.89,11.0,20.1
8.0,9.0,-34.43,150.89,11.0,15.1
8.0,15.0,-34.43,150.89,11.0,18.3
8.0,3.0,-34.43,150.89,11.0,12.3
8.0,12.0,-34.43,150.89,11.0,17.6
8.0,9.0,-34.43,150.89,11.0,15.8
8.0,15.0,-34.43,150.89,11.0,17.3
8.0,3.0,-34.43,150.89,11.0,10.5
8.0,12.0,-34.43,150.89,11.0,20.2
8.0,9.0,-34.43,150.89,11.0,16.0
8.0,15.0,-34.43,150.89,11.0,18.4
8.0,3.0,-34.43,150.89,11.0,13.6
8.0,12.0,-34.43,150.89,11.0,21.0
8.0,9.0,-34.43,150.89,11.0,17.1
8.0,15.0,-34.43,150.89,11.0,18.8
8.0,3.0,-34.43,150.89,11.0,13.0
8.0,12.0,-34.43,150.89,11.0,22.8
8.0,9.0,-34.43,150.89,11.0,17.9
8.0,15.0,-34.43,150.89,11.0,19.1
8.0,3.0,-34.43,150.89,11.0,13.5
8.0,12.0,-34.43,150.89,11.0,20.4
8.0,9.0,-34.43,150.89,11.0,18.3
8.0,15.0,-34.43,150.89,11.0,20.2
8.0,3.0,-34.43,150.89,11.0,13.8
8.0,12.0,-34.43,150.89,11.0,22.3
8.0,9.0,-34.43,150.89,11.0,18.4
8.0,15.0,-34.43,150.89,11.0,21.3
8.0,3.0,-34.43,150.89,11.0,10.0
8.0,12.0,-34.43,150.89,11.0,16.7
8.0,9.0,-34.43,150.89,11.0,13.7
8.0,15.0,-34.43,150.89,11.0,15.3
8.0,3.0,-34.43,150.89,11.0,10.0
8.0,12.0,-34.43,150.89,11.0,19.5
8.0,9.0,-34.43,150.89,11.0,14.2
8.0,15.0,-34.43,150.89,11.0,18.8
8.0,3.0,-34.43,150.89,11.0,10.5
8.0,12.0,-34.43,150.89,11.0,17.0
8.0,9.0,-34.43,150.89,11.0,14.4
8.0,15.0,-34.43,150.89,11.0,14.3
8.0,3.0,-34.43,150.89,11.0,9.7
8.0,12.0,-34.43,150.89,11.0,15.9
8.0,9.0,-34.43,150.89,11.0,13.9
8.0,15.0,-34.43,150.89,11.0,14.8
8.0,3.0,-34.43,150.89,11.0,11.0
8.0,12.0,-34.43,150.89,11.0,13.4
8.0,9.0,-34.43,150.89,11.0,12.0
8.0,15.0,-34.43,150.89,11.0,11.7
8.0,3.0,-34.43,150.89,11.0,8.8
8.0,12.0,-34.43,150.89,11.0,16.4
8.0,9.0,-34.43,150.89,11.0,11.7
8.0,15.0,-34.43,150.89,11.0,14.4
8.0,3.0,-34.43,150.89,11.0,7.8
8.0,12.0,-34.43,150.89,11.0,15.6
8.0,9.0,-34.43,150.89,11.0,12.0
8.0,15.0,-34.43,150.89,11.0,14.6
8.0,3.0,-34.43,150.89,11.0,8.7
8.0,12.0,-34.43,150.89,11.0,18.4
8.0,9.0,-34.43,150.89,11.0,13.4
8.0,15.0,-34.43,150.89,11.0,17.2
8.0,3.0,-34.43,150.89,11.0,10.3
8.0,12.0,-34.43,150.89,11.0,18.9
8.0,9.0,-34.43,150.89,11.0,14.7
8.0,15.0,-34.43,150.89,11.0,18.4
8.0,3.0,-34.43,150.89,11.0,9.7
8.0,12.0,-34.43,150.89,11.0,18.7
8.0,9.0,-34.43,150.89,11.0,16.4
8.0,15.0,-34.43,150.89,11.0,17.8
8.0,3.0,-34.43,150.89,11.0,13.7
8.0,12.0,-34.43,150.89,11.0,19.2
8.0,9.0,-34.43,150.89,11.0,17.1
8.0,15.0,-34.43,150.89,11.0,18.0
8.0,3.0,-34.43,150.89,11.0,16.2
8.0,12.0,-34.43,150.89,11.0,21.8
8.0,9.0,-34.43,150.89,11.0,18.1
8.0,15.0,-34.43,150.89,11.0,21.4
