11.0,3.0,-34.43,150.89,11.0,12.1
11.0,12.0,-34.43,150.89,11.0,21.0
11.0,9.0,-34.43,150.89,11.0,17.4
11.0,15.0,-34.43,150.89,11.0,20.1
11.0,3.0,-34.43,150.89,11.0,12.5
11.0,12.0,-34.43,150.89,11.0,22.2
11.0,9.0,-34.43,150.89,11.0,20.0
11.0,15.0,-34.43,150.89,11.0,21.1
11.0,3.0,-34.43,150.89,11.0,13.4
11.0,12.0,-34.43,150.89,11.0,24.0
11.0,9.0,-34.43,150.89,11.0,20.7
11.0,15.0,-34.43,150.89,11.0,21.7
11.0,3.0,-34.43,150.89,11.0,14.5
11.0,12.0,-34.43,150.89,11.0,30.5
11.0,9.0,-34.43,150.89,11.0,22.0
11.0,15.0,-34.43,150.89,11.0,29.5
11.0,3.0,-34.43,150.89,11.0,17.3
11.0,12.0,-34.43,150.89,11.0,23.9
11.0,9.0,-34.43,150.89,11.0,21.3
11.0,15.0,-34.43,150.89,11.0,23.1
11.0,3.0,-34.43,150.89,11.0,14.2
11.0,12.0,-34.43,150.89,11.0,22.7
11.0,9.0,-34.43,150.89,11.0,18.7
11.0,15.0,-34.43,150.89,11.0,20.4
11.0,3.0,-34.43,150.89,11.0,14.1
11.0,12.0,-34.43,150.89,11.0,27.6
11.0,9.0,-34.43,150.89,11.0,22.7
11.0,15.0,-34.43,150.89,11.0,21.9
11.0,3.0,-34.43,150.89,11.0,18.1
11.0,12.0,-34.43,150.89,11.0,20.2
11.0,9.0,-34.43,150.89,11.0,18.5
11.0,15.0,-34.43,150.89,11.0,20.2
11.0,3.0,-34.43,150.89,11.0,16.2
11.0,12.0,-34.43,150.89,11.0,19.4
11.0,9.0,-34.43,150.89,11.0,17.6
11.0,15.0,-34.43,150.89,11.0,17.3
11.0,3.0,-34.43,150.89,11.0,16.1
11.0,12.0,-34.43,150.89,11.0,22.4
11.0,9.0,-34.43,150.89,11.0,18.9
11.0,15.0,-34.43,150.89,11.0,22.2
11.0,3.0,-34.43,150.89,11.0,15.5
11.0,12.0,-34.43,150.89,11.0,22.2
11.0,9.0,-34.43,150.89,11.0,19.0
11.0,15.0,-34.43,150.89,11.0,21.0
11.0,3.0,-34.43,150.89,11.0,18.6
11.0,12.0,-34.43,150.89,11.0,26.3
11.0,9.0,-34.43,150.89,11.0,20.3
11.0,15.0,-34.43,150.89,11.0,24.2
11.0,3.0,-34.43,150.89,11.0,15.4
11.0,12.0,-34.43,150.89,11.0,28.3
11.0,9.0,-34.43,150.89,11.0,24.0
11.0,15.0,-34.43,150.89,11.0,26.8
11.0,3.0,-34.43,150.89,11.0,17.0
11.0,12.0,-34.43,150.89,11.0,23.0
11.0,9.0,-34.43,150.89,11.0,20.7
11.0,15.0,-34.43,150.89,11.0,17.9
11.0,3.0,-34.43,150.89,11.0,13.4
11.0,12.0,-34.43,150.89,11.0,20.5
11.0,9.0,-34.43,150.89,11.0,15.9
11.0,15.0,-34.43,150.89,11.0,19.5
11.0,3.0,-34.43,150.89,11.0,14.0
11.0,12.0,-34.43,150.89,11.0,21.5
11.0,9.0,-34.43,150.89,11.0,20.3
11.0,15.0,-34.43,150.89,11.0,19.3
11.0,3.0,-34.43,150.89,11.0,15.0
11.0,12.0,-34.43,150.89,11.0,26.5
11.0,9.0,-34.43,150.89,11.0,19.2
11.0,15.0,-34.43,150.89,11.0,21.3
11.0,3.0,-34.43,150.89,11.0,18.3
11.0,12.0,-34.43,150.89,11.0,29.9
11.0,9.0,-34.43,150.89,11.0,26.1
11.0,15.0,-34.43,150.89,11.0,23.5
11.0,3.0,-34.43,150.89,11.0,18.1
11.0,12.0,-34.43,150.89,11.0,20.5
11.0,9.0,-34.43,150.89,11.0,19.7
11.0,15.0,-34.43,150.89,11.0,19.5
11.0,3.0,-34.43,150.89,11.0,18.1
11.0,12.0,-34.43,150.89,11.0,23.6
11.0,9.0,-34.43,150.89,11.0,19.7
11.0,15.0,-34.43,150.89,11.0,22.0
11.0,3.0,-34.43,150.89,11.0,18.0
11.0,12.0,-34.43,150.89,11.0,24.8
11.0,9.0,-34.43,150.89,11.0,21.9
11.0,15.0,-34.43,150.89,11.0,23.0
11.0,3.0,-34.43,150.89,11.0,21.0
11.0,12.0,-34.43,150.89,11.0,25.2
11.0,9.0,-34.43,150.89,11.0,23.8
11.0,15.0,-34.43,150.89,11.0,22.4
11.0,3.0,-34.43,150.89,11.0,19.9
11.0,12.0,-34.43,150.89,11.0,24.0
11.0,9.0,-34.43,150.89,11.0,22.1
11.0,15.0,-34.43,150.89,11.0,19.4
11.0,3.0,-34.43,150.89,11.0,12.4
11.0,12.0,-34.43,150.89,11.0,20.6
11.0,9.0,-34.43,150.89,11.0,18.4
11.0,15.0,-34.43,150.89,11.0,20.3
11.0,3.0,-34.43,150.89,11.0,14.8
11.0,12.0,-34.43,150.89,11.0,22.1
11.0,9.0,-34.43,150.89,11.0,20.1
11.0,15.0,-34.43,150.89,11.0,21.1
11.0,3.0,-34.43,150.89,11.0,15.7
11.0,12.0,-34.43,150.89,11.0,23.2
11.0,9.0,-34.43,150.89,11.0,20.7
11.0,15.0,-34.43,150.89,11.0,22.9
11.0,3.0,-34.43,150.89,11.0,18.1
11.0,12.0,-34.43,150.89,11.0,23.4
11.0,9.0,-34.43,150.89,11.0,19.4
11.0,15.0,-34.43,150.89,11.0,20.8
11.0,3.0,-34.43,150.89,11.0,18.9
11.0,12.0,-34.43,150.89,11.0,24.9
11.0,9.0,-34.43,150.89,11.0,23.0
11.0,15.0,-34.43,150.89,11.0,23.9
11.0,3.0,-34.43,150.89,11.0,17.7
11.0,12.0,-34.43,150.89,11.0,21.9
11.0,9.0,-34.43,150.89,11.0,20.5
11.0,15.0,-34.43,150.89,11.0,19.8
