10.0,9.0,-12.46,130.84,41.0,1011.9
10.0,15.0,-12.46,130.84,41.0,1008.4
10.0,9.0,-12.46,130.84,41.0,1012.6
10.0,15.0,-12.46,130.84,41.0,1008.0
10.0,9.0,-12.46,130.84,41.0,1011.9
10.0,15.0,-12.46,130.84,41.0,1008.2
10.0,9.0,-12.46,130.84,41.0,1012.0
10.0,15.0,-12.46,130.84,41.0,1007.0
10.0,9.0,-12.46,130.84,41.0,1012.7
10.0,15.0,-12.46,130.84,41.0,1009.0
10.0,9.0,-12.46,130.84,41.0,1013.3
10.0,15.0,-12.46,130.84,41.0,1009.2
10.0,9.0,-12.46,130.84,41.0,1014.1
10.0,15.0,-12.46,130.84,41.0,1009.6
10.0,9.0,-12.46,130.84,41.0,1014.8
10.0,15.0,-12.46,130.84,41.0,1009.1
10.0,9.0,-12.46,130.84,41.0,1014.1
10.0,15.0,-12.46,130.84,41.0,1009.2
10.0,9.0,-12.46,130.84,41.0,1013.2
10.0,15.0,-12.46,130.84,41.0,1008.9
10.0,9.0,-12.46,130.84,41.0,1012.3
10.0,15.0,-12.46,130.84,41.0,1008.6
10.0,9.0,-12.46,130.84,41.0,1011.9
10.0,15.0,-12.46,130.84,41.0,1007.3
10.0,9.0,-12.46,130.84,41.0,1013.0
10.0,15.0,-12.46,130.84,41.0,1007.8
10.0,9.0,-12.46,130.84,41.0,1012.6
10.0,15.0,-12.46,130.84,41.0,1007.5
10.0,9.0,-12.46,130.84,41.0,1012.0
10.0,15.0,-12.46,130.84,41.0,1007.8
10.0,9.0,-12.46,130.84,41.0,1012.5
10.0,15.0,-12.46,130.84,41.0,1008.6
10.0,9.0,-12.46,130.84,41.0,1010.5
10.0,15.0,-12.46,130.84,41.0,1007.7
10.0,9.0,-12.46,130.84,41.0,1012.1
10.0,15.0,-12.46,130.84,41.0,1008.3
10.0,9.0,-12.46,130.84,41.0,1012.3
10.0,15.0,-12.46,130.84,41.0,1008.0
10.0,9.0,-12.46,130.84,41.0,1011.9
10.0,15.0,-12.46,130.84,41.0,1007.6
10.0,9.0,-12.46,130.84,41.0,1012.4
10.0,15.0,-12.46,130.84,41.0,1008.1
10.0,9.0,-12.46,130.84,41.0,1014.8
10.0,15.0,-12.46,130.84,41.0,1011.2
10.0,9.0,-12.46,130.84,41.0,1013.3
10.0,15.0,-12.46,130.84,41.0,1008.9
10.0,9.0,-12.46,130.84,41.0,1011.6
10.0,15.0,-12.46,130.84,41.0,1007.7
10.0,9.0,-12.46,130.84,41.0,1012.2
10.0,15.0,-12.46,130.84,41.0,1008.2
10.0,9.0,-12.46,130.84,41.0,1013.4
10.0,15.0,-12.46,130.84,41.0,1008.9
10.0,9.0,-12.46,130.84,41.0,1012.8
10.0,15.0,-12.46,130.84,41.0,1008.1
10.0,9.0,-12.46,130.84,41.0,1011.7
10.0,15.0,-12.46,130.84,41.0,1007.9
10.0,9.0,-12.46,130.84,41.0,1011.4
10.0,15.0,-12.46,130.84,41.0,1007.3
10.0,9.0,-12.46,130.84,41.0,1012.4
10.0,15.0,-12.46,130.84,41.0,1007.9
10.0,9.0,-12.46,130.84,41.0,1011.3
10.0,15.0,-12.46,130.84,41.0,1007.6
