3.0,9.0,-12.46,130.84,41.0,1009.7
3.0,15.0,-12.46,130.84,41.0,1005.9
3.0,9.0,-12.46,130.84,41.0,1007.6
3.0,15.0,-12.46,130.84,41.0,1004.7
3.0,9.0,-12.46,130.84,41.0,1006.0
3.0,15.0,-12.46,130.84,41.0,1002.2
3.0,9.0,-12.46,130.84,41.0,1006.0
3.0,15.0,-12.46,130.84,41.0,1001.5
3.0,9.0,-12.46,130.84,41.0,1002.7
3.0,15.0,-12.46,130.84,41.0,1000.2
3.0,9.0,-12.46,130.84,41.0,1005.2
3.0,15.0,-12.46,130.84,41.0,1003.4
3.0,9.0,-12.46,130.84,41.0,1007.4
3.0,15.0,-12.46,130.84,41.0,1005.1
3.0,9.0,-12.46,130.84,41.0,1008.6
3.0,15.0,-12.46,130.84,41.0,1006.3
3.0,9.0,-12.46,130.84,41.0,1009.5
3.0,15.0,-12.46,130.84,41.0,1007.2
3.0,9.0,-12.46,130.84,41.0,1010.9
3.0,15.0,-12.46,130.84,41.0,1006.9
3.0,9.0,-12.46,130.84,41.0,1010.4
3.0,15.0,-12.46,130.84,41.0,1007.2
3.0,9.0,-12.46,130.84,41.0,1009.7
3.0,15.0,-12.46,130.84,41.0,1006.2
3.0,9.0,-12.46,130.84,41.0,1009.4
3.0,15.0,-12.46,130.84,41.0,1006.1
3.0,9.0,-12.46,130.84,41.0,1010.0
3.0,15.0,-12.46,130.84,41.0,1007.2
3.0,9.0,-12.46,130.84,41.0,1009.7
3.0,15.0,-12.46,130.84,41.0,1006.1
3.0,9.0,-12.46,130.84,41.0,1009.3
3.0,15.0,-12.46,130.84,41.0,1005.4
3.0,9.0,-12.46,130.84,41.0,1008.3
3.0,15.0,-12.46,130.84,41.0,1005.6
3.0,9.0,-12.46,130.84,41.0,1009.9
3.0,15.0,-12.46,130.84,41.0,1006.6
3.0,9.0,-12.46,130.84,41.0,1009.5
3.0,15.0,-12.46,130.84,41.0,1006.9
3.0,9.0,-12.46,130.84,41.0,1011.5
3.0,15.0,-12.46,130.84,41.0,1006.9
3.0,9.0,-12.46,130.84,41.0,1008.9
3.0,15.0,-12.46,130.84,41.0,1005.9
3.0,9.0,-12.46,130.84,41.0,1010.1
3.0,15.0,-12.46,130.84,41.0,1007.3
3.0,9.0,-12.46,130.84,41.0,1010.4
3.0,15.0,-12.46,130.84,41.0,1006.8
3.0,9.0,-12.46,130.84,41.0,1009.5
3.0,15.0,-12.46,130.84,41.0,1005.7
3.0,9.0,-12.46,130.84,41.0,1007.9
3.0,15.0,-12.46,130.84,41.0,1006.0
3.0,9.0,-12.46,130.84,41.0,1009.1
3.0,15.0,-12.46,130.84,41.0,1006.2
3.0,9.0,-12.46,130.84,41.0,1011.0
3.0,15.0,-12.46,130.84,41.0,1008.2
3.0,9.0,-12.46,130.84,41.0,1010.8
3.0,15.0,-12.46,130.84,41.0,1006.9
3.0,9.0,-12.46,130.84,41.0,1009.3
3.0,15.0,-12.46,130.84,41.0,1006.8
3.0,9.0,-12.46,130.84,41.0,1010.1
3.0,15.0,-12.46,130.84,41.0,1007.5
3.0,9.0,-12.46,130.84,41.0,1011.0
3.0,15.0,-12.46,130.84,41.0,1007.0
