4.0,9.0,-12.46,130.84,41.0,1010.2
4.0,15.0,-12.46,130.84,41.0,1006.7
4.0,9.0,-12.46,130.84,41.0,1010.3
4.0,15.0,-12.46,130.84,41.0,1007.9
4.0,9.0,-12.46,130.84,41.0,1011.4
4.0,15.0,-12.46,130.84,41.0,1007.6
4.0,9.0,-12.46,130.84,41.0,1011.3
4.0,15.0,-12.46,130.84,41.0,1007.7
4.0,9.0,-12.46,130.84,41.0,1009.6
4.0,15.0,-12.46,130.84,41.0,1005.5
4.0,9.0,-12.46,130.84,41.0,1009.7
4.0,15.0,-12.46,130.84,41.0,1006.3
4.0,9.0,-12.46,130.84,41.0,1010.8
4.0,15.0,-12.46,130.84,41.0,1008.4
4.0,9.0,-12.46,130.84,41.0,1011.1
4.0,15.0,-12.46,130.84,41.0,1008.0
4.0,9.0,-12.46,130.84,41.0,1009.6
4.0,15.0,-12.46,130.84,41.0,1006.0
4.0,9.0,-12.46,130.84,41.0,1007.6
4.0,15.0,-12.46,130.84,41.0,1003.8
4.0,9.0,-12.46,130.84,41.0,1007.4
4.0,15.0,-12.46,130.84,41.0,1003.9
4.0,9.0,-12.46,130.84,41.0,1007.3
4.0,15.0,-12.46,130.84,41.0,1005.4
4.0,9.0,-12.46,130.84,41.0,1011.9
4.0,15.0,-12.46,130.84,41.0,1009.2
4.0,9.0,-12.46,130.84,41.0,1012.8
4.0,15.0,-12.46,130.84,41.0,1009.3
4.0,9.0,-12.46,130.84,41.0,1012.2
4.0,15.0,-12.46,130.84,41.0,1008.7
4.0,9.0,-12.46,130.84,41.0,1011.3
4.0,15.0,-12.46,130.84,41.0,1008.0
4.0,9.0,-12.46,130.84,41.0,1011.7
4.0,15.0,-12.46,130.84,41.0,1008.4
4.0,9.0,-12.46,130.84,41.0,1013.0
4.0,15.0,-12.46,130.84,41.0,1009.4
4.0,9.0,-12.46,130.84,41.0,1013.1
4.0,15.0,-12.46,130.84,41.0,1010.1
4.0,9.0,-12.46,130.84,41.0,1014.0
4.0,15.0,-12.46,130.84,41.0,1010.0
4.0,9.0,-12.46,130.84,41.0,1013.0
4.0,15.0,-12.46,130.84,41.0,1009.2
4.0,9.0,-12.46,130.84,41.0,1012.5
4.0,15.0,-12.46,130.84,41.0,1008.6
4.0,9.0,-12.46,130.84,41.0,1011.9
4.0,15.0,-12.46,130.84,41.0,1009.3
4.0,9.0,-12.46,130.84,41.0,1012.3
4.0,15.0,-12.46,130.84,41.0,1008.9
4.0,9.0,-12.46,130.84,41.0,1011.7
4.0,15.0,-12.46,130.84,41.0,1008.4
4.0,9.0,-12.46,130.84,41.0,1011.0
4.0,15.0,-12.46,130.84,41.0,1007.9
4.0,9.0,-12.46,130.84,41.0,1011.4
4.0,15.0,-12.46,130.84,41.0,1008.8
4.0,9.0,-12.46,130.84,41.0,1013.4
4.0,15.0,-12.46,130.84,41.0,1010.6
4.0,9.0,-12.46,130.84,41.0,1013.1
4.0,15.0,-12.46,130.84,41.0,1010.6
4.0,9.0,-12.46,130.84,41.0,1014.1
4.0,15.0,-12.46,130.84,41.0,1010.7
