12.0,9.0,-12.46,130.84,41.0,1009.5
12.0,15.0,-12.46,130.84,41.0,1006.2
12.0,9.0,-12.46,130.84,41.0,1009.6
12.0,15.0,-12.46,130.84,41.0,1006.8
12.0,9.0,-12.46,130.84,41.0,1010.6
12.0,15.0,-12.46,130.84,41.0,1008.0
12.0,9.0,-12.46,130.84,41.0,1010.6
12.0,15.0,-12.46,130.84,41.0,1007.2
12.0,9.0,-12.46,130.84,41.0,1010.2
12.0,15.0,-12.46,130.84,41.0,1006.6
12.0,9.0,-12.46,130.84,41.0,1010.4
12.0,15.0,-12.46,130.84,41.0,1006.4
12.0,9.0,-12.46,130.84,41.0,1010.0
12.0,15.0,-12.46,130.84,41.0,1005.6
12.0,9.0,-12.46,130.84,41.0,1008.4
12.0,15.0,-12.46,130.84,41.0,1004.3
12.0,9.0,-12.46,130.84,41.0,1008.5
12.0,15.0,-12.46,130.84,41.0,1005.5
12.0,9.0,-12.46,130.84,41.0,1010.7
12.0,15.0,-12.46,130.84,41.0,1006.2
12.0,9.0,-12.46,130.84,41.0,1009.5
12.0,15.0,-12.46,130.84,41.0,1006.6
12.0,9.0,-12.46,130.84,41.0,1009.4
12.0,15.0,-12.46,130.84,41.0,1006.8
12.0,9.0,-12.46,130.84,41.0,1009.7
12.0,15.0,-12.46,130.84,41.0,1006.1
12.0,9.0,-12.46,130.84,41.0,1009.6
12.0,15.0,-12.46,130.84,41.0,1006.4
12.0,9.0,-12.46,130.84,41.0,1008.9
12.0,15.0,-12.46,130.84,41.0,1006.5
12.0,9.0,-12.46,130.84,41.0,1008.2
12.0,15.0,-12.46,130.84,41.0,1004.3
12.0,9.0,-12.46,130.84,41.0,1008.8
12.0,15.0,-12.46,130.84,41.0,1006.0
12.0,9.0,-12.46,130.84,41.0,1008.2
12.0,15.0,-12.46,130.84,41.0,1004.8
12.0,9.0,-12.46,130.84,41.0,1006.0
12.0,15.0,-12.46,130.84,41.0,1003.1
12.0,9.0,-12.46,130.84,41.0,1001.6
12.0,15.0,-12.46,130.84,41.0,999.5
12.0,9.0,-12.46,130.84,41.0,1007.0
12.0,15.0,-12.46,130.84,41.0,1003.9
12.0,9.0,-12.46,130.84,41.0,1008.0
12.0,15.0,-12.46,130.84,41.0,1005.8
12.0,9.0,-12.46,130.84,41.0,1007.9
12.0,15.0,-12.46,130.84,41.0,1004.6
12.0,9.0,-12.46,130.84,41.0,1008.1
12.0,15.0,-12.46,130.84,41.0,1005.6
12.0,9.0,-12.46,130.84,41.0,1008.5
12.0,15.0,-12.46,130.84,41.0,1004.7
12.0,9.0,-12.46,130.84,41.0,1006.6
12.0,15.0,-12.46,130.84,41.0,1004.5
12.0,9.0,-12.46,130.84,41.0,1006.1
12.0,15.0,-12.46,130.84,41.0,1004.5
12.0,9.0,-12.46,130.84,41.0,1007.2
12.0,15.0,-12.46,130.84,41.0,1004.9
12.0,9.0,-12.46,130.84,41.0,1006.8
12.0,15.0,-12.46,130.84,41.0,1003.5
12.0,9.0,-12.46,130.84,41.0,1003.9
12.0,15.0,-12.46,130.84,41.0,1004.1
12.0,9.0,-12.46,130.84,41.0,1005.0
12.0,15.0,-12.46,130.84,41.0,1002.0
