9.0,9.0,-12.46,130.84,41.0,1013.7
9.0,15.0,-12.46,130.84,41.0,1009.8
9.0,9.0,-12.46,130.84,41.0,1012.2
9.0,15.0,-12.46,130.84,41.0,1008.2
9.0,9.0,-12.46,130.84,41.0,1012.3
9.0,15.0,-12.46,130.84,41.0,1008.9
9.0,9.0,-12.46,130.84,41.0,1014.6
9.0,15.0,-12.46,130.84,41.0,1011.5
9.0,9.0,-12.46,130.84,41.0,1016.0
9.0,15.0,-12.46,130.84,41.0,1011.8
9.0,9.0,-12.46,130.84,41.0,1015.8
9.0,15.0,-12.46,130.84,41.0,1011.4
9.0,9.0,-12.46,130.84,41.0,1016.1
9.0,15.0,-12.46,130.84,41.0,1011.3
9.0,9.0,-12.46,130.84,41.0,1014.9
9.0,15.0,-12.46,130.84,41.0,1011.1
9.0,9.0,-12.46,130.84,41.0,1014.4
9.0,15.0,-12.46,130.84,41.0,1009.9
9.0,9.0,-12.46,130.84,41.0,1013.2
9.0,15.0,-12.46,130.84,41.0,1009.3
9.0,9.0,-12.46,130.84,41.0,1012.4
9.0,15.0,-12.46,130.84,41.0,1008.7
9.0,9.0,-12.46,130.84,41.0,1012.9
9.0,15.0,-12.46,130.84,41.0,1009.0
9.0,9.0,-12.46,130.84,41.0,1013.6
9.0,15.0,-12.46,130.84,41.0,1009.1
9.0,9.0,-12.46,130.84,41.0,1013.7
9.0,15.0,-12.46,130.84,41.0,1009.2
9.0,9.0,-12.46,130.84,41.0,1013.5
9.0,15.0,-12.46,130.84,41.0,1009.5
9.0,9.0,-12.46,130.84,41.0,1013.6
9.0,15.0,-12.46,130.84,41.0,1009.6
9.0,9.0,-12.46,130.84,41.0,1012.7
9.0,15.0,-12.46,130.84,41.0,1009.1
9.0,9.0,-12.46,130.84,41.0,1011.5
9.0,15.0,-12.46,130.84,41.0,1008.4
9.0,9.0,-12.46,130.84,41.0,1011.0
9.0,15.0,-12.46,130.84,41.0,1007.7
9.0,9.0,-12.46,130.84,41.0,1012.0
9.0,15.0,-12.46,130.84,41.0,1009.1
9.0,9.0,-12.46,130.84,41.0,1012.9
9.0,15.0,-12.46,130.84,41.0,1009.7
9.0,9.0,-12.46,130.84,41.0,1012.7
9.0,15.0,-12.46,130.84,41.0,1008.9
9.0,9.0,-12.46,130.84,41.0,1012.4
9.0,15.0,-12.46,130.84,41.0,1007.8
9.0,9.0,-12.46,130.84,41.0,1011.6
9.0,15.0,-12.46,130.84,41.0,1006.8
9.0,9.0,-12.46,130.84,41.0,1010.2
9.0,15.0,-12.46,130.84,41.0,1007.2
9.0,9.0,-12.46,130.84,41.0,1011.3
9.0,15.0,-12.46,130.84,41.0,1008.0
9.0,9.0,-12.46,130.84,41.0,1012.4
9.0,15.0,-12.46,130.84,41.0,1008.3
9.0,9.0,-12.46,130.84,41.0,1011.9
9.0,15.0,-12.46,130.84,41.0,1008.1
9.0,9.0,-12.46,130.84,41.0,1010.3
9.0,15.0,-12.46,130.84,41.0,1006.3
9.0,9.0,-12.46,130.84,41.0,1010.6
9.0,15.0,-12.46,130.84,41.0,1008.1
