11.0,9.0,-12.46,130.84,41.0,1010.5
11.0,15.0,-12.46,130.84,41.0,1007.9
11.0,9.0,-12.46,130.84,41.0,1010.1
11.0,15.0,-12.46,130.84,41.0,1005.5
11.0,9.0,-12.46,130.84,41.0,1010.8
11.0,15.0,-12.46,130.84,41.0,1006.7
11.0,9.0,-12.46,130.84,41.0,1011.0
11.0,15.0,-12.46,130.84,41.0,1007.4
11.0,9.0,-12.46,130.84,41.0,1011.0
11.0,15.0,-12.46,130.84,41.0,1007.6
11.0,9.0,-12.46,130.84,41.0,1011.9
11.0,15.0,-12.46,130.84,41.0,1008.5
11.0,9.0,-12.46,130.84,41.0,1011.9
11.0,15.0,-12.46,130.84,41.0,1007.7
11.0,9.0,-12.46,130.84,41.0,1011.3
11.0,15.0,-12.46,130.84,41.0,1007.6
11.0,9.0,-12.46,130.84,41.0,1010.9
11.0,15.0,-12.46,130.84,41.0,1007.2
11.0,9.0,-12.46,130.84,41.0,1011.4
11.0,15.0,-12.46,130.84,41.0,1008.2
11.0,9.0,-12.46,130.84,41.0,1011.0
11.0,15.0,-12.46,130.84,41.0,1007.3
11.0,9.0,-12.46,130.84,41.0,1011.2
11.0,15.0,-12.46,130.84,41.0,1007.5
11.0,9.0,-12.46,130.84,41.0,1010.5
11.0,15.0,-12.46,130.84,41.0,1006.6
11.0,9.0,-12.46,130.84,41.0,1011.3
11.0,15.0,-12.46,130.84,41.0,1006.4
11.0,9.0,-12.46,130.84,41.0,1011.9
11.0,15.0,-12.46,130.84,41.0,1007.3
11.0,9.0,-12.46,130.84,41.0,1011.5
11.0,15.0,-12.46,130.84,41.0,1007.3
11.0,9.0,-12.46,130.84,41.0,1011.2
11.0,15.0,-12.46,130.84,41.0,1007.4
11.0,9.0,-12.46,130.84,41.0,1010.1
11.0,15.0,-12.46,130.84,41.0,1006.1
11.0,9.0,-12.46,130.84,41.0,1009.4
11.0,15.0,-12.46,130.84,41.0,1006.8
11.0,9.0,-12.46,130.84,41.0,1011.0
11.0,15.0,-12.46,130.84,41.0,1007.1
11.0,9.0,-12.46,130.84,41.0,1011.1
11.0,15.0,-12.46,130.84,41.0,1006.3
11.0,9.0,-12.46,130.84,41.0,1009.7
11.0,15.0,-12.46,130.84,41.0,1006.0
11.0,9.0,-12.46,130.84,41.0,1010.5
11.0,15.0,-12.46,130.84,41.0,1006.3
11.0,9.0,-12.46,130.84,41.0,1009.6
11.0,15.0,-12.46,130.84,41.0,1005.7
11.0,9.0,-12.46,130.84,41.0,1008.9
11.0,15.0,-12.46,130.84,41.0,1006.0
11.0,9.0,-12.46,130.84,41.0,1009.8
11.0,15.0,-12.46,130.84,41.0,1006.7
11.0,9.0,-12.46,130.84,41.0,1010.3
11.0,15.0,-12.46,130.84,41.0,1006.5
11.0,9.0,-12.46,130.84,41.0,1010.1
11.0,15.0,-12.46,130.84,41.0,1007.2
11.0,9.0,-12.46,130.84,41.0,1010.7
11.0,15.0,-12.46,130.84,41.0,1007.2
11.0,9.0,-12.46,130.84,41.0,1009.3
11.0,15.0,-12.46,130.84,41.0,1006.0
