7.0,9.0,-12.46,130.84,41.0,1015.5
7.0,15.0,-12.46,130.84,41.0,1012.4
7.0,9.0,-12.46,130.84,41.0,1015.0
7.0,15.0,-12.46,130.84,41.0,1011.7
7.0,9.0,-12.46,130.84,41.0,1014.6
7.0,15.0,-12.46,130.84,41.0,1010.3
7.0,9.0,-12.46,130.84,41.0,1014.8
7.0,15.0,-12.46,130.84,41.0,1011.8
7.0,9.0,-12.46,130.84,41.0,1014.9
7.0,15.0,-12.46,130.84,41.0,1011.3
7.0,9.0,-12.46,130.84,41.0,1014.7
7.0,15.0,-12.46,130.84,41.0,1011.4
7.0,9.0,-12.46,130.84,41.0,1014.3
7.0,15.0,-12.46,130.84,41.0,1010.5
7.0,9.0,-12.46,130.84,41.0,1014.5
7.0,15.0,-12.46,130.84,41.0,1011.1
7.0,9.0,-12.46,130.84,41.0,1014.5
7.0,15.0,-12.46,130.84,41.0,1010.9
7.0,9.0,-12.46,130.84,41.0,1015.0
7.0,15.0,-12.46,130.84,41.0,1011.6
7.0,9.0,-12.46,130.84,41.0,1015.5
7.0,15.0,-12.46,130.84,41.0,1011.8
7.0,9.0,-12.46,130.84,41.0,1016.2
7.0,15.0,-12.46,130.84,41.0,1012.2
7.0,9.0,-12.46,130.84,41.0,1016.5
7.0,15.0,-12.46,130.84,41.0,1012.3
7.0,9.0,-12.46,130.84,41.0,1015.8
7.0,15.0,-12.46,130.84,41.0,1011.1
7.0,9.0,-12.46,130.84,41.0,1014.9
7.0,15.0,-12.46,130.84,41.0,1010.9
7.0,9.0,-12.46,130.84,41.0,1015.0
7.0,15.0,-12.46,130.84,41.0,1010.7
7.0,9.0,-12.46,130.84,41.0,1014.3
7.0,15.0,-12.46,130.84,41.0,1011.0
7.0,9.0,-12.46,130.84,41.0,1015.4
7.0,15.0,-12.46,130.84,41.0,1011.6
7.0,9.0,-12.46,130.84,41.0,1015.0
7.0,15.0,-12.46,130.84,41.0,1010.4
7.0,9.0,-12.46,130.84,41.0,1014.5
7.0,15.0,-12.46,130.84,41.0,1010.3
7.0,9.0,-12.46,130.84,41.0,1015.4
7.0,15.0,-12.46,130.84,41.0,1011.9
7.0,9.0,-12.46,130.84,41.0,1015.8
7.0,15.0,-12.46,130.84,41.0,1012.0
7.0,9.0,-12.46,130.84,41.0,1015.3
7.0,15.0,-12.46,130.84,41.0,1010.6
7.0,9.0,-12.46,130.84,41.0,1014.8
7.0,15.0,-12.46,130.84,41.0,1010.4
7.0,9.0,-12.46,130.84,41.0,1014.4
7.0,15.0,-12.46,130.84,41.0,1010.4
7.0,9.0,-12.46,130.84,41.0,1014.2
7.0,15.0,-12.46,130.84,41.0,1010.7
7.0,9.0,-12.46,130.84,41.0,1015.3
7.0,15.0,-12.46,130.84,41.0,1011.6
7.0,9.0,-12.46,130.84,41.0,1016.1
7.0,15.0,-12.46,130.84,41.0,1011.9
7.0,9.0,-12.46,130.84,41.0,1016.3
7.0,15.0,-12.46,130.84,41.0,1012.5
7.0,9.0,-12.46,130.84,41.0,1015.3
7.0,15.0,-12.46,130.84,41.0,1011.2
7.0,9.0,-12.46,130.84,41.0,1015.4
7.0,15.0,-12.46,130.84,41.0,1011.5
