1.0,9.0,-12.46,130.84,41.0,1003.7
1.0,15.0,-12.46,130.84,41.0,1000.4
1.0,9.0,-12.46,130.84,41.0,1002.0
1.0,15.0,-12.46,130.84,41.0,999.9
1.0,9.0,-12.46,130.84,41.0,1000.7
1.0,15.0,-12.46,130.84,41.0,998.8
1.0,9.0,-12.46,130.84,41.0,1002.4
1.0,15.0,-12.46,130.84,41.0,1000.8
1.0,9.0,-12.46,130.84,41.0,1005.5
1.0,15.0,-12.46,130.84,41.0,1004.0
1.0,9.0,-12.46,130.84,41.0,1005.6
1.0,15.0,-12.46,130.84,41.0,1002.7
1.0,9.0,-12.46,130.84,41.0,1005.1
1.0,15.0,-12.46,130.84,41.0,1001.9
1.0,9.0,-12.46,130.84,41.0,1004.5
1.0,15.0,-12.46,130.84,41.0,1002.2
1.0,9.0,-12.46,130.84,41.0,1004.6
1.0,15.0,-12.46,130.84,41.0,1001.8
1.0,9.0,-12.46,130.84,41.0,1006.3
1.0,15.0,-12.46,130.84,41.0,1003.8
1.0,9.0,-12.46,130.84,41.0,1006.8
1.0,15.0,-12.46,130.84,41.0,1004.9
1.0,9.0,-12.46,130.84,41.0,1006.5
1.0,15.0,-12.46,130.84,41.0,1003.7
1.0,9.0,-12.46,130.84,41.0,1007.7
1.0,15.0,-12.46,130.84,41.0,1006.0
1.0,9.0,-12.46,130.84,41.0,1008.7
1.0,15.0,-12.46,130.84,41.0,1006.7
1.0,9.0,-12.46,130.84,41.0,1010.0
1.0,15.0,-12.46,130.84,41.0,1006.8
1.0,9.0,-12.46,130.84,41.0,1008.5
1.0,15.0,-12.46,130.84,41.0,1006.1
1.0,9.0,-12.46,130.84,41.0,1008.9
1.0,15.0,-12.46,130.84,41.0,1006.8
1.0,9.0,-12.46,130.84,41.0,1010.8
1.0,15.0,-12.46,130.84,41.0,1007.8
1.0,9.0,-12.46,130.84,41.0,1010.3
1.0,15.0,-12.46,130.84,41.0,1007.7
1.0,9.0,-12.46,130.84,41.0,1009.8
1.0,15.0,-12.46,130.84,41.0,1007.1
1.0,9.0,-12.46,130.84,41.0,1011.3
1.0,15.0,-12.46,130.84,41.0,1007.7
1.0,9.0,-12.46,130.84,41.0,1009.5
1.0,15.0,-12.46,130.84,41.0,1005.4
1.0,9.0,-12.46,130.84,41.0,1007.8
1.0,15.0,-12.46,130.84,41.0,1005.5
1.0,9.0,-12.46,130.84,41.0,1008.2
1.0,15.0,-12.46,130.84,41.0,1005.2
1.0,9.0,-12.46,130.84,41.0,1008.0
1.0,15.0,-12.46,130.84,41.0,1005.5
1.0,9.0,-12.46,130.84,41.0,1008.3
1.0,15.0,-12.46,130.84,41.0,1006.7
1.0,9.0,-12.46,130.84,41.0,1009.1
1.0,15.0,-12.46,130.84,41.0,1007.0
1.0,9.0,-12.46,130.84,41.0,1009.3
1.0,15.0,-12.46,130.84,41.0,1006.8
1.0,9.0,-12.46,130.84,41.0,1010.2
1.0,15.0,-12.46,130.84,41.0,1006.5
1.0,9.0,-12.46,130.84,41.0,1009.2
1.0,15.0,-12.46,130.84,41.0,1005.2
1.0,9.0,-12.46,130.84,41.0,1006.8
1.0,15.0,-12.46,130.84,41.0,1003.8
