8.0,9.0,-12.46,130.84,41.0,1013.1
8.0,15.0,-12.46,130.84,41.0,1010.0
8.0,9.0,-12.46,130.84,41.0,1012.3
8.0,15.0,-12.46,130.84,41.0,1008.7
8.0,9.0,-12.46,130.84,41.0,1013.6
8.0,15.0,-12.46,130.84,41.0,1011.2
8.0,9.0,-12.46,130.84,41.0,1014.9
8.0,15.0,-12.46,130.84,41.0,1011.9
8.0,9.0,-12.46,130.84,41.0,1016.2
8.0,15.0,-12.46,130.84,41.0,1012.1
8.0,9.0,-12.46,130.84,41.0,1016.0
8.0,15.0,-12.46,130.84,41.0,1011.7
8.0,9.0,-12.46,130.84,41.0,1015.5
8.0,15.0,-12.46,130.84,41.0,1012.1
8.0,9.0,-12.46,130.84,41.0,1016.3
8.0,15.0,-12.46,130.84,41.0,1012.0
8.0,9.0,-12.46,130.84,41.0,1016.0
8.0,15.0,-12.46,130.84,41.0,1011.4
8.0,9.0,-12.46,130.84,41.0,1015.8
8.0,15.0,-12.46,130.84,41.0,1011.7
8.0,9.0,-12.46,130.84,41.0,1015.9
8.0,15.0,-12.46,130.84,41.0,1011.0
8.0,9.0,-12.46,130.84,41.0,1016.2
8.0,15.0,-12.46,130.84,41.0,1011.2
8.0,9.0,-12.46,130.84,41.0,1015.9
8.0,15.0,-12.46,130.84,41.0,1010.8
8.0,9.0,-12.46,130.84,41.0,1015.9
8.0,15.0,-12.46,130.84,41.0,1011.3
8.0,9.0,-12.46,130.84,41.0,1015.6
8.0,15.0,-12.46,130.84,41.0,1011.1
8.0,9.0,-12.46,130.84,41.0,1015.3
8.0,15.0,-12.46,130.84,41.0,1010.9
8.0,9.0,-12.46,130.84,41.0,1014.4
8.0,15.0,-12.46,130.84,41.0,1009.9
8.0,9.0,-12.46,130.84,41.0,1013.1
8.0,15.0,-12.46,130.84,41.0,1008.7
8.0,9.0,-12.46,130.84,41.0,1012.6
8.0,15.0,-12.46,130.84,41.0,1010.1
8.0,9.0,-12.46,130.84,41.0,1013.0
8.0,15.0,-12.46,130.84,41.0,1008.5
8.0,9.0,-12.46,130.84,41.0,1012.6
8.0,15.0,-12.46,130.84,41.0,1008.2
8.0,9.0,-12.46,130.84,41.0,1011.2
8.0,15.0,-12.46,130.84,41.0,1007.2
8.0,9.0,-12.46,130.84,41.0,1011.3
8.0,15.0,-12.46,130.84,41.0,1007.6
8.0,9.0,-12.46,130.84,41.0,1011.7
8.0,15.0,-12.46,130.84,41.0,1007.7
8.0,9.0,-12.46,130.84,41.0,1012.0
8.0,15.0,-12.46,130.84,41.0,1008.6
8.0,9.0,-12.46,130.84,41.0,1014.2
8.0,15.0,-12.46,130.84,41.0,1010.5
8.0,9.0,-12.46,130.84,41.0,1015.9
8.0,15.0,-12.46,130.84,41.0,1011.8
8.0,9.0,-12.46,130.84,41.0,1016.0
8.0,15.0,-12.46,130.84,41.0,1011.1
8.0,9.0,-12.46,130.84,41.0,1015.1
8.0,15.0,-12.46,130.84,41.0,1010.5
8.0,9.0,-12.46,130.84,41.0,1016.2
8.0,15.0,-12.46,130.84,41.0,1011.3
8.0,9.0,-12.46,130.84,41.0,1016.1
8.0,15.0,-12.46,130.84,41.0,1011.1
