6.0,9.0,-12.46,130.84,41.0,1015.8
6.0,15.0,-12.46,130.84,41.0,1012.0
6.0,9.0,-12.46,130.84,41.0,1014.9
6.0,15.0,-12.46,130.84,41.0,1011.9
6.0,9.0,-12.46,130.84,41.0,1015.5
6.0,15.0,-12.46,130.84,41.0,1011.4
6.0,9.0,-12.46,130.84,41.0,1013.9
6.0,15.0,-12.46,130.84,41.0,1010.4
6.0,9.0,-12.46,130.84,41.0,1014.5
6.0,15.0,-12.46,130.84,41.0,1011.1
6.0,9.0,-12.46,130.84,41.0,1016.1
6.0,15.0,-12.46,130.84,41.0,1012.6
6.0,9.0,-12.46,130.84,41.0,1016.2
6.0,15.0,-12.46,130.84,41.0,1012.5
6.0,9.0,-12.46,130.84,41.0,1016.2
6.0,15.0,-12.46,130.84,41.0,1012.7
6.0,9.0,-12.46,130.84,41.0,1016.5
6.0,15.0,-12.46,130.84,41.0,1013.0
6.0,9.0,-12.46,130.84,41.0,1017.1
6.0,15.0,-12.46,130.84,41.0,1013.5
6.0,9.0,-12.46,130.84,41.0,1017.3
6.0,15.0,-12.46,130.84,41.0,1013.9
6.0,9.0,-12.46,130.84,41.0,1017.6
6.0,15.0,-12.46,130.84,41.0,1014.1
6.0,9.0,-12.46,130.84,41.0,1016.7
6.0,15.0,-12.46,130.84,41.0,1013.1
6.0,9.0,-12.46,130.84,41.0,1016.6
6.0,15.0,-12.46,130.84,41.0,1012.9
6.0,9.0,-12.46,130.84,41.0,1015.8
6.0,15.0,-12.46,130.84,41.0,1011.8
6.0,9.0,-12.46,130.84,41.0,1014.7
6.0,15.0,-12.46,130.84,41.0,1010.7
6.0,9.0,-12.46,130.84,41.0,1014.5
6.0,15.0,-12.46,130.84,41.0,1011.4
6.0,9.0,-12.46,130.84,41.0,1014.6
6.0,15.0,-12.46,130.84,41.0,1010.2
6.0,9.0,-12.46,130.84,41.0,1014.6
6.0,15.0,-12.46,130.84,41.0,1010.6
6.0,9.0,-12.46,130.84,41.0,1013.9
6.0,15.0,-12.46,130.84,41.0,1010.5
6.0,9.0,-12.46,130.84,41.0,1014.6
6.0,15.0,-12.46,130.84,41.0,1011.2
6.0,9.0,-12.46,130.84,41.0,1015.3
6.0,15.0,-12.46,130.84,41.0,1011.8
6.0,9.0,-12.46,130.84,41.0,1014.9
6.0,15.0,-12.46,130.84,41.0,1010.7
6.0,9.0,-12.46,130.84,41.0,1013.9
6.0,15.0,-12.46,130.84,41.0,1009.7
6.0,9.0,-12.46,130.84,41.0,1013.9
6.0,15.0,-12.46,130.84,41.0,1010.7
6.0,9.0,-12.46,130.84,41.0,1014.7
6.0,15.0,-12.46,130.84,41.0,1011.4
6.0,9.0,-12.46,130.84,41.0,1014.7
6.0,15.0,-12.46,130.84,41.0,1011.3
6.0,9.0,-12.46,130.84,41.0,1015.1
6.0,15.0,-12.46,130.84,41.0,1012.1
6.0,9.0,-12.46,130.84,41.0,1014.9
6.0,15.0,-12.46,130.84,41.0,1011.4
6.0,9.0,-12.46,130.84,41.0,1015.2
6.0,15.0,-12.46,130.84,41.0,1010.5
