5.0,9.0,-12.46,130.84,41.0,1013.9
5.0,15.0,-12.46,130.84,41.0,1010.6
5.0,9.0,-12.46,130.84,41.0,1013.4
5.0,15.0,-12.46,130.84,41.0,1009.9
5.0,9.0,-12.46,130.84,41.0,1013.9
5.0,15.0,-12.46,130.84,41.0,1011.1
5.0,9.0,-12.46,130.84,41.0,1014.8
5.0,15.0,-12.46,130.84,41.0,1011.3
5.0,9.0,-12.46,130.84,41.0,1014.6
5.0,15.0,-12.46,130.84,41.0,1011.4
5.0,9.0,-12.46,130.84,41.0,1015.1
5.0,15.0,-12.46,130.84,41.0,1011.3
5.0,9.0,-12.46,130.84,41.0,1014.8
5.0,15.0,-12.46,130.84,41.0,1010.9
5.0,9.0,-12.46,130.84,41.0,1013.5
5.0,15.0,-12.46,130.84,41.0,1009.5
5.0,9.0,-12.46,130.84,41.0,1013.8
5.0,15.0,-12.46,130.84,41.0,1010.1
5.0,9.0,-12.46,130.84,41.0,1014.5
5.0,15.0,-12.46,130.84,41.0,1011.0
5.0,9.0,-12.46,130.84,41.0,1014.6
5.0,15.0,-12.46,130.84,41.0,1010.4
5.0,9.0,-12.46,130.84,41.0,1012.8
5.0,15.0,-12.46,130.84,41.0,1009.2
5.0,9.0,-12.46,130.84,41.0,1012.7
5.0,15.0,-12.46,130.84,41.0,1009.5
5.0,9.0,-12.46,130.84,41.0,1013.2
5.0,15.0,-12.46,130.84,41.0,1009.2
5.0,9.0,-12.46,130.84,41.0,1013.3
5.0,15.0,-12.46,130.84,41.0,1009.3
5.0,9.0,-12.46,130.84,41.0,1013.1
5.0,15.0,-12.46,130.84,41.0,1009.3
5.0,9.0,-12.46,130.84,41.0,1012.3
5.0,15.0,-12.46,130.84,41.0,1008.7
5.0,9.0,-12.46,130.84,41.0,1012.7
5.0,15.0,-12.46,130.84,41.0,1009.6
5.0,9.0,-12.46,130.84,41.0,1011.9
5.0,15.0,-12.46,130.84,41.0,1008.0
5.0,9.0,-12.46,130.84,41.0,1011.0
5.0,15.0,-12.46,130.84,41.0,1007.8
5.0,9.0,-12.46,130.84,41.0,1010.7
5.0,15.0,-12.46,130.84,41.0,1007.7
5.0,9.0,-12.46,130.84,41.0,1013.1
5.0,15.0,-12.46,130.84,41.0,1009.8
5.0,9.0,-12.46,130.84,41.0,1013.3
5.0,15.0,-12.46,130.84,41.0,1009.7
5.0,9.0,-12.46,130.84,41.0,1013.4
5.0,15.0,-12.46,130.84,41.0,1009.5
5.0,9.0,-12.46,130.84,41.0,1013.3
5.0,15.0,-12.46,130.84,41.0,1009.8
5.0,9.0,-12.46,130.84,41.0,1013.3
5.0,15.0,-12.46,130.84,41.0,1010.1
5.0,9.0,-12.46,130.84,41.0,1013.4
5.0,15.0,-12.46,130.84,41.0,1009.8
5.0,9.0,-12.46,130.84,41.0,1013.1
5.0,15.0,-12.46,130.84,41.0,1009.9
5.0,9.0,-12.46,130.84,41.0,1013.3
5.0,15.0,-12.46,130.84,41.0,1010.8
5.0,9.0,-12.46,130.84,41.0,1014.9
5.0,15.0,-12.46,130.84,41.0,1011.7
5.0,9.0,-12.46,130.84,41.0,1015.7
5.0,15.0,-12.46,130.84,41.0,1011.7
