2.0,9.0,-12.46,130.84,41.0,1007.3
2.0,15.0,-12.46,130.84,41.0,1003.8
2.0,9.0,-12.46,130.84,41.0,1007.2
2.0,15.0,-12.46,130.84,41.0,1003.8
2.0,9.0,-12.46,130.84,41.0,1005.3
2.0,15.0,-12.46,130.84,41.0,1002.7
2.0,9.0,-12.46,130.84,41.0,1004.5
2.0,15.0,-12.46,130.84,41.0,1002.1
2.0,9.0,-12.46,130.84,41.0,1002.5
2.0,15.0,-12.46,130.84,41.0,999.9
2.0,9.0,-12.46,130.84,41.0,1003.8
2.0,15.0,-12.46,130.84,41.0,1001.9
2.0,9.0,-12.46,130.84,41.0,1005.4
2.0,15.0,-12.46,130.84,41.0,1003.0
2.0,9.0,-12.46,130.84,41.0,1007.3
2.0,15.0,-12.46,130.84,41.0,1005.5
2.0,9.0,-12.46,130.84,41.0,1007.4
2.0,15.0,-12.46,130.84,41.0,1004.5
2.0,9.0,-12.46,130.84,41.0,1006.9
2.0,15.0,-12.46,130.84,41.0,1005.0
2.0,9.0,-12.46,130.84,41.0,1007.8
2.0,15.0,-12.46,130.84,41.0,1005.5
2.0,9.0,-12.46,130.84,41.0,1008.0
2.0,15.0,-12.46,130.84,41.0,1005.3
2.0,9.0,-12.46,130.84,41.0,1008.2
2.0,15.0,-12.46,130.84,41.0,1006.5
2.0,9.0,-12.46,130.84,41.0,1010.5
2.0,15.0,-12.46,130.84,41.0,1008.6
2.0,9.0,-12.46,130.84,41.0,1010.9
2.0,15.0,-12.46,130.84,41.0,1008.7
2.0,9.0,-12.46,130.84,41.0,1010.5
2.0,15.0,-12.46,130.84,41.0,1007.7
2.0,9.0,-12.46,130.84,41.0,1010.8
2.0,15.0,-12.46,130.84,41.0,1008.6
2.0,9.0,-12.46,130.84,41.0,1010.5
2.0,15.0,-12.46,130.84,41.0,1007.2
2.0,9.0,-12.46,130.84,41.0,1008.9
2.0,15.0,-12.46,130.84,41.0,1005.6
2.0,9.0,-12.46,130.84,41.0,1009.7
2.0,15.0,-12.46,130.84,41.0,1006.3
2.0,9.0,-12.46,130.84,41.0,1012.1
2.0,15.0,-12.46,130.84,41.0,1008.1
2.0,9.0,-12.46,130.84,41.0,1011.7
2.0,15.0,-12.46,130.84,41.0,1008.0
2.0,9.0,-12.46,130.84,41.0,1010.2
2.0,15.0,-12.46,130.84,41.0,1006.2
2.0,9.0,-12.46,130.84,41.0,1011.4
2.0,15.0,-12.46,130.84,41.0,1008.5
2.0,9.0,-12.46,130.84,41.0,1011.7
2.0,15.0,-12.46,130.84,41.0,1008.5
2.0,9.0,-12.46,130.84,41.0,1008.8
2.0,15.0,-12.46,130.84,41.0,1005.7
2.0,9.0,-12.46,130.84,41.0,1009.8
2.0,15.0,-12.46,130.84,41.0,1006.1
2.0,9.0,-12.46,130.84,41.0,1008.8
2.0,15.0,-12.46,130.84,41.0,1006.0
