3.0,3.0,-42.88,147.32,21.0,14.1
3.0,12.0,-42.88,147.32,21.0,24.4
3.0,9.0,-42.88,147.32,21.0,18.0
3.0,15.0,-42.88,147.32,21.0,23.6
3.0,3.0,-42.88,147.32,21.0,17.1
3.0,12.0,-42.88,147.32,21.0,23.6
3.0,9.0,-42.88,147.32,21.0,18.1
3.0,15.0,-42.88,147.32,21.0,19.5
3.0,3.0,-42.88,147.32,21.0,13.6
3.0,12.0,-42.88,147.32,21.0,18.8
3.0,9.0,-42.88,147.32,21.0,14.6
3.0,15.0,-42.88,147.32,21.0,17.8
3.0,3.0,-42.88,147.32,21.0,9.6
3.0,12.0,-42.88,147.32,21.0,23.1
3.0,9.0,-42.88,147.32,21.0,14.6
3.0,15.0,-42.88,147.32,21.0,22.2
3.0,3.0,-42.88,147.32,21.0,13.0
3.0,12.0,-42.88,147.32,21.0,20.8
3.0,9.0,-42.88,147.32,21.0,15.7
3.0,15.0,-42.88,147.32,21.0,20.3
3.0,3.0,-42.88,147.32,21.0,13.0
3.0,12.0,-42.88,147.32,21.0,18.2
3.0,9.0,-42.88,147.32,21.0,15.3
3.0,15.0,-42.88,147.32,21.0,16.8
3.0,3.0,-42.88,147.32,21.0,12.2
3.0,12.0,-42.88,147.32,21.0,21.5
3.0,9.0,-42.88,147.32,21.0,14.0
3.0,15.0,-42.88,147.32,21.0,19.4
3.0,3.0,-42.88,147.32,21.0,8.9
3.0,12.0,-42.88,147.32,21.0,21.8
3.0,9.0,-42.88,147.32,21.0,12.8
3.0,15.0,-42.88,147.32,21.0,21.3
3.0,3.0,-42.88,147.32,21.0,11.9
3.0,12.0,-42.88,147.32,21.0,23.2
3.0,9.0,-42.88,147.32,21.0,15.6
3.0,15.0,-42.88,147.32,21.0,21.9
3.0,3.0,-42.88,147.32,21.0,13.1
3.0,12.0,-42.88,147.32,21.0,23.7
3.0,9.0,-42.88,147.32,21.0,16.7
3.0,15.0,-42.88,147.32,21.0,20.0
3.0,3.0,-42.88,147.32,21.0,14.9
3.0,12.0,-42.88,147.32,21.0,20.9
3.0,9.0,-42.88,147.32,21.0,15.4
3.0,15.0,-42.88,147.32,21.0,18.3
3.0,3.0,-42.88,147.32,21.0,14.7
3.0,12.0,-42.88,147.32,21.0,20.4
3.0,9.0,-42.88,147.32,21.0,15.8
3.0,15.0,-42.88,147.32,21.0,19.1
3.0,3.0,-42.88,147.32,21.0,14.4
3.0,12.0,-42.88,147.32,21.0,22.6
3.0,9.0,-42.88,147.32,21.0,17.2
3.0,15.0,-42.88,147.32,21.0,21.7
3.0,3.0,-42.88,147.32,21.0,16.9
3.0,12.0,-42.88,147.32,21.0,32.1
3.0,9.0,-42.88,147.32,21.0,19.3
3.0,15.0,-42.88,147.32,21.0,26.4
3.0,3.0,-42.88,147.32,21.0,19.1
3.0,12.0,-42.88,147.32,21.0,31.7
3.0,9.0,-42.88,147.32,21.0,20.7
3.0,15.0,-42.88,147.32,21.0,30.5
3.0,3.0,-42.88,147.32,21.0,20.7
3.0,12.0,-42.88,147.32,21.0,25.2
3.0,9.0,-42.88,147.32,21.0,22.6
3.0,15.0,-42.88,147.32,21.0,23.5
3.0,3.0,-42.88,147.32,21.0,9.5
3.0,12.0,-42.88,147.32,21.0,20.0
3.0,9.0,-42.88,147.32,21.0,13.4
3.0,15.0,-42.88,147.32,21.0,18.0
3.0,3.0,-42.88,147.32,21.0,9.8
3.0,12.0,-42.88,147.32,21.0,26.6
3.0,9.0,-42.88,147.32,21.0,13.5
3.0,15.0,-42.88,147.32,21.0,25.5
3.0,3.0,-42.88,147.32,21.0,13.5
3.0,12.0,-42.88,147.32,21.0,31.7
3.0,9.0,-42.88,147.32,21.0,18.2
3.0,15.0,-42.88,147.32,21.0,30.6
3.0,3.0,-42.88,147.32,21.0,13.4
3.0,12.0,-42.88,147.32,21.0,18.9
3.0,9.0,-42.88,147.32,21.0,17.1
3.0,15.0,-42.88,147.32,21.0,17.3
3.0,3.0,-42.88,147.32,21.0,13.6
3.0,12.0,-42.88,147.32,21.0,16.5
3.0,9.0,-42.88,147.32,21.0,14.7
3.0,15.0,-42.88,147.32,21.0,16.3
3.0,3.0,-42.88,147.32,21.0,12.4
3.0,12.0,-42.88,147.32,21.0,15.8
3.0,9.0,-42.88,147.32,21.0,12.9
3.0,15.0,-42.88,147.32,21.0,15.3
3.0,3.0,-42.88,147.32,21.0,11.7
3.0,12.0,-42.88,147.32,21.0,17.1
3.0,9.0,-42.88,147.32,21.0,12.1
3.0,15.0,-42.88,147.32,21.0,16.1
3.0,3.0,-42.88,147.32,21.0,8.9
3.0,12.0,-42.88,147.32,21.0,20.2
3.0,9.0,-42.88,147.32,21.0,12.4
3.0,15.0,-42.88,147.32,21.0,17.8
3.0,3.0,-42.88,147.32,21.0,12.4
3.0,12.0,-42.88,147.32,21.0,21.3
3.0,9.0,-42.88,147.32,21.0,14.0
3.0,15.0,-42.88,147.32,21.0,19.7
3.0,3.0,-42.88,147.32,21.0,12.0
3.0,12.0,-42.88,147.32,21.0,21.3
3.0,9.0,-42.88,147.32,21.0,14.4
3.0,15.0,-42.88,147.32,21.0,20.6
3.0,3.0,-42.88,147.32,21.0,14.0
3.0,12.0,-42.88,147.32,21.0,28.6
3.0,9.0,-42.88,147.32,21.0,17.5
3.0,15.0,-42.88,147.32,21.0,21.3
3.0,3.0,-42.88,147.32,21.0,12.8
3.0,12.0,-42.88,147.32,21.0,23.5
3.0,9.0,-42.88,147.32,21.0,16.9
3.0,15.0,-42.88,147.32,21.0,23.1
3.0,3.0,-42.88,147.32,21.0,14.7
3.0,12.0,-42.88,147.32,21.0,25.7
3.0,9.0,-42.88,147.32,21.0,19.0
3.0,15.0,-42.88,147.32,21.0,25.4
3.0,3.0,-42.88,147.32,21.0,9.7
3.0,12.0,-42.88,147.32,21.0,17.0
3.0,9.0,-42.88,147.32,21.0,11.8
3.0,15.0,-42.88,147.32,21.0,15.9
3.0,3.0,-42.88,147.32,21.0,5.7
3.0,12.0,-42.88,147.32,21.0,18.6
3.0,9.0,-42.88,147.32,21.0,8.6
3.0,15.0,-42.88,147.32,21.0,16.5
