11.0,3.0,-42.88,147.32,21.0,8.6
11.0,12.0,-42.88,147.32,21.0,16.1
11.0,9.0,-42.88,147.32,21.0,12.5
11.0,15.0,-42.88,147.32,21.0,15.0
11.0,3.0,-42.88,147.32,21.0,6.1
11.0,12.0,-42.88,147.32,21.0,17.3
11.0,9.0,-42.88,147.32,21.0,11.0
11.0,15.0,-42.88,147.32,21.0,15.7
11.0,3.0,-42.88,147.32,21.0,11.0
11.0,12.0,-42.88,147.32,21.0,18.8
11.0,9.0,-42.88,147.32,21.0,15.5
11.0,15.0,-42.88,147.32,21.0,17.2
11.0,3.0,-42.88,147.32,21.0,11.5
11.0,12.0,-42.88,147.32,21.0,24.5
11.0,9.0,-42.88,147.32,21.0,14.8
11.0,15.0,-42.88,147.32,21.0,23.1
11.0,3.0,-42.88,147.32,21.0,7.2
11.0,12.0,-42.88,147.32,21.0,14.7
11.0,9.0,-42.88,147.32,21.0,11.6
11.0,15.0,-42.88,147.32,21.0,12.0
11.0,3.0,-42.88,147.32,21.0,8.0
11.0,12.0,-42.88,147.32,21.0,17.1
11.0,9.0,-42.88,147.32,21.0,10.9
11.0,15.0,-42.88,147.32,21.0,13.4
11.0,3.0,-42.88,147.32,21.0,10.8
11.0,12.0,-42.88,147.32,21.0,17.9
11.0,9.0,-42.88,147.32,21.0,14.2
11.0,15.0,-42.88,147.32,21.0,16.8
11.0,3.0,-42.88,147.32,21.0,9.3
11.0,12.0,-42.88,147.32,21.0,17.9
11.0,9.0,-42.88,147.32,21.0,13.5
11.0,15.0,-42.88,147.32,21.0,17.8
11.0,3.0,-42.88,147.32,21.0,6.6
11.0,12.0,-42.88,147.32,21.0,16.9
11.0,9.0,-42.88,147.32,21.0,12.8
11.0,15.0,-42.88,147.32,21.0,15.7
11.0,3.0,-42.88,147.32,21.0,6.7
11.0,12.0,-42.88,147.32,21.0,15.2
11.0,9.0,-42.88,147.32,21.0,13.7
11.0,15.0,-42.88,147.32,21.0,13.6
11.0,3.0,-42.88,147.32,21.0,9.7
11.0,12.0,-42.88,147.32,21.0,17.3
11.0,9.0,-42.88,147.32,21.0,11.7
11.0,15.0,-42.88,147.32,21.0,15.9
11.0,3.0,-42.88,147.32,21.0,11.7
11.0,12.0,-42.88,147.32,21.0,15.6
11.0,9.0,-42.88,147.32,21.0,14.1
11.0,15.0,-42.88,147.32,21.0,13.9
11.0,3.0,-42.88,147.32,21.0,10.5
11.0,12.0,-42.88,147.32,21.0,11.8
11.0,9.0,-42.88,147.32,21.0,10.5
11.0,15.0,-42.88,147.32,21.0,11.0
11.0,3.0,-42.88,147.32,21.0,8.8
11.0,12.0,-42.88,147.32,21.0,14.7
11.0,9.0,-42.88,147.32,21.0,11.5
11.0,15.0,-42.88,147.32,21.0,12.6
11.0,3.0,-42.88,147.32,21.0,9.7
11.0,12.0,-42.88,147.32,21.0,19.3
11.0,9.0,-42.88,147.32,21.0,14.7
11.0,15.0,-42.88,147.32,21.0,17.9
11.0,3.0,-42.88,147.32,21.0,12.4
11.0,12.0,-42.88,147.32,21.0,18.2
11.0,9.0,-42.88,147.32,21.0,13.0
11.0,15.0,-42.88,147.32,21.0,15.8
11.0,3.0,-42.88,147.32,21.0,10.1
11.0,12.0,-42.88,147.32,21.0,29.6
11.0,9.0,-42.88,147.32,21.0,18.2
11.0,15.0,-42.88,147.32,21.0,28.0
11.0,3.0,-42.88,147.32,21.0,12.3
11.0,12.0,-42.88,147.32,21.0,21.5
11.0,9.0,-42.88,147.32,21.0,15.1
11.0,15.0,-42.88,147.32,21.0,20.2
11.0,3.0,-42.88,147.32,21.0,12.3
11.0,12.0,-42.88,147.32,21.0,23.3
11.0,9.0,-42.88,147.32,21.0,16.5
11.0,15.0,-42.88,147.32,21.0,22.8
11.0,3.0,-42.88,147.32,21.0,11.4
11.0,12.0,-42.88,147.32,21.0,24.4
11.0,9.0,-42.88,147.32,21.0,15.6
11.0,15.0,-42.88,147.32,21.0,23.1
11.0,3.0,-42.88,147.32,21.0,13.3
11.0,12.0,-42.88,147.32,21.0,28.5
11.0,9.0,-42.88,147.32,21.0,15.8
11.0,15.0,-42.88,147.32,21.0,26.3
11.0,3.0,-42.88,147.32,21.0,15.0
11.0,12.0,-42.88,147.32,21.0,18.9
11.0,9.0,-42.88,147.32,21.0,16.3
11.0,15.0,-42.88,147.32,21.0,17.0
11.0,3.0,-42.88,147.32,21.0,9.5
11.0,12.0,-42.88,147.32,21.0,13.5
11.0,9.0,-42.88,147.32,21.0,10.6
11.0,15.0,-42.88,147.32,21.0,12.5
11.0,3.0,-42.88,147.32,21.0,6.1
11.0,12.0,-42.88,147.32,21.0,15.2
11.0,9.0,-42.88,147.32,21.0,12.1
11.0,15.0,-42.88,147.32,21.0,13.6
11.0,3.0,-42.88,147.32,21.0,8.3
11.0,12.0,-42.88,147.32,21.0,15.9
11.0,9.0,-42.88,147.32,21.0,12.3
11.0,15.0,-42.88,147.32,21.0,15.3
11.0,3.0,-42.88,147.32,21.0,11.9
11.0,12.0,-42.88,147.32,21.0,18.7
11.0,9.0,-42.88,147.32,21.0,13.1
11.0,15.0,-42.88,147.32,21.0,17.1
11.0,3.0,-42.88,147.32,21.0,11.4
11.0,12.0,-42.88,147.32,21.0,20.3
11.0,9.0,-42.88,147.32,21.0,16.8
11.0,15.0,-42.88,147.32,21.0,18.6
11.0,3.0,-42.88,147.32,21.0,10.4
11.0,12.0,-42.88,147.32,21.0,18.2
11.0,9.0,-42.88,147.32,21.0,14.8
11.0,15.0,-42.88,147.32,21.0,15.2
11.0,3.0,-42.88,147.32,21.0,8.6
11.0,12.0,-42.88,147.32,21.0,17.4
11.0,9.0,-42.88,147.32,21.0,15.0
11.0,15.0,-42.88,147.32,21.0,15.7
11.0,3.0,-42.88,147.32,21.0,12.7
11.0,12.0,-42.88,147.32,21.0,18.7
11.0,9.0,-42.88,147.32,21.0,15.2
11.0,15.0,-42.88,147.32,21.0,17.8
