5.0,3.0,-42.88,147.32,21.0,10.7
5.0,12.0,-42.88,147.32,21.0,20.0
5.0,9.0,-42.88,147.32,21.0,15.4
5.0,15.0,-42.88,147.32,21.0,16.4
5.0,3.0,-42.88,147.32,21.0,6.8
5.0,12.0,-42.88,147.32,21.0,11.4
5.0,9.0,-42.88,147.32,21.0,8.7
5.0,15.0,-42.88,147.32,21.0,10.4
5.0,3.0,-42.88,147.32,21.0,5.3
5.0,12.0,-42.88,147.32,21.0,13.7
5.0,9.0,-42.88,147.32,21.0,8.2
5.0,15.0,-42.88,147.32,21.0,13.0
5.0,3.0,-42.88,147.32,21.0,5.4
5.0,12.0,-42.88,147.32,21.0,17.8
5.0,9.0,-42.88,147.32,21.0,9.9
5.0,15.0,-42.88,147.32,21.0,16.7
5.0,3.0,-42.88,147.32,21.0,7.1
5.0,12.0,-42.88,147.32,21.0,15.9
5.0,9.0,-42.88,147.32,21.0,9.4
5.0,15.0,-42.88,147.32,21.0,15.2
5.0,3.0,-42.88,147.32,21.0,8.4
5.0,12.0,-42.88,147.32,21.0,18.5
5.0,9.0,-42.88,147.32,21.0,11.1
5.0,15.0,-42.88,147.32,21.0,13.4
5.0,3.0,-42.88,147.32,21.0,8.0
5.0,12.0,-42.88,147.32,21.0,12.3
5.0,9.0,-42.88,147.32,21.0,9.2
5.0,15.0,-42.88,147.32,21.0,9.9
5.0,3.0,-42.88,147.32,21.0,9.0
5.0,12.0,-42.88,147.32,21.0,15.8
5.0,9.0,-42.88,147.32,21.0,12.3
5.0,15.0,-42.88,147.32,21.0,14.6
5.0,3.0,-42.88,147.32,21.0,8.4
5.0,12.0,-42.88,147.32,21.0,14.4
5.0,9.0,-42.88,147.32,21.0,9.3
5.0,15.0,-42.88,147.32,21.0,13.1
5.0,3.0,-42.88,147.32,21.0,6.2
5.0,12.0,-42.88,147.32,21.0,14.1
5.0,9.0,-42.88,147.32,21.0,8.6
5.0,15.0,-42.88,147.32,21.0,12.2
5.0,3.0,-42.88,147.32,21.0,7.1
5.0,12.0,-42.88,147.32,21.0,13.5
5.0,9.0,-42.88,147.32,21.0,10.5
5.0,15.0,-42.88,147.32,21.0,11.4
5.0,3.0,-42.88,147.32,21.0,7.8
5.0,12.0,-42.88,147.32,21.0,11.4
5.0,9.0,-42.88,147.32,21.0,9.4
5.0,15.0,-42.88,147.32,21.0,10.2
5.0,3.0,-42.88,147.32,21.0,8.7
5.0,12.0,-42.88,147.32,21.0,14.5
5.0,9.0,-42.88,147.32,21.0,9.5
5.0,15.0,-42.88,147.32,21.0,13.5
5.0,3.0,-42.88,147.32,21.0,5.3
5.0,12.0,-42.88,147.32,21.0,13.9
5.0,9.0,-42.88,147.32,21.0,7.4
5.0,15.0,-42.88,147.32,21.0,11.6
5.0,3.0,-42.88,147.32,21.0,7.4
5.0,12.0,-42.88,147.32,21.0,12.4
5.0,9.0,-42.88,147.32,21.0,9.7
5.0,15.0,-42.88,147.32,21.0,11.3
5.0,3.0,-42.88,147.32,21.0,7.5
5.0,12.0,-42.88,147.32,21.0,14.8
5.0,9.0,-42.88,147.32,21.0,8.2
5.0,15.0,-42.88,147.32,21.0,14.1
5.0,3.0,-42.88,147.32,21.0,5.1
5.0,12.0,-42.88,147.32,21.0,12.0
5.0,9.0,-42.88,147.32,21.0,7.1
5.0,15.0,-42.88,147.32,21.0,12.0
5.0,3.0,-42.88,147.32,21.0,7.1
5.0,12.0,-42.88,147.32,21.0,14.1
5.0,9.0,-42.88,147.32,21.0,10.3
5.0,15.0,-42.88,147.32,21.0,13.0
5.0,3.0,-42.88,147.32,21.0,8.7
5.0,12.0,-42.88,147.32,21.0,16.1
5.0,9.0,-42.88,147.32,21.0,10.7
5.0,15.0,-42.88,147.32,21.0,14.7
5.0,3.0,-42.88,147.32,21.0,10.2
5.0,12.0,-42.88,147.32,21.0,14.8
5.0,9.0,-42.88,147.32,21.0,12.5
5.0,15.0,-42.88,147.32,21.0,13.6
5.0,3.0,-42.88,147.32,21.0,9.4
5.0,12.0,-42.88,147.32,21.0,15.0
5.0,9.0,-42.88,147.32,21.0,10.7
5.0,15.0,-42.88,147.32,21.0,14.4
5.0,3.0,-42.88,147.32,21.0,9.5
5.0,12.0,-42.88,147.32,21.0,20.7
5.0,9.0,-42.88,147.32,21.0,12.8
5.0,15.0,-42.88,147.32,21.0,20.3
5.0,3.0,-42.88,147.32,21.0,12.2
5.0,12.0,-42.88,147.32,21.0,17.6
5.0,9.0,-42.88,147.32,21.0,14.2
5.0,15.0,-42.88,147.32,21.0,15.3
5.0,3.0,-42.88,147.32,21.0,7.7
5.0,12.0,-42.88,147.32,21.0,16.3
5.0,9.0,-42.88,147.32,21.0,9.6
5.0,15.0,-42.88,147.32,21.0,13.9
5.0,3.0,-42.88,147.32,21.0,9.5
5.0,12.0,-42.88,147.32,21.0,16.3
5.0,9.0,-42.88,147.32,21.0,11.7
5.0,15.0,-42.88,147.32,21.0,15.9
5.0,3.0,-42.88,147.32,21.0,8.5
5.0,12.0,-42.88,147.32,21.0,14.8
5.0,9.0,-42.88,147.32,21.0,11.2
5.0,15.0,-42.88,147.32,21.0,13.8
5.0,3.0,-42.88,147.32,21.0,4.4
5.0,12.0,-42.88,147.32,21.0,16.5
5.0,9.0,-42.88,147.32,21.0,6.4
5.0,15.0,-42.88,147.32,21.0,13.3
5.0,3.0,-42.88,147.32,21.0,6.3
5.0,12.0,-42.88,147.32,21.0,12.4
5.0,9.0,-42.88,147.32,21.0,10.5
5.0,15.0,-42.88,147.32,21.0,12.3
5.0,3.0,-42.88,147.32,21.0,5.2
5.0,12.0,-42.88,147.32,21.0,12.6
5.0,9.0,-42.88,147.32,21.0,9.4
5.0,15.0,-42.88,147.32,21.0,11.7
5.0,3.0,-42.88,147.32,21.0,7.9
5.0,12.0,-42.88,147.32,21.0,9.0
5.0,9.0,-42.88,147.32,21.0,8.6
5.0,15.0,-42.88,147.32,21.0,8.4
5.0,3.0,-42.88,147.32,21.0,4.1
5.0,12.0,-42.88,147.32,21.0,12.4
5.0,9.0,-42.88,147.32,21.0,6.6
5.0,15.0,-42.88,147.32,21.0,11.5
