9.0,3.0,-42.88,147.32,21.0,9.7
9.0,12.0,-42.88,147.32,21.0,16.0
9.0,9.0,-42.88,147.32,21.0,11.5
9.0,15.0,-42.88,147.32,21.0,15.4
9.0,3.0,-42.88,147.32,21.0,5.9
9.0,12.0,-42.88,147.32,21.0,12.2
9.0,9.0,-42.88,147.32,21.0,9.7
9.0,15.0,-42.88,147.32,21.0,11.5
9.0,3.0,-42.88,147.32,21.0,5.5
9.0,12.0,-42.88,147.32,21.0,14.1
9.0,9.0,-42.88,147.32,21.0,8.5
9.0,15.0,-42.88,147.32,21.0,12.8
9.0,3.0,-42.88,147.32,21.0,8.3
9.0,12.0,-42.88,147.32,21.0,17.1
9.0,9.0,-42.88,147.32,21.0,13.3
9.0,15.0,-42.88,147.32,21.0,15.5
9.0,3.0,-42.88,147.32,21.0,11.3
9.0,12.0,-42.88,147.32,21.0,19.6
9.0,9.0,-42.88,147.32,21.0,14.9
9.0,15.0,-42.88,147.32,21.0,18.6
9.0,3.0,-42.88,147.32,21.0,11.4
9.0,12.0,-42.88,147.32,21.0,19.2
9.0,9.0,-42.88,147.32,21.0,14.3
9.0,15.0,-42.88,147.32,21.0,18.4
9.0,3.0,-42.88,147.32,21.0,4.9
9.0,12.0,-42.88,147.32,21.0,18.5
9.0,9.0,-42.88,147.32,21.0,10.5
9.0,15.0,-42.88,147.32,21.0,18.0
9.0,3.0,-42.88,147.32,21.0,10.1
9.0,12.0,-42.88,147.32,21.0,22.5
9.0,9.0,-42.88,147.32,21.0,16.7
9.0,15.0,-42.88,147.32,21.0,20.0
9.0,3.0,-42.88,147.32,21.0,13.3
9.0,12.0,-42.88,147.32,21.0,19.8
9.0,9.0,-42.88,147.32,21.0,14.7
9.0,15.0,-42.88,147.32,21.0,19.3
9.0,3.0,-42.88,147.32,21.0,10.8
9.0,12.0,-42.88,147.32,21.0,15.7
9.0,9.0,-42.88,147.32,21.0,11.6
9.0,15.0,-42.88,147.32,21.0,13.1
9.0,3.0,-42.88,147.32,21.0,7.8
9.0,12.0,-42.88,147.32,21.0,17.2
9.0,9.0,-42.88,147.32,21.0,11.9
9.0,15.0,-42.88,147.32,21.0,13.2
9.0,3.0,-42.88,147.32,21.0,3.6
9.0,12.0,-42.88,147.32,21.0,11.6
9.0,9.0,-42.88,147.32,21.0,9.1
9.0,15.0,-42.88,147.32,21.0,10.1
9.0,3.0,-42.88,147.32,21.0,4.3
9.0,12.0,-42.88,147.32,21.0,12.3
9.0,9.0,-42.88,147.32,21.0,9.1
9.0,15.0,-42.88,147.32,21.0,11.9
9.0,3.0,-42.88,147.32,21.0,4.6
9.0,12.0,-42.88,147.32,21.0,13.9
9.0,9.0,-42.88,147.32,21.0,10.7
9.0,15.0,-42.88,147.32,21.0,12.9
9.0,3.0,-42.88,147.32,21.0,9.5
9.0,12.0,-42.88,147.32,21.0,12.8
9.0,9.0,-42.88,147.32,21.0,9.5
9.0,15.0,-42.88,147.32,21.0,10.1
9.0,3.0,-42.88,147.32,21.0,6.3
9.0,12.0,-42.88,147.32,21.0,16.1
9.0,9.0,-42.88,147.32,21.0,12.6
9.0,15.0,-42.88,147.32,21.0,15.9
9.0,3.0,-42.88,147.32,21.0,7.5
9.0,12.0,-42.88,147.32,21.0,20.1
9.0,9.0,-42.88,147.32,21.0,13.4
9.0,15.0,-42.88,147.32,21.0,18.9
9.0,3.0,-42.88,147.32,21.0,9.8
9.0,12.0,-42.88,147.32,21.0,12.9
9.0,9.0,-42.88,147.32,21.0,11.0
9.0,15.0,-42.88,147.32,21.0,12.3
9.0,3.0,-42.88,147.32,21.0,5.7
9.0,12.0,-42.88,147.32,21.0,14.9
9.0,9.0,-42.88,147.32,21.0,10.6
9.0,15.0,-42.88,147.32,21.0,13.6
9.0,3.0,-42.88,147.32,21.0,6.5
9.0,12.0,-42.88,147.32,21.0,17.8
9.0,9.0,-42.88,147.32,21.0,8.7
9.0,15.0,-42.88,147.32,21.0,17.2
9.0,3.0,-42.88,147.32,21.0,8.7
9.0,12.0,-42.88,147.32,21.0,15.1
9.0,9.0,-42.88,147.32,21.0,12.2
9.0,15.0,-42.88,147.32,21.0,14.6
9.0,3.0,-42.88,147.32,21.0,7.8
9.0,12.0,-42.88,147.32,21.0,15.6
9.0,9.0,-42.88,147.32,21.0,13.9
9.0,15.0,-42.88,147.32,21.0,14.1
9.0,3.0,-42.88,147.32,21.0,10.2
9.0,12.0,-42.88,147.32,21.0,15.8
9.0,9.0,-42.88,147.32,21.0,13.9
9.0,15.0,-42.88,147.32,21.0,15.0
9.0,3.0,-42.88,147.32,21.0,8.5
9.0,12.0,-42.88,147.32,21.0,19.5
9.0,9.0,-42.88,147.32,21.0,14.1
9.0,15.0,-42.88,147.32,21.0,18.3
9.0,3.0,-42.88,147.32,21.0,10.3
9.0,12.0,-42.88,147.32,21.0,17.3
9.0,9.0,-42.88,147.32,21.0,13.3
9.0,15.0,-42.88,147.32,21.0,16.0
9.0,3.0,-42.88,147.32,21.0,4.9
9.0,12.0,-42.88,147.32,21.0,16.8
9.0,9.0,-42.88,147.32,21.0,11.7
9.0,15.0,-42.88,147.32,21.0,14.8
9.0,3.0,-42.88,147.32,21.0,5.0
9.0,12.0,-42.88,147.32,21.0,17.7
9.0,9.0,-42.88,147.32,21.0,10.5
9.0,15.0,-42.88,147.32,21.0,15.3
9.0,3.0,-42.88,147.32,21.0,7.6
9.0,12.0,-42.88,147.32,21.0,15.8
9.0,9.0,-42.88,147.32,21.0,13.8
9.0,15.0,-42.88,147.32,21.0,14.8
9.0,3.0,-42.88,147.32,21.0,8.2
9.0,12.0,-42.88,147.32,21.0,15.2
9.0,9.0,-42.88,147.32,21.0,13.7
9.0,15.0,-42.88,147.32,21.0,14.2
9.0,3.0,-42.88,147.32,21.0,11.3
9.0,12.0,-42.88,147.32,21.0,13.8
9.0,9.0,-42.88,147.32,21.0,12.6
9.0,15.0,-42.88,147.32,21.0,12.0
