7.0,3.0,-42.88,147.32,21.0,1.2
7.0,12.0,-42.88,147.32,21.0,10.0
7.0,9.0,-42.88,147.32,21.0,2.0
7.0,15.0,-42.88,147.32,21.0,9.8
7.0,3.0,-42.88,147.32,21.0,1.1
7.0,12.0,-42.88,147.32,21.0,11.6
7.0,9.0,-42.88,147.32,21.0,2.4
7.0,15.0,-42.88,147.32,21.0,11.2
7.0,3.0,-42.88,147.32,21.0,0.7
7.0,12.0,-42.88,147.32,21.0,9.7
7.0,9.0,-42.88,147.32,21.0,1.2
7.0,15.0,-42.88,147.32,21.0,9.5
7.0,3.0,-42.88,147.32,21.0,1.2
7.0,12.0,-42.88,147.32,21.0,10.6
7.0,9.0,-42.88,147.32,21.0,4.6
7.0,15.0,-42.88,147.32,21.0,10.6
7.0,3.0,-42.88,147.32,21.0,4.6
7.0,12.0,-42.88,147.32,21.0,12.6
7.0,9.0,-42.88,147.32,21.0,7.8
7.0,15.0,-42.88,147.32,21.0,12.3
7.0,3.0,-42.88,147.32,21.0,7.7
7.0,12.0,-42.88,147.32,21.0,15.2
7.0,9.0,-42.88,147.32,21.0,11.0
7.0,15.0,-42.88,147.32,21.0,12.2
7.0,3.0,-42.88,147.32,21.0,2.7
7.0,12.0,-42.88,147.32,21.0,10.7
7.0,9.0,-42.88,147.32,21.0,5.1
7.0,15.0,-42.88,147.32,21.0,9.4
7.0,3.0,-42.88,147.32,21.0,1.2
7.0,12.0,-42.88,147.32,21.0,11.6
7.0,9.0,-42.88,147.32,21.0,2.1
7.0,15.0,-42.88,147.32,21.0,10.4
7.0,3.0,-42.88,147.32,21.0,2.1
7.0,12.0,-42.88,147.32,21.0,12.2
7.0,9.0,-42.88,147.32,21.0,3.5
7.0,15.0,-42.88,147.32,21.0,11.8
7.0,3.0,-42.88,147.32,21.0,3.3
7.0,12.0,-42.88,147.32,21.0,11.1
7.0,9.0,-42.88,147.32,21.0,7.9
7.0,15.0,-42.88,147.32,21.0,11.1
7.0,3.0,-42.88,147.32,21.0,2.9
7.0,12.0,-42.88,147.32,21.0,11.7
7.0,9.0,-42.88,147.32,21.0,4.7
7.0,15.0,-42.88,147.32,21.0,10.4
7.0,3.0,-42.88,147.32,21.0,1.1
7.0,12.0,-42.88,147.32,21.0,10.5
7.0,9.0,-42.88,147.32,21.0,2.3
7.0,15.0,-42.88,147.32,21.0,10.3
7.0,3.0,-42.88,147.32,21.0,1.4
7.0,12.0,-42.88,147.32,21.0,11.6
7.0,9.0,-42.88,147.32,21.0,3.5
7.0,15.0,-42.88,147.32,21.0,11.3
7.0,3.0,-42.88,147.32,21.0,3.5
7.0,12.0,-42.88,147.32,21.0,12.1
7.0,9.0,-42.88,147.32,21.0,8.7
7.0,15.0,-42.88,147.32,21.0,10.4
7.0,3.0,-42.88,147.32,21.0,4.3
7.0,12.0,-42.88,147.32,21.0,11.7
7.0,9.0,-42.88,147.32,21.0,6.4
7.0,15.0,-42.88,147.32,21.0,10.2
7.0,3.0,-42.88,147.32,21.0,2.5
7.0,12.0,-42.88,147.32,21.0,11.5
7.0,9.0,-42.88,147.32,21.0,3.7
7.0,15.0,-42.88,147.32,21.0,11.4
7.0,3.0,-42.88,147.32,21.0,3.6
7.0,12.0,-42.88,147.32,21.0,12.0
7.0,9.0,-42.88,147.32,21.0,10.1
7.0,15.0,-42.88,147.32,21.0,10.4
7.0,3.0,-42.88,147.32,21.0,3.9
7.0,12.0,-42.88,147.32,21.0,13.3
7.0,9.0,-42.88,147.32,21.0,5.3
7.0,15.0,-42.88,147.32,21.0,12.3
7.0,3.0,-42.88,147.32,21.0,5.3
7.0,12.0,-42.88,147.32,21.0,11.7
7.0,9.0,-42.88,147.32,21.0,8.8
7.0,15.0,-42.88,147.32,21.0,10.6
7.0,3.0,-42.88,147.32,21.0,4.0
7.0,12.0,-42.88,147.32,21.0,10.0
7.0,9.0,-42.88,147.32,21.0,6.7
7.0,15.0,-42.88,147.32,21.0,9.8
7.0,3.0,-42.88,147.32,21.0,3.6
7.0,12.0,-42.88,147.32,21.0,12.5
7.0,9.0,-42.88,147.32,21.0,5.3
7.0,15.0,-42.88,147.32,21.0,12.3
7.0,3.0,-42.88,147.32,21.0,3.7
7.0,12.0,-42.88,147.32,21.0,14.8
7.0,9.0,-42.88,147.32,21.0,5.6
7.0,15.0,-42.88,147.32,21.0,14.1
7.0,3.0,-42.88,147.32,21.0,5.6
7.0,12.0,-42.88,147.32,21.0,12.3
7.0,9.0,-42.88,147.32,21.0,9.6
7.0,15.0,-42.88,147.32,21.0,8.1
7.0,3.0,-42.88,147.32,21.0,4.2
7.0,12.0,-42.88,147.32,21.0,12.3
7.0,9.0,-42.88,147.32,21.0,8.3
7.0,15.0,-42.88,147.32,21.0,11.8
7.0,3.0,-42.88,147.32,21.0,5.7
7.0,12.0,-42.88,147.32,21.0,15.8
7.0,9.0,-42.88,147.32,21.0,6.6
7.0,15.0,-42.88,147.32,21.0,15.4
7.0,3.0,-42.88,147.32,21.0,6.6
7.0,12.0,-42.88,147.32,21.0,10.9
7.0,9.0,-42.88,147.32,21.0,7.3
7.0,15.0,-42.88,147.32,21.0,8.8
7.0,3.0,-42.88,147.32,21.0,2.5
7.0,12.0,-42.88,147.32,21.0,11.6
7.0,9.0,-42.88,147.32,21.0,4.4
7.0,15.0,-42.88,147.32,21.0,11.0
7.0,3.0,-42.88,147.32,21.0,4.4
7.0,12.0,-42.88,147.32,21.0,14.0
7.0,9.0,-42.88,147.32,21.0,10.3
7.0,15.0,-42.88,147.32,21.0,12.6
7.0,3.0,-42.88,147.32,21.0,4.3
7.0,12.0,-42.88,147.32,21.0,15.3
7.0,9.0,-42.88,147.32,21.0,6.3
7.0,15.0,-42.88,147.32,21.0,14.9
7.0,3.0,-42.88,147.32,21.0,6.3
7.0,12.0,-42.88,147.32,21.0,13.8
7.0,9.0,-42.88,147.32,21.0,10.6
7.0,15.0,-42.88,147.32,21.0,11.8
7.0,3.0,-42.88,147.32,21.0,3.9
7.0,12.0,-42.88,147.32,21.0,13.5
7.0,9.0,-42.88,147.32,21.0,7.0
7.0,15.0,-42.88,147.32,21.0,10.9
