10.0,3.0,-42.88,147.32,21.0,6.7
10.0,12.0,-42.88,147.32,21.0,17.8
10.0,9.0,-42.88,147.32,21.0,8.9
10.0,15.0,-42.88,147.32,21.0,16.5
10.0,3.0,-42.88,147.32,21.0,8.9
10.0,12.0,-42.88,147.32,21.0,18.4
10.0,9.0,-42.88,147.32,21.0,14.1
10.0,15.0,-42.88,147.32,21.0,17.0
10.0,3.0,-42.88,147.32,21.0,12.7
10.0,12.0,-42.88,147.32,21.0,17.1
10.0,9.0,-42.88,147.32,21.0,13.9
10.0,15.0,-42.88,147.32,21.0,16.7
10.0,3.0,-42.88,147.32,21.0,8.8
10.0,12.0,-42.88,147.32,21.0,15.8
10.0,9.0,-42.88,147.32,21.0,12.3
10.0,15.0,-42.88,147.32,21.0,12.9
10.0,3.0,-42.88,147.32,21.0,5.7
10.0,12.0,-42.88,147.32,21.0,14.9
10.0,9.0,-42.88,147.32,21.0,9.3
10.0,15.0,-42.88,147.32,21.0,10.0
10.0,3.0,-42.88,147.32,21.0,9.1
10.0,12.0,-42.88,147.32,21.0,19.3
10.0,9.0,-42.88,147.32,21.0,13.4
10.0,15.0,-42.88,147.32,21.0,17.2
10.0,3.0,-42.88,147.32,21.0,11.0
10.0,12.0,-42.88,147.32,21.0,18.6
10.0,9.0,-42.88,147.32,21.0,17.9
10.0,15.0,-42.88,147.32,21.0,17.2
10.0,3.0,-42.88,147.32,21.0,8.1
10.0,12.0,-42.88,147.32,21.0,17.7
10.0,9.0,-42.88,147.32,21.0,10.6
10.0,15.0,-42.88,147.32,21.0,17.5
10.0,3.0,-42.88,147.32,21.0,7.4
10.0,12.0,-42.88,147.32,21.0,18.9
10.0,9.0,-42.88,147.32,21.0,11.5
10.0,15.0,-42.88,147.32,21.0,18.2
10.0,3.0,-42.88,147.32,21.0,7.3
10.0,12.0,-42.88,147.32,21.0,13.1
10.0,9.0,-42.88,147.32,21.0,7.7
10.0,15.0,-42.88,147.32,21.0,12.7
10.0,3.0,-42.88,147.32,21.0,4.6
10.0,12.0,-42.88,147.32,21.0,14.3
10.0,9.0,-42.88,147.32,21.0,10.2
10.0,15.0,-42.88,147.32,21.0,11.4
10.0,3.0,-42.88,147.32,21.0,7.5
10.0,12.0,-42.88,147.32,21.0,11.1
10.0,9.0,-42.88,147.32,21.0,8.7
10.0,15.0,-42.88,147.32,21.0,8.3
10.0,3.0,-42.88,147.32,21.0,3.7
10.0,12.0,-42.88,147.32,21.0,15.7
10.0,9.0,-42.88,147.32,21.0,9.6
10.0,15.0,-42.88,147.32,21.0,15.3
10.0,3.0,-42.88,147.32,21.0,7.0
10.0,12.0,-42.88,147.32,21.0,16.8
10.0,9.0,-42.88,147.32,21.0,10.3
10.0,15.0,-42.88,147.32,21.0,15.6
10.0,3.0,-42.88,147.32,21.0,8.2
10.0,12.0,-42.88,147.32,21.0,26.1
10.0,9.0,-42.88,147.32,21.0,15.2
10.0,15.0,-42.88,147.32,21.0,24.9
10.0,3.0,-42.88,147.32,21.0,14.0
10.0,12.0,-42.88,147.32,21.0,17.9
10.0,9.0,-42.88,147.32,21.0,15.2
10.0,15.0,-42.88,147.32,21.0,13.4
10.0,3.0,-42.88,147.32,21.0,7.7
10.0,12.0,-42.88,147.32,21.0,16.3
10.0,9.0,-42.88,147.32,21.0,12.4
10.0,15.0,-42.88,147.32,21.0,15.3
10.0,3.0,-42.88,147.32,21.0,7.3
10.0,12.0,-42.88,147.32,21.0,15.7
10.0,9.0,-42.88,147.32,21.0,9.6
10.0,15.0,-42.88,147.32,21.0,14.1
10.0,3.0,-42.88,147.32,21.0,4.9
10.0,12.0,-42.88,147.32,21.0,15.4
10.0,9.0,-42.88,147.32,21.0,8.4
10.0,15.0,-42.88,147.32,21.0,13.8
10.0,3.0,-42.88,147.32,21.0,5.3
10.0,12.0,-42.88,147.32,21.0,18.0
10.0,9.0,-42.88,147.32,21.0,10.1
10.0,15.0,-42.88,147.32,21.0,17.3
10.0,3.0,-42.88,147.32,21.0,10.1
10.0,12.0,-42.88,147.32,21.0,15.2
10.0,9.0,-42.88,147.32,21.0,15.2
10.0,15.0,-42.88,147.32,21.0,15.0
10.0,3.0,-42.88,147.32,21.0,6.4
10.0,12.0,-42.88,147.32,21.0,12.9
10.0,9.0,-42.88,147.32,21.0,9.0
10.0,15.0,-42.88,147.32,21.0,10.5
10.0,3.0,-42.88,147.32,21.0,5.9
10.0,12.0,-42.88,147.32,21.0,12.8
10.0,9.0,-42.88,147.32,21.0,8.8
10.0,15.0,-42.88,147.32,21.0,11.0
10.0,3.0,-42.88,147.32,21.0,8.1
10.0,12.0,-42.88,147.32,21.0,13.6
10.0,9.0,-42.88,147.32,21.0,12.3
10.0,15.0,-42.88,147.32,21.0,12.4
10.0,3.0,-42.88,147.32,21.0,9.3
10.0,12.0,-42.88,147.32,21.0,21.2
10.0,9.0,-42.88,147.32,21.0,12.8
10.0,15.0,-42.88,147.32,21.0,20.7
10.0,3.0,-42.88,147.32,21.0,12.4
10.0,12.0,-42.88,147.32,21.0,21.1
10.0,9.0,-42.88,147.32,21.0,17.1
10.0,15.0,-42.88,147.32,21.0,20.0
10.0,3.0,-42.88,147.32,21.0,7.8
10.0,12.0,-42.88,147.32,21.0,16.8
10.0,9.0,-42.88,147.32,21.0,11.7
10.0,15.0,-42.88,147.32,21.0,13.3
10.0,3.0,-42.88,147.32,21.0,5.9
10.0,12.0,-42.88,147.32,21.0,19.7
10.0,9.0,-42.88,147.32,21.0,9.8
10.0,15.0,-42.88,147.32,21.0,16.8
10.0,3.0,-42.88,147.32,21.0,5.9
10.0,12.0,-42.88,147.32,21.0,20.3
10.0,9.0,-42.88,147.32,21.0,12.4
10.0,15.0,-42.88,147.32,21.0,18.1
10.0,3.0,-42.88,147.32,21.0,12.4
10.0,12.0,-42.88,147.32,21.0,25.8
10.0,9.0,-42.88,147.32,21.0,17.4
10.0,15.0,-42.88,147.32,21.0,24.4
10.0,3.0,-42.88,147.32,21.0,6.7
10.0,12.0,-42.88,147.32,21.0,15.1
10.0,9.0,-42.88,147.32,21.0,9.6
10.0,15.0,-42.88,147.32,21.0,13.0
