1.0,3.0,-42.88,147.32,21.0,14.6
1.0,12.0,-42.88,147.32,21.0,18.4
1.0,9.0,-42.88,147.32,21.0,15.6
1.0,15.0,-42.88,147.32,21.0,17.3
1.0,3.0,-42.88,147.32,21.0,14.3
1.0,12.0,-42.88,147.32,21.0,19.6
1.0,9.0,-42.88,147.32,21.0,18.4
1.0,15.0,-42.88,147.32,21.0,17.0
1.0,3.0,-42.88,147.32,21.0,10.0
1.0,12.0,-42.88,147.32,21.0,20.8
1.0,9.0,-42.88,147.32,21.0,15.4
1.0,15.0,-42.88,147.32,21.0,16.1
1.0,3.0,-42.88,147.32,21.0,12.4
1.0,12.0,-42.88,147.32,21.0,24.1
1.0,9.0,-42.88,147.32,21.0,15.9
1.0,15.0,-42.88,147.32,21.0,21.0
1.0,3.0,-42.88,147.32,21.0,14.9
1.0,12.0,-42.88,147.32,21.0,20.9
1.0,9.0,-42.88,147.32,21.0,19.0
1.0,15.0,-42.88,147.32,21.0,18.5
1.0,3.0,-42.88,147.32,21.0,14.6
1.0,12.0,-42.88,147.32,21.0,23.0
1.0,9.0,-42.88,147.32,21.0,17.9
1.0,15.0,-42.88,147.32,21.0,21.5
1.0,3.0,-42.88,147.32,21.0,15.4
1.0,12.0,-42.88,147.32,21.0,27.4
1.0,9.0,-42.88,147.32,21.0,22.4
1.0,15.0,-42.88,147.32,21.0,25.8
1.0,3.0,-42.88,147.32,21.0,20.3
1.0,12.0,-42.88,147.32,21.0,31.3
1.0,9.0,-42.88,147.32,21.0,23.9
1.0,15.0,-42.88,147.32,21.0,28.7
1.0,3.0,-42.88,147.32,21.0,13.7
1.0,12.0,-42.88,147.32,21.0,24.5
1.0,9.0,-42.88,147.32,21.0,18.8
1.0,15.0,-42.88,147.32,21.0,20.5
1.0,3.0,-42.88,147.32,21.0,14.2
1.0,12.0,-42.88,147.32,21.0,24.4
1.0,9.0,-42.88,147.32,21.0,17.1
1.0,15.0,-42.88,147.32,21.0,23.1
1.0,3.0,-42.88,147.32,21.0,16.1
1.0,12.0,-42.88,147.32,21.0,22.1
1.0,9.0,-42.88,147.32,21.0,16.8
1.0,15.0,-42.88,147.32,21.0,21.0
1.0,3.0,-42.88,147.32,21.0,13.5
1.0,12.0,-42.88,147.32,21.0,23.9
1.0,9.0,-42.88,147.32,21.0,15.9
1.0,15.0,-42.88,147.32,21.0,23.3
1.0,3.0,-42.88,147.32,21.0,14.9
1.0,12.0,-42.88,147.32,21.0,26.7
1.0,9.0,-42.88,147.32,21.0,18.2
1.0,15.0,-42.88,147.32,21.0,25.6
1.0,3.0,-42.88,147.32,21.0,12.1
1.0,12.0,-42.88,147.32,21.0,19.6
1.0,9.0,-42.88,147.32,21.0,16.6
1.0,15.0,-42.88,147.32,21.0,18.6
1.0,3.0,-42.88,147.32,21.0,11.7
1.0,12.0,-42.88,147.32,21.0,20.7
1.0,9.0,-42.88,147.32,21.0,14.9
1.0,15.0,-42.88,147.32,21.0,20.4
1.0,3.0,-42.88,147.32,21.0,13.7
1.0,12.0,-42.88,147.32,21.0,24.3
1.0,9.0,-42.88,147.32,21.0,17.2
1.0,15.0,-42.88,147.32,21.0,22.2
1.0,3.0,-42.88,147.32,21.0,12.7
1.0,12.0,-42.88,147.32,21.0,24.1
1.0,9.0,-42.88,147.32,21.0,19.1
1.0,15.0,-42.88,147.32,21.0,19.7
1.0,3.0,-42.88,147.32,21.0,13.5
1.0,12.0,-42.88,147.32,21.0,19.6
1.0,9.0,-42.88,147.32,21.0,15.5
1.0,15.0,-42.88,147.32,21.0,17.0
1.0,3.0,-42.88,147.32,21.0,9.1
1.0,12.0,-42.88,147.32,21.0,17.6
1.0,9.0,-42.88,147.32,21.0,14.0
1.0,15.0,-42.88,147.32,21.0,16.2
1.0,3.0,-42.88,147.32,21.0,11.6
1.0,12.0,-42.88,147.32,21.0,15.8
1.0,9.0,-42.88,147.32,21.0,12.0
1.0,15.0,-42.88,147.32,21.0,12.2
1.0,3.0,-42.88,147.32,21.0,10.4
1.0,12.0,-42.88,147.32,21.0,22.5
1.0,9.0,-42.88,147.32,21.0,15.0
1.0,15.0,-42.88,147.32,21.0,21.1
1.0,3.0,-42.88,147.32,21.0,11.7
1.0,12.0,-42.88,147.32,21.0,23.9
1.0,9.0,-42.88,147.32,21.0,19.2
1.0,15.0,-42.88,147.32,21.0,21.5
1.0,3.0,-42.88,147.32,21.0,16.0
1.0,12.0,-42.88,147.32,21.0,26.1
1.0,9.0,-42.88,147.32,21.0,18.8
1.0,15.0,-42.88,147.32,21.0,24.9
1.0,3.0,-42.88,147.32,21.0,16.3
1.0,12.0,-42.88,147.32,21.0,21.1
1.0,9.0,-42.88,147.32,21.0,17.0
1.0,15.0,-42.88,147.32,21.0,20.0
1.0,3.0,-42.88,147.32,21.0,12.8
1.0,12.0,-42.88,147.32,21.0,24.9
1.0,9.0,-42.88,147.32,21.0,17.1
1.0,15.0,-42.88,147.32,21.0,23.5
1.0,3.0,-42.88,147.32,21.0,15.3
1.0,12.0,-42.88,147.32,21.0,23.5
1.0,9.0,-42.88,147.32,21.0,18.8
1.0,15.0,-42.88,147.32,21.0,22.1
1.0,3.0,-42.88,147.32,21.0,12.9
1.0,12.0,-42.88,147.32,21.0,27.9
1.0,9.0,-42.88,147.32,21.0,19.3
1.0,15.0,-42.88,147.32,21.0,27.2
1.0,3.0,-42.88,147.32,21.0,14.1
1.0,12.0,-42.88,147.32,21.0,25.7
1.0,9.0,-42.88,147.32,21.0,18.1
1.0,15.0,-42.88,147.32,21.0,25.0
1.0,3.0,-42.88,147.32,21.0,9.7
1.0,12.0,-42.88,147.32,21.0,22.8
1.0,9.0,-42.88,147.32,21.0,15.4
1.0,15.0,-42.88,147.32,21.0,20.9
1.0,3.0,-42.88,147.32,21.0,15.4
1.0,12.0,-42.88,147.32,21.0,25.2
1.0,9.0,-42.88,147.32,21.0,17.5
1.0,15.0,-42.88,147.32,21.0,24.6
1.0,3.0,-42.88,147.32,21.0,11.7
1.0,12.0,-42.88,147.32,21.0,21.7
1.0,9.0,-42.88,147.32,21.0,16.1
1.0,15.0,-42.88,147.32,21.0,20.8
