6.0,3.0,-42.88,147.32,21.0,6.5
6.0,12.0,-42.88,147.32,21.0,14.6
6.0,9.0,-42.88,147.32,21.0,7.8
6.0,15.0,-42.88,147.32,21.0,13.8
6.0,3.0,-42.88,147.32,21.0,7.3
6.0,12.0,-42.88,147.32,21.0,15.6
6.0,9.0,-42.88,147.32,21.0,10.9
6.0,15.0,-42.88,147.32,21.0,14.5
6.0,3.0,-42.88,147.32,21.0,8.2
6.0,12.0,-42.88,147.32,21.0,17.1
6.0,9.0,-42.88,147.32,21.0,11.4
6.0,15.0,-42.88,147.32,21.0,15.5
6.0,3.0,-42.88,147.32,21.0,9.1
6.0,12.0,-42.88,147.32,21.0,13.3
6.0,9.0,-42.88,147.32,21.0,10.8
6.0,15.0,-42.88,147.32,21.0,13.0
6.0,3.0,-42.88,147.32,21.0,8.6
6.0,12.0,-42.88,147.32,21.0,15.7
6.0,9.0,-42.88,147.32,21.0,10.0
6.0,15.0,-42.88,147.32,21.0,13.3
6.0,3.0,-42.88,147.32,21.0,7.3
6.0,12.0,-42.88,147.32,21.0,10.8
6.0,9.0,-42.88,147.32,21.0,7.9
6.0,15.0,-42.88,147.32,21.0,9.9
6.0,3.0,-42.88,147.32,21.0,3.1
6.0,12.0,-42.88,147.32,21.0,12.3
6.0,9.0,-42.88,147.32,21.0,5.8
6.0,15.0,-42.88,147.32,21.0,11.9
6.0,3.0,-42.88,147.32,21.0,3.1
6.0,12.0,-42.88,147.32,21.0,13.1
6.0,9.0,-42.88,147.32,21.0,6.8
6.0,15.0,-42.88,147.32,21.0,12.8
6.0,3.0,-42.88,147.32,21.0,5.5
6.0,12.0,-42.88,147.32,21.0,15.9
6.0,9.0,-42.88,147.32,21.0,9.1
6.0,15.0,-42.88,147.32,21.0,14.6
6.0,3.0,-42.88,147.32,21.0,5.0
6.0,12.0,-42.88,147.32,21.0,15.0
6.0,9.0,-42.88,147.32,21.0,7.5
6.0,15.0,-42.88,147.32,21.0,14.9
6.0,3.0,-42.88,147.32,21.0,7.5
6.0,12.0,-42.88,147.32,21.0,15.9
6.0,9.0,-42.88,147.32,21.0,11.5
6.0,15.0,-42.88,147.32,21.0,15.4
6.0,3.0,-42.88,147.32,21.0,10.2
6.0,12.0,-42.88,147.32,21.0,15.5
6.0,9.0,-42.88,147.32,21.0,11.2
6.0,15.0,-42.88,147.32,21.0,14.2
6.0,3.0,-42.88,147.32,21.0,7.9
6.0,12.0,-42.88,147.32,21.0,16.1
6.0,9.0,-42.88,147.32,21.0,9.4
6.0,15.0,-42.88,147.32,21.0,14.0
6.0,3.0,-42.88,147.32,21.0,5.6
6.0,12.0,-42.88,147.32,21.0,14.5
6.0,9.0,-42.88,147.32,21.0,7.0
6.0,15.0,-42.88,147.32,21.0,14.4
6.0,3.0,-42.88,147.32,21.0,8.2
6.0,12.0,-42.88,147.32,21.0,16.2
6.0,9.0,-42.88,147.32,21.0,9.6
6.0,15.0,-42.88,147.32,21.0,15.9
6.0,3.0,-42.88,147.32,21.0,6.4
6.0,12.0,-42.88,147.32,21.0,16.8
6.0,9.0,-42.88,147.32,21.0,8.7
6.0,15.0,-42.88,147.32,21.0,16.2
6.0,3.0,-42.88,147.32,21.0,8.6
6.0,12.0,-42.88,147.32,21.0,13.6
6.0,9.0,-42.88,147.32,21.0,10.9
6.0,15.0,-42.88,147.32,21.0,12.6
6.0,3.0,-42.88,147.32,21.0,5.2
6.0,12.0,-42.88,147.32,21.0,16.2
6.0,9.0,-42.88,147.32,21.0,9.9
6.0,15.0,-42.88,147.32,21.0,15.9
6.0,3.0,-42.88,147.32,21.0,9.1
6.0,12.0,-42.88,147.32,21.0,17.5
6.0,9.0,-42.88,147.32,21.0,13.0
6.0,15.0,-42.88,147.32,21.0,16.6
6.0,3.0,-42.88,147.32,21.0,7.4
6.0,12.0,-42.88,147.32,21.0,12.1
6.0,9.0,-42.88,147.32,21.0,8.0
6.0,15.0,-42.88,147.32,21.0,10.9
6.0,3.0,-42.88,147.32,21.0,0.6
6.0,12.0,-42.88,147.32,21.0,10.2
6.0,9.0,-42.88,147.32,21.0,2.6
6.0,15.0,-42.88,147.32,21.0,9.5
6.0,3.0,-42.88,147.32,21.0,2.6
6.0,12.0,-42.88,147.32,21.0,15.1
6.0,9.0,-42.88,147.32,21.0,9.3
6.0,15.0,-42.88,147.32,21.0,11.3
6.0,3.0,-42.88,147.32,21.0,3.2
6.0,12.0,-42.88,147.32,21.0,10.9
6.0,9.0,-42.88,147.32,21.0,6.2
6.0,15.0,-42.88,147.32,21.0,9.5
6.0,3.0,-42.88,147.32,21.0,5.7
6.0,12.0,-42.88,147.32,21.0,12.6
6.0,9.0,-42.88,147.32,21.0,6.4
6.0,15.0,-42.88,147.32,21.0,9.9
6.0,3.0,-42.88,147.32,21.0,4.4
6.0,12.0,-42.88,147.32,21.0,12.4
6.0,9.0,-42.88,147.32,21.0,5.8
6.0,15.0,-42.88,147.32,21.0,10.9
6.0,3.0,-42.88,147.32,21.0,2.2
6.0,12.0,-42.88,147.32,21.0,11.2
6.0,9.0,-42.88,147.32,21.0,3.9
6.0,15.0,-42.88,147.32,21.0,11.0
6.0,3.0,-42.88,147.32,21.0,3.4
6.0,12.0,-42.88,147.32,21.0,12.6
6.0,9.0,-42.88,147.32,21.0,5.2
6.0,15.0,-42.88,147.32,21.0,12.2
6.0,3.0,-42.88,147.32,21.0,5.0
6.0,12.0,-42.88,147.32,21.0,11.4
6.0,9.0,-42.88,147.32,21.0,7.1
6.0,15.0,-42.88,147.32,21.0,7.9
6.0,3.0,-42.88,147.32,21.0,4.0
6.0,12.0,-42.88,147.32,21.0,10.1
6.0,9.0,-42.88,147.32,21.0,6.4
6.0,15.0,-42.88,147.32,21.0,8.9
