2.0,3.0,-42.88,147.32,21.0,11.1
2.0,12.0,-42.88,147.32,21.0,20.7
2.0,9.0,-42.88,147.32,21.0,14.0
2.0,15.0,-42.88,147.32,21.0,17.8
2.0,3.0,-42.88,147.32,21.0,13.1
2.0,12.0,-42.88,147.32,21.0,21.3
2.0,9.0,-42.88,147.32,21.0,16.0
2.0,15.0,-42.88,147.32,21.0,20.5
2.0,3.0,-42.88,147.32,21.0,13.5
2.0,12.0,-42.88,147.32,21.0,23.9
2.0,9.0,-42.88,147.32,21.0,15.1
2.0,15.0,-42.88,147.32,21.0,23.1
2.0,3.0,-42.88,147.32,21.0,15.1
2.0,12.0,-42.88,147.32,21.0,27.8
2.0,9.0,-42.88,147.32,21.0,18.4
2.0,15.0,-42.88,147.32,21.0,26.2
2.0,3.0,-42.88,147.32,21.0,15.3
2.0,12.0,-42.88,147.32,21.0,26.5
2.0,9.0,-42.88,147.32,21.0,17.0
2.0,15.0,-42.88,147.32,21.0,23.0
2.0,3.0,-42.88,147.32,21.0,9.9
2.0,12.0,-42.88,147.32,21.0,19.6
2.0,9.0,-42.88,147.32,21.0,14.7
2.0,15.0,-42.88,147.32,21.0,18.2
2.0,3.0,-42.88,147.32,21.0,12.1
2.0,12.0,-42.88,147.32,21.0,19.2
2.0,9.0,-42.88,147.32,21.0,13.7
2.0,15.0,-42.88,147.32,21.0,18.6
2.0,3.0,-42.88,147.32,21.0,13.4
2.0,12.0,-42.88,147.32,21.0,25.2
2.0,9.0,-42.88,147.32,21.0,16.6
2.0,15.0,-42.88,147.32,21.0,22.7
2.0,3.0,-42.88,147.32,21.0,16.6
2.0,12.0,-42.88,147.32,21.0,24.6
2.0,9.0,-42.88,147.32,21.0,20.5
2.0,15.0,-42.88,147.32,21.0,20.2
2.0,3.0,-42.88,147.32,21.0,13.7
2.0,12.0,-42.88,147.32,21.0,25.7
2.0,9.0,-42.88,147.32,21.0,16.3
2.0,15.0,-42.88,147.32,21.0,22.7
2.0,3.0,-42.88,147.32,21.0,14.3
2.0,12.0,-42.88,147.32,21.0,23.0
2.0,9.0,-42.88,147.32,21.0,17.4
2.0,15.0,-42.88,147.32,21.0,22.3
2.0,3.0,-42.88,147.32,21.0,11.9
2.0,12.0,-42.88,147.32,21.0,18.6
2.0,9.0,-42.88,147.32,21.0,14.3
2.0,15.0,-42.88,147.32,21.0,16.9
2.0,3.0,-42.88,147.32,21.0,9.8
2.0,12.0,-42.88,147.32,21.0,17.2
2.0,9.0,-42.88,147.32,21.0,12.9
2.0,15.0,-42.88,147.32,21.0,15.0
2.0,3.0,-42.88,147.32,21.0,9.8
2.0,12.0,-42.88,147.32,21.0,22.6
2.0,9.0,-42.88,147.32,21.0,13.6
2.0,15.0,-42.88,147.32,21.0,20.5
2.0,3.0,-42.88,147.32,21.0,9.8
2.0,12.0,-42.88,147.32,21.0,27.7
2.0,9.0,-42.88,147.32,21.0,15.3
2.0,15.0,-42.88,147.32,21.0,27.1
2.0,3.0,-42.88,147.32,21.0,9.9
2.0,12.0,-42.88,147.32,21.0,23.6
2.0,9.0,-42.88,147.32,21.0,15.3
2.0,15.0,-42.88,147.32,21.0,22.5
2.0,3.0,-42.88,147.32,21.0,11.5
2.0,12.0,-42.88,147.32,21.0,24.5
2.0,9.0,-42.88,147.32,21.0,14.5
2.0,15.0,-42.88,147.32,21.0,22.3
2.0,3.0,-42.88,147.32,21.0,10.1
2.0,12.0,-42.88,147.32,21.0,20.2
2.0,9.0,-42.88,147.32,21.0,13.0
2.0,15.0,-42.88,147.32,21.0,16.9
2.0,3.0,-42.88,147.32,21.0,10.1
2.0,12.0,-42.88,147.32,21.0,17.3
2.0,9.0,-42.88,147.32,21.0,12.3
2.0,15.0,-42.88,147.32,21.0,15.6
2.0,3.0,-42.88,147.32,21.0,8.7
2.0,12.0,-42.88,147.32,21.0,18.1
2.0,9.0,-42.88,147.32,21.0,10.2
2.0,15.0,-42.88,147.32,21.0,13.8
2.0,3.0,-42.88,147.32,21.0,9.9
2.0,12.0,-42.88,147.32,21.0,21.0
2.0,9.0,-42.88,147.32,21.0,14.4
2.0,15.0,-42.88,147.32,21.0,20.5
2.0,3.0,-42.88,147.32,21.0,10.3
2.0,12.0,-42.88,147.32,21.0,28.1
2.0,9.0,-42.88,147.32,21.0,12.5
2.0,15.0,-42.88,147.32,21.0,25.9
2.0,3.0,-42.88,147.32,21.0,12.5
2.0,12.0,-42.88,147.32,21.0,27.7
2.0,9.0,-42.88,147.32,21.0,21.4
2.0,15.0,-42.88,147.32,21.0,27.0
2.0,3.0,-42.88,147.32,21.0,13.4
2.0,12.0,-42.88,147.32,21.0,21.2
2.0,9.0,-42.88,147.32,21.0,16.3
2.0,15.0,-42.88,147.32,21.0,19.8
2.0,3.0,-42.88,147.32,21.0,8.5
2.0,12.0,-42.88,147.32,21.0,18.0
2.0,9.0,-42.88,147.32,21.0,13.0
2.0,15.0,-42.88,147.32,21.0,17.2
2.0,3.0,-42.88,147.32,21.0,9.7
2.0,12.0,-42.88,147.32,21.0,24.1
2.0,9.0,-42.88,147.32,21.0,13.7
2.0,15.0,-42.88,147.32,21.0,21.3
2.0,3.0,-42.88,147.32,21.0,12.0
2.0,12.0,-42.88,147.32,21.0,26.6
2.0,9.0,-42.88,147.32,21.0,15.1
2.0,15.0,-42.88,147.32,21.0,25.5
2.0,3.0,-42.88,147.32,21.0,14.2
2.0,12.0,-42.88,147.32,21.0,26.6
2.0,9.0,-42.88,147.32,21.0,18.4
2.0,15.0,-42.88,147.32,21.0,26.2
