12.0,3.0,-42.88,147.32,21.0,13.6
12.0,12.0,-42.88,147.32,21.0,21.4
12.0,9.0,-42.88,147.32,21.0,16.7
12.0,15.0,-42.88,147.32,21.0,20.6
12.0,3.0,-42.88,147.32,21.0,13.3
12.0,12.0,-42.88,147.32,21.0,20.9
12.0,9.0,-42.88,147.32,21.0,15.7
12.0,15.0,-42.88,147.32,21.0,20.4
12.0,3.0,-42.88,147.32,21.0,10.2
12.0,12.0,-42.88,147.32,21.0,18.2
12.0,9.0,-42.88,147.32,21.0,14.7
12.0,15.0,-42.88,147.32,21.0,17.4
12.0,3.0,-42.88,147.32,21.0,8.6
12.0,12.0,-42.88,147.32,21.0,25.0
12.0,9.0,-42.88,147.32,21.0,15.2
12.0,15.0,-42.88,147.32,21.0,24.4
12.0,3.0,-42.88,147.32,21.0,15.2
12.0,12.0,-42.88,147.32,21.0,22.0
12.0,9.0,-42.88,147.32,21.0,17.9
12.0,15.0,-42.88,147.32,21.0,21.4
12.0,3.0,-42.88,147.32,21.0,11.1
12.0,12.0,-42.88,147.32,21.0,18.7
12.0,9.0,-42.88,147.32,21.0,12.2
12.0,15.0,-42.88,147.32,21.0,17.7
12.0,3.0,-42.88,147.32,21.0,12.2
12.0,12.0,-42.88,147.32,21.0,24.8
12.0,9.0,-42.88,147.32,21.0,16.7
12.0,15.0,-42.88,147.32,21.0,24.3
12.0,3.0,-42.88,147.32,21.0,11.8
12.0,12.0,-42.88,147.32,21.0,24.0
12.0,9.0,-42.88,147.32,21.0,13.2
12.0,15.0,-42.88,147.32,21.0,23.9
12.0,3.0,-42.88,147.32,21.0,8.2
12.0,12.0,-42.88,147.32,21.0,16.8
12.0,9.0,-42.88,147.32,21.0,11.2
12.0,15.0,-42.88,147.32,21.0,14.7
12.0,3.0,-42.88,147.32,21.0,9.8
12.0,12.0,-42.88,147.32,21.0,18.9
12.0,9.0,-42.88,147.32,21.0,16.8
12.0,15.0,-42.88,147.32,21.0,16.4
12.0,3.0,-42.88,147.32,21.0,11.3
12.0,12.0,-42.88,147.32,21.0,17.3
12.0,9.0,-42.88,147.32,21.0,13.5
12.0,15.0,-42.88,147.32,21.0,16.2
12.0,3.0,-42.88,147.32,21.0,10.0
12.0,12.0,-42.88,147.32,21.0,28.2
12.0,9.0,-42.88,147.32,21.0,17.3
12.0,15.0,-42.88,147.32,21.0,27.1
12.0,3.0,-42.88,147.32,21.0,14.6
12.0,12.0,-42.88,147.32,21.0,30.2
12.0,9.0,-42.88,147.32,21.0,19.9
12.0,15.0,-42.88,147.32,21.0,30.2
12.0,3.0,-42.88,147.32,21.0,12.1
12.0,12.0,-42.88,147.32,21.0,16.9
12.0,9.0,-42.88,147.32,21.0,13.6
12.0,15.0,-42.88,147.32,21.0,15.3
12.0,3.0,-42.88,147.32,21.0,10.0
12.0,12.0,-42.88,147.32,21.0,19.9
12.0,9.0,-42.88,147.32,21.0,14.1
12.0,15.0,-42.88,147.32,21.0,18.5
12.0,3.0,-42.88,147.32,21.0,9.1
12.0,12.0,-42.88,147.32,21.0,21.4
12.0,9.0,-42.88,147.32,21.0,14.8
12.0,15.0,-42.88,147.32,21.0,19.4
12.0,3.0,-42.88,147.32,21.0,12.9
12.0,12.0,-42.88,147.32,21.0,21.0
12.0,9.0,-42.88,147.32,21.0,16.6
12.0,15.0,-42.88,147.32,21.0,13.1
12.0,3.0,-42.88,147.32,21.0,6.4
12.0,12.0,-42.88,147.32,21.0,18.2
12.0,9.0,-42.88,147.32,21.0,10.8
12.0,15.0,-42.88,147.32,21.0,16.5
12.0,3.0,-42.88,147.32,21.0,7.4
12.0,12.0,-42.88,147.32,21.0,24.0
12.0,9.0,-42.88,147.32,21.0,13.3
12.0,15.0,-42.88,147.32,21.0,22.3
12.0,3.0,-42.88,147.32,21.0,13.3
12.0,12.0,-42.88,147.32,21.0,22.0
12.0,9.0,-42.88,147.32,21.0,16.9
12.0,15.0,-42.88,147.32,21.0,20.1
12.0,3.0,-42.88,147.32,21.0,10.9
12.0,12.0,-42.88,147.32,21.0,19.5
12.0,9.0,-42.88,147.32,21.0,14.4
12.0,15.0,-42.88,147.32,21.0,17.7
12.0,3.0,-42.88,147.32,21.0,12.6
12.0,12.0,-42.88,147.32,21.0,21.8
12.0,9.0,-42.88,147.32,21.0,18.0
12.0,15.0,-42.88,147.32,21.0,18.7
12.0,3.0,-42.88,147.32,21.0,12.0
12.0,12.0,-42.88,147.32,21.0,25.5
12.0,9.0,-42.88,147.32,21.0,19.5
12.0,15.0,-42.88,147.32,21.0,17.2
12.0,3.0,-42.88,147.32,21.0,14.2
12.0,12.0,-42.88,147.32,21.0,23.9
12.0,9.0,-42.88,147.32,21.0,18.0
12.0,15.0,-42.88,147.32,21.0,19.9
12.0,3.0,-42.88,147.32,21.0,15.7
12.0,12.0,-42.88,147.32,21.0,26.5
12.0,9.0,-42.88,147.32,21.0,23.3
12.0,15.0,-42.88,147.32,21.0,19.4
12.0,3.0,-42.88,147.32,21.0,17.6
12.0,12.0,-42.88,147.32,21.0,23.6
12.0,9.0,-42.88,147.32,21.0,20.8
12.0,15.0,-42.88,147.32,21.0,22.8
12.0,3.0,-42.88,147.32,21.0,11.2
12.0,12.0,-42.88,147.32,21.0,22.8
12.0,9.0,-42.88,147.32,21.0,15.1
12.0,15.0,-42.88,147.32,21.0,22.2
12.0,3.0,-42.88,147.32,21.0,14.7
12.0,12.0,-42.88,147.32,21.0,18.0
12.0,9.0,-42.88,147.32,21.0,16.2
12.0,15.0,-42.88,147.32,21.0,17.4
12.0,3.0,-42.88,147.32,21.0,16.0
12.0,12.0,-42.88,147.32,21.0,20.0
12.0,9.0,-42.88,147.32,21.0,16.8
12.0,15.0,-42.88,147.32,21.0,18.0
12.0,3.0,-42.88,147.32,21.0,16.6
12.0,12.0,-42.88,147.32,21.0,25.5
12.0,9.0,-42.88,147.32,21.0,20.0
12.0,15.0,-42.88,147.32,21.0,22.9
12.0,3.0,-42.88,147.32,21.0,16.3
12.0,12.0,-42.88,147.32,21.0,24.6
12.0,9.0,-42.88,147.32,21.0,17.1
12.0,15.0,-42.88,147.32,21.0,22.7
