4.0,3.0,-42.88,147.32,21.0,8.6
4.0,12.0,-42.88,147.32,21.0,16.7
4.0,9.0,-42.88,147.32,21.0,11.7
4.0,15.0,-42.88,147.32,21.0,15.9
4.0,3.0,-42.88,147.32,21.0,7.5
4.0,12.0,-42.88,147.32,21.0,16.3
4.0,9.0,-42.88,147.32,21.0,12.7
4.0,15.0,-42.88,147.32,21.0,14.1
4.0,3.0,-42.88,147.32,21.0,5.8
4.0,12.0,-42.88,147.32,21.0,17.7
4.0,9.0,-42.88,147.32,21.0,10.8
4.0,15.0,-42.88,147.32,21.0,16.5
4.0,3.0,-42.88,147.32,21.0,6.9
4.0,12.0,-42.88,147.32,21.0,19.8
4.0,9.0,-42.88,147.32,21.0,11.4
4.0,15.0,-42.88,147.32,21.0,17.3
4.0,3.0,-42.88,147.32,21.0,9.7
4.0,12.0,-42.88,147.32,21.0,22.7
4.0,9.0,-42.88,147.32,21.0,14.2
4.0,15.0,-42.88,147.32,21.0,21.4
4.0,3.0,-42.88,147.32,21.0,10.7
4.0,12.0,-42.88,147.32,21.0,25.5
4.0,9.0,-42.88,147.32,21.0,17.2
4.0,15.0,-42.88,147.32,21.0,24.6
4.0,3.0,-42.88,147.32,21.0,10.7
4.0,12.0,-42.88,147.32,21.0,25.0
4.0,9.0,-42.88,147.32,21.0,15.2
4.0,15.0,-42.88,147.32,21.0,24.2
4.0,3.0,-42.88,147.32,21.0,14.6
4.0,12.0,-42.88,147.32,21.0,25.0
4.0,9.0,-42.88,147.32,21.0,17.9
4.0,15.0,-42.88,147.32,21.0,23.4
4.0,3.0,-42.88,147.32,21.0,15.2
4.0,12.0,-42.88,147.32,21.0,16.3
4.0,9.0,-42.88,147.32,21.0,15.9
4.0,15.0,-42.88,147.32,21.0,14.7
4.0,3.0,-42.88,147.32,21.0,11.0
4.0,12.0,-42.88,147.32,21.0,17.2
4.0,9.0,-42.88,147.32,21.0,12.1
4.0,15.0,-42.88,147.32,21.0,15.6
4.0,3.0,-42.88,147.32,21.0,8.4
4.0,12.0,-42.88,147.32,21.0,13.2
4.0,9.0,-42.88,147.32,21.0,11.8
4.0,15.0,-42.88,147.32,21.0,12.5
4.0,3.0,-42.88,147.32,21.0,10.4
4.0,12.0,-42.88,147.32,21.0,17.4
4.0,9.0,-42.88,147.32,21.0,12.3
4.0,15.0,-42.88,147.32,21.0,15.7
4.0,3.0,-42.88,147.32,21.0,7.2
4.0,12.0,-42.88,147.32,21.0,21.2
4.0,9.0,-42.88,147.32,21.0,11.8
4.0,15.0,-42.88,147.32,21.0,20.2
4.0,3.0,-42.88,147.32,21.0,8.9
4.0,12.0,-42.88,147.32,21.0,16.5
4.0,9.0,-42.88,147.32,21.0,13.6
4.0,15.0,-42.88,147.32,21.0,14.3
4.0,3.0,-42.88,147.32,21.0,6.6
4.0,12.0,-42.88,147.32,21.0,17.7
4.0,9.0,-42.88,147.32,21.0,11.5
4.0,15.0,-42.88,147.32,21.0,17.1
4.0,3.0,-42.88,147.32,21.0,10.5
4.0,12.0,-42.88,147.32,21.0,19.5
4.0,9.0,-42.88,147.32,21.0,13.7
4.0,15.0,-42.88,147.32,21.0,17.6
4.0,3.0,-42.88,147.32,21.0,8.1
4.0,12.0,-42.88,147.32,21.0,20.1
4.0,9.0,-42.88,147.32,21.0,13.1
4.0,15.0,-42.88,147.32,21.0,19.7
4.0,3.0,-42.88,147.32,21.0,8.9
4.0,12.0,-42.88,147.32,21.0,23.7
4.0,9.0,-42.88,147.32,21.0,12.3
4.0,15.0,-42.88,147.32,21.0,21.5
4.0,3.0,-42.88,147.32,21.0,9.4
4.0,12.0,-42.88,147.32,21.0,24.1
4.0,9.0,-42.88,147.32,21.0,13.2
4.0,15.0,-42.88,147.32,21.0,23.4
4.0,3.0,-42.88,147.32,21.0,11.4
4.0,12.0,-42.88,147.32,21.0,22.7
4.0,9.0,-42.88,147.32,21.0,14.5
4.0,15.0,-42.88,147.32,21.0,21.8
4.0,3.0,-42.88,147.32,21.0,12.0
4.0,12.0,-42.88,147.32,21.0,25.0
4.0,9.0,-42.88,147.32,21.0,16.9
4.0,15.0,-42.88,147.32,21.0,22.3
4.0,3.0,-42.88,147.32,21.0,14.6
4.0,12.0,-42.88,147.32,21.0,18.7
4.0,9.0,-42.88,147.32,21.0,17.0
4.0,15.0,-42.88,147.32,21.0,16.3
4.0,3.0,-42.88,147.32,21.0,12.7
4.0,12.0,-42.88,147.32,21.0,14.2
4.0,9.0,-42.88,147.32,21.0,13.4
4.0,15.0,-42.88,147.32,21.0,14.1
4.0,3.0,-42.88,147.32,21.0,12.1
4.0,12.0,-42.88,147.32,21.0,18.6
4.0,9.0,-42.88,147.32,21.0,13.2
4.0,15.0,-42.88,147.32,21.0,17.8
4.0,3.0,-42.88,147.32,21.0,12.7
4.0,12.0,-42.88,147.32,21.0,16.6
4.0,9.0,-42.88,147.32,21.0,14.0
4.0,15.0,-42.88,147.32,21.0,15.4
4.0,3.0,-42.88,147.32,21.0,8.7
4.0,12.0,-42.88,147.32,21.0,12.6
4.0,9.0,-42.88,147.32,21.0,9.2
4.0,15.0,-42.88,147.32,21.0,9.5
4.0,3.0,-42.88,147.32,21.0,3.3
4.0,12.0,-42.88,147.32,21.0,14.9
4.0,9.0,-42.88,147.32,21.0,7.3
4.0,15.0,-42.88,147.32,21.0,12.9
4.0,3.0,-42.88,147.32,21.0,7.3
4.0,12.0,-42.88,147.32,21.0,19.5
4.0,9.0,-42.88,147.32,21.0,14.8
4.0,15.0,-42.88,147.32,21.0,19.0
4.0,3.0,-42.88,147.32,21.0,13.2
4.0,12.0,-42.88,147.32,21.0,18.1
4.0,9.0,-42.88,147.32,21.0,15.5
4.0,15.0,-42.88,147.32,21.0,17.1
4.0,3.0,-42.88,147.32,21.0,6.4
4.0,12.0,-42.88,147.32,21.0,20.1
4.0,9.0,-42.88,147.32,21.0,11.3
4.0,15.0,-42.88,147.32,21.0,18.9
