8.0,3.0,-42.88,147.32,21.0,2.1
8.0,12.0,-42.88,147.32,21.0,11.8
8.0,9.0,-42.88,147.32,21.0,5.8
8.0,15.0,-42.88,147.32,21.0,11.2
8.0,3.0,-42.88,147.32,21.0,5.8
8.0,12.0,-42.88,147.32,21.0,13.3
8.0,9.0,-42.88,147.32,21.0,8.0
8.0,15.0,-42.88,147.32,21.0,13.1
8.0,3.0,-42.88,147.32,21.0,8.0
8.0,12.0,-42.88,147.32,21.0,12.5
8.0,9.0,-42.88,147.32,21.0,9.3
8.0,15.0,-42.88,147.32,21.0,10.3
8.0,3.0,-42.88,147.32,21.0,4.5
8.0,12.0,-42.88,147.32,21.0,11.2
8.0,9.0,-42.88,147.32,21.0,6.4
8.0,15.0,-42.88,147.32,21.0,10.1
8.0,3.0,-42.88,147.32,21.0,3.5
8.0,12.0,-42.88,147.32,21.0,11.9
8.0,9.0,-42.88,147.32,21.0,5.6
8.0,15.0,-42.88,147.32,21.0,10.5
8.0,3.0,-42.88,147.32,21.0,3.4
8.0,12.0,-42.88,147.32,21.0,13.3
8.0,9.0,-42.88,147.32,21.0,5.1
8.0,15.0,-42.88,147.32,21.0,11.9
8.0,3.0,-42.88,147.32,21.0,4.3
8.0,12.0,-42.88,147.32,21.0,13.2
8.0,9.0,-42.88,147.32,21.0,5.7
8.0,15.0,-42.88,147.32,21.0,12.6
8.0,3.0,-42.88,147.32,21.0,3.6
8.0,12.0,-42.88,147.32,21.0,13.2
8.0,9.0,-42.88,147.32,21.0,5.9
8.0,15.0,-42.88,147.32,21.0,12.7
8.0,3.0,-42.88,147.32,21.0,5.6
8.0,12.0,-42.88,147.32,21.0,16.3
8.0,9.0,-42.88,147.32,21.0,9.2
8.0,15.0,-42.88,147.32,21.0,16.1
8.0,3.0,-42.88,147.32,21.0,8.9
8.0,12.0,-42.88,147.32,21.0,14.4
8.0,9.0,-42.88,147.32,21.0,10.4
8.0,15.0,-42.88,147.32,21.0,12.9
8.0,3.0,-42.88,147.32,21.0,5.8
8.0,12.0,-42.88,147.32,21.0,12.2
8.0,9.0,-42.88,147.32,21.0,6.7
8.0,15.0,-42.88,147.32,21.0,11.4
8.0,3.0,-42.88,147.32,21.0,6.1
8.0,12.0,-42.88,147.32,21.0,16.9
8.0,9.0,-42.88,147.32,21.0,10.5
8.0,15.0,-42.88,147.32,21.0,16.0
8.0,3.0,-42.88,147.32,21.0,8.5
8.0,12.0,-42.88,147.32,21.0,15.1
8.0,9.0,-42.88,147.32,21.0,10.1
8.0,15.0,-42.88,147.32,21.0,13.8
8.0,3.0,-42.88,147.32,21.0,6.1
8.0,12.0,-42.88,147.32,21.0,16.0
8.0,9.0,-42.88,147.32,21.0,9.5
8.0,15.0,-42.88,147.32,21.0,15.2
8.0,3.0,-42.88,147.32,21.0,9.5
8.0,12.0,-42.88,147.32,21.0,15.6
8.0,9.0,-42.88,147.32,21.0,11.9
8.0,15.0,-42.88,147.32,21.0,14.3
8.0,3.0,-42.88,147.32,21.0,9.6
8.0,12.0,-42.88,147.32,21.0,19.2
8.0,9.0,-42.88,147.32,21.0,11.9
8.0,15.0,-42.88,147.32,21.0,19.2
8.0,3.0,-42.88,147.32,21.0,8.7
8.0,12.0,-42.88,147.32,21.0,11.8
8.0,9.0,-42.88,147.32,21.0,10.1
8.0,15.0,-42.88,147.32,21.0,10.2
8.0,3.0,-42.88,147.32,21.0,1.7
8.0,12.0,-42.88,147.32,21.0,16.6
8.0,9.0,-42.88,147.32,21.0,4.4
8.0,15.0,-42.88,147.32,21.0,14.4
8.0,3.0,-42.88,147.32,21.0,4.4
8.0,12.0,-42.88,147.32,21.0,18.0
8.0,9.0,-42.88,147.32,21.0,16.5
8.0,15.0,-42.88,147.32,21.0,15.5
8.0,3.0,-42.88,147.32,21.0,6.4
8.0,12.0,-42.88,147.32,21.0,11.8
8.0,9.0,-42.88,147.32,21.0,8.0
8.0,15.0,-42.88,147.32,21.0,11.2
8.0,3.0,-42.88,147.32,21.0,6.9
8.0,12.0,-42.88,147.32,21.0,13.3
8.0,9.0,-42.88,147.32,21.0,10.2
8.0,15.0,-42.88,147.32,21.0,11.6
8.0,3.0,-42.88,147.32,21.0,5.0
8.0,12.0,-42.88,147.32,21.0,13.8
8.0,9.0,-42.88,147.32,21.0,8.5
8.0,15.0,-42.88,147.32,21.0,13.0
8.0,3.0,-42.88,147.32,21.0,3.0
8.0,12.0,-42.88,147.32,21.0,13.8
8.0,9.0,-42.88,147.32,21.0,9.0
8.0,15.0,-42.88,147.32,21.0,12.3
8.0,3.0,-42.88,147.32,21.0,4.2
8.0,12.0,-42.88,147.32,21.0,13.2
8.0,9.0,-42.88,147.32,21.0,8.4
8.0,15.0,-42.88,147.32,21.0,11.5
8.0,3.0,-42.88,147.32,21.0,3.2
8.0,12.0,-42.88,147.32,21.0,14.1
8.0,9.0,-42.88,147.32,21.0,6.6
8.0,15.0,-42.88,147.32,21.0,9.6
8.0,3.0,-42.88,147.32,21.0,4.2
8.0,12.0,-42.88,147.32,21.0,15.4
8.0,9.0,-42.88,147.32,21.0,10.1
8.0,15.0,-42.88,147.32,21.0,14.6
8.0,3.0,-42.88,147.32,21.0,9.2
8.0,12.0,-42.88,147.32,21.0,14.9
8.0,9.0,-42.88,147.32,21.0,12.1
8.0,15.0,-42.88,147.32,21.0,13.8
8.0,3.0,-42.88,147.32,21.0,5.2
8.0,12.0,-42.88,147.32,21.0,12.3
8.0,9.0,-42.88,147.32,21.0,8.6
8.0,15.0,-42.88,147.32,21.0,11.7
8.0,3.0,-42.88,147.32,21.0,1.8
8.0,12.0,-42.88,147.32,21.0,12.5
8.0,9.0,-42.88,147.32,21.0,7.2
8.0,15.0,-42.88,147.32,21.0,11.6
8.0,3.0,-42.88,147.32,21.0,3.7
8.0,12.0,-42.88,147.32,21.0,15.9
8.0,9.0,-42.88,147.32,21.0,7.9
8.0,15.0,-42.88,147.32,21.0,13.8
8.0,3.0,-42.88,147.32,21.0,7.8
8.0,12.0,-42.88,147.32,21.0,18.4
8.0,9.0,-42.88,147.32,21.0,12.5
8.0,15.0,-42.88,147.32,21.0,17.0
