7.0,9.0,-33.87,151.21,55.0,55.0
7.0,15.0,-33.87,151.21,55.0,47.0
7.0,9.0,-33.87,151.21,55.0,78.0
7.0,15.0,-33.87,151.21,55.0,44.0
7.0,9.0,-33.87,151.21,55.0,81.0
7.0,15.0,-33.87,151.21,55.0,57.0
7.0,9.0,-33.87,151.21,55.0,76.0
7.0,15.0,-33.87,151.21,55.0,23.0
7.0,9.0,-33.87,151.21,55.0,51.0
7.0,15.0,-33.87,151.21,55.0,36.0
7.0,9.0,-33.87,151.21,55.0,62.0
7.0,15.0,-33.87,151.21,55.0,36.0
7.0,9.0,-33.87,151.21,55.0,73.0
7.0,15.0,-33.87,151.21,55.0,24.0
7.0,9.0,-33.87,151.21,55.0,66.0
7.0,15.0,-33.87,151.21,55.0,36.0
7.0,9.0,-33.87,151.21,55.0,69.0
7.0,15.0,-33.87,151.21,55.0,33.0
7.0,9.0,-33.87,151.21,55.0,67.0
7.0,15.0,-33.87,151.21,55.0,36.0
7.0,9.0,-33.87,151.21,55.0,63.0
7.0,15.0,-33.87,151.21,55.0,46.0
7.0,9.0,-33.87,151.21,55.0,76.0
7.0,15.0,-33.87,151.21,55.0,79.0
7.0,9.0,-33.87,151.21,55.0,80.0
7.0,15.0,-33.87,151.21,55.0,49.0
7.0,9.0,-33.87,151.21,55.0,67.0
7.0,15.0,-33.87,151.21,55.0,41.0
7.0,9.0,-33.87,151.21,55.0,71.0
7.0,15.0,-33.87,151.21,55.0,39.0
7.0,9.0,-33.87,151.21,55.0,61.0
7.0,15.0,-33.87,151.21,55.0,32.0
7.0,9.0,-33.87,151.21,55.0,75.0
7.0,15.0,-33.87,151.21,55.0,44.0
7.0,9.0,-33.87,151.21,55.0,62.0
7.0,15.0,-33.87,151.21,55.0,30.0
7.0,9.0,-33.87,151.21,55.0,53.0
7.0,15.0,-33.87,151.21,55.0,33.0
7.0,9.0,-33.87,151.21,55.0,55.0
7.0,15.0,-33.87,151.21,55.0,26.0
7.0,9.0,-33.87,151.21,55.0,53.0
7.0,15.0,-33.87,151.21,55.0,37.0
7.0,9.0,-33.87,151.21,55.0,64.0
7.0,15.0,-33.87,151.21,55.0,27.0
7.0,9.0,-33.87,151.21,55.0,49.0
7.0,15.0,-33.87,151.21,55.0,22.0
7.0,9.0,-33.87,151.21,55.0,51.0
7.0,15.0,-33.87,151.21,55.0,24.0
7.0,9.0,-33.87,151.21,55.0,63.0
7.0,15.0,-33.87,151.21,55.0,32.0
7.0,9.0,-33.87,151.21,55.0,39.0
7.0,15.0,-33.87,151.21,55.0,27.0
7.0,9.0,-33.87,151.21,55.0,61.0
7.0,15.0,-33.87,151.21,55.0,44.0
7.0,9.0,-33.87,151.21,55.0,51.0
7.0,15.0,-33.87,151.21,55.0,25.0
7.0,9.0,-33.87,151.21,55.0,52.0
7.0,15.0,-33.87,151.21,55.0,23.0
7.0,9.0,-33.87,151.21,55.0,25.0
7.0,15.0,-33.87,151.21,55.0,22.0
7.0,9.0,-33.87,151.21,55.0,72.0
7.0,15.0,-33.87,151.21,55.0,85.0
