9.0,9.0,-33.87,151.21,55.0,63.0
9.0,15.0,-33.87,151.21,55.0,46.0
9.0,9.0,-33.87,151.21,55.0,90.0
9.0,15.0,-33.87,151.21,55.0,91.0
9.0,9.0,-33.87,151.21,55.0,50.0
9.0,15.0,-33.87,151.21,55.0,39.0
9.0,9.0,-33.87,151.21,55.0,48.0
9.0,15.0,-33.87,151.21,55.0,33.0
9.0,9.0,-33.87,151.21,55.0,55.0
9.0,15.0,-33.87,151.21,55.0,54.0
9.0,9.0,-33.87,151.21,55.0,66.0
9.0,15.0,-33.87,151.21,55.0,58.0
9.0,9.0,-33.87,151.21,55.0,82.0
9.0,15.0,-33.87,151.21,55.0,55.0
9.0,9.0,-33.87,151.21,55.0,69.0
9.0,15.0,-33.87,151.21,55.0,67.0
9.0,9.0,-33.87,151.21,55.0,61.0
9.0,15.0,-33.87,151.21,55.0,60.0
9.0,9.0,-33.87,151.21,55.0,54.0
9.0,15.0,-33.87,151.21,55.0,31.0
9.0,9.0,-33.87,151.21,55.0,44.0
9.0,15.0,-33.87,151.21,55.0,53.0
9.0,9.0,-33.87,151.21,55.0,47.0
9.0,15.0,-33.87,151.21,55.0,53.0
9.0,9.0,-33.87,151.21,55.0,73.0
9.0,15.0,-33.87,151.21,55.0,69.0
9.0,9.0,-33.87,151.21,55.0,86.0
9.0,15.0,-33.87,151.21,55.0,55.0
9.0,9.0,-33.87,151.21,55.0,35.0
9.0,15.0,-33.87,151.21,55.0,31.0
9.0,9.0,-33.87,151.21,55.0,55.0
9.0,15.0,-33.87,151.21,55.0,29.0
9.0,9.0,-33.87,151.21,55.0,52.0
9.0,15.0,-33.87,151.21,55.0,44.0
9.0,9.0,-33.87,151.21,55.0,66.0
9.0,15.0,-33.87,151.21,55.0,79.0
9.0,9.0,-33.87,151.21,55.0,53.0
9.0,15.0,-33.87,151.21,55.0,38.0
9.0,9.0,-33.87,151.21,55.0,48.0
9.0,15.0,-33.87,151.21,55.0,47.0
9.0,9.0,-33.87,151.21,55.0,61.0
9.0,15.0,-33.87,151.21,55.0,78.0
9.0,9.0,-33.87,151.21,55.0,54.0
9.0,15.0,-33.87,151.21,55.0,63.0
9.0,9.0,-33.87,151.21,55.0,55.0
9.0,15.0,-33.87,151.21,55.0,48.0
9.0,9.0,-33.87,151.21,55.0,55.0
9.0,15.0,-33.87,151.21,55.0,63.0
9.0,9.0,-33.87,151.21,55.0,74.0
9.0,15.0,-33.87,151.21,55.0,75.0
9.0,9.0,-33.87,151.21,55.0,41.0
9.0,15.0,-33.87,151.21,55.0,44.0
9.0,9.0,-33.87,151.21,55.0,37.0
9.0,15.0,-33.87,151.21,55.0,22.0
9.0,9.0,-33.87,151.21,55.0,46.0
9.0,15.0,-33.87,151.21,55.0,42.0
9.0,9.0,-33.87,151.21,55.0,76.0
9.0,15.0,-33.87,151.21,55.0,50.0
9.0,9.0,-33.87,151.21,55.0,42.0
9.0,15.0,-33.87,151.21,55.0,40.0
