10.0,9.0,-33.87,151.21,55.0,40.0
10.0,15.0,-33.87,151.21,55.0,34.0
10.0,9.0,-33.87,151.21,55.0,44.0
10.0,15.0,-33.87,151.21,55.0,45.0
10.0,9.0,-33.87,151.21,55.0,41.0
10.0,15.0,-33.87,151.21,55.0,14.0
10.0,9.0,-33.87,151.21,55.0,34.0
10.0,15.0,-33.87,151.21,55.0,25.0
10.0,9.0,-33.87,151.21,55.0,34.0
10.0,15.0,-33.87,151.21,55.0,16.0
10.0,9.0,-33.87,151.21,55.0,34.0
10.0,15.0,-33.87,151.21,55.0,20.0
10.0,9.0,-33.87,151.21,55.0,40.0
10.0,15.0,-33.87,151.21,55.0,16.0
10.0,9.0,-33.87,151.21,55.0,63.0
10.0,15.0,-33.87,151.21,55.0,50.0
10.0,9.0,-33.87,151.21,55.0,51.0
10.0,15.0,-33.87,151.21,55.0,40.0
10.0,9.0,-33.87,151.21,55.0,37.0
10.0,15.0,-33.87,151.21,55.0,24.0
10.0,9.0,-33.87,151.21,55.0,33.0
10.0,15.0,-33.87,151.21,55.0,26.0
10.0,9.0,-33.87,151.21,55.0,45.0
10.0,15.0,-33.87,151.21,55.0,32.0
10.0,9.0,-33.87,151.21,55.0,56.0
10.0,15.0,-33.87,151.21,55.0,57.0
10.0,9.0,-33.87,151.21,55.0,50.0
10.0,15.0,-33.87,151.21,55.0,37.0
10.0,9.0,-33.87,151.21,55.0,57.0
10.0,15.0,-33.87,151.21,55.0,36.0
10.0,9.0,-33.87,151.21,55.0,31.0
10.0,15.0,-33.87,151.21,55.0,37.0
10.0,9.0,-33.87,151.21,55.0,43.0
10.0,15.0,-33.87,151.21,55.0,78.0
10.0,9.0,-33.87,151.21,55.0,39.0
10.0,15.0,-33.87,151.21,55.0,23.0
10.0,9.0,-33.87,151.21,55.0,30.0
10.0,15.0,-33.87,151.21,55.0,20.0
10.0,9.0,-33.87,151.21,55.0,47.0
10.0,15.0,-33.87,151.21,55.0,47.0
10.0,9.0,-33.87,151.21,55.0,55.0
10.0,15.0,-33.87,151.21,55.0,55.0
10.0,9.0,-33.87,151.21,55.0,84.0
10.0,15.0,-33.87,151.21,55.0,69.0
10.0,9.0,-33.87,151.21,55.0,53.0
10.0,15.0,-33.87,151.21,55.0,42.0
10.0,9.0,-33.87,151.21,55.0,45.0
10.0,15.0,-33.87,151.21,55.0,33.0
10.0,9.0,-33.87,151.21,55.0,56.0
10.0,15.0,-33.87,151.21,55.0,46.0
10.0,9.0,-33.87,151.21,55.0,52.0
10.0,15.0,-33.87,151.21,55.0,34.0
10.0,9.0,-33.87,151.21,55.0,65.0
10.0,15.0,-33.87,151.21,55.0,63.0
10.0,9.0,-33.87,151.21,55.0,73.0
10.0,15.0,-33.87,151.21,55.0,57.0
10.0,9.0,-33.87,151.21,55.0,86.0
10.0,15.0,-33.87,151.21,55.0,66.0
10.0,9.0,-33.87,151.21,55.0,65.0
10.0,15.0,-33.87,151.21,55.0,61.0
10.0,9.0,-33.87,151.21,55.0,24.0
10.0,15.0,-33.87,151.21,55.0,28.0
