3.0,9.0,-33.87,151.21,55.0,87.0
3.0,15.0,-33.87,151.21,55.0,67.0
3.0,9.0,-33.87,151.21,55.0,81.0
3.0,15.0,-33.87,151.21,55.0,69.0
3.0,9.0,-33.87,151.21,55.0,89.0
3.0,15.0,-33.87,151.21,55.0,85.0
3.0,9.0,-33.87,151.21,55.0,87.0
3.0,15.0,-33.87,151.21,55.0,86.0
3.0,9.0,-33.87,151.21,55.0,78.0
3.0,15.0,-33.87,151.21,55.0,76.0
3.0,9.0,-33.87,151.21,55.0,63.0
3.0,15.0,-33.87,151.21,55.0,49.0
3.0,9.0,-33.87,151.21,55.0,73.0
3.0,15.0,-33.87,151.21,55.0,62.0
3.0,9.0,-33.87,151.21,55.0,67.0
3.0,15.0,-33.87,151.21,55.0,56.0
3.0,9.0,-33.87,151.21,55.0,69.0
3.0,15.0,-33.87,151.21,55.0,54.0
3.0,9.0,-33.87,151.21,55.0,73.0
3.0,15.0,-33.87,151.21,55.0,51.0
3.0,9.0,-33.87,151.21,55.0,61.0
3.0,15.0,-33.87,151.21,55.0,47.0
3.0,9.0,-33.87,151.21,55.0,62.0
3.0,15.0,-33.87,151.21,55.0,50.0
3.0,9.0,-33.87,151.21,55.0,68.0
3.0,15.0,-33.87,151.21,55.0,63.0
3.0,9.0,-33.87,151.21,55.0,71.0
3.0,15.0,-33.87,151.21,55.0,67.0
3.0,9.0,-33.87,151.21,55.0,76.0
3.0,15.0,-33.87,151.21,55.0,67.0
3.0,9.0,-33.87,151.21,55.0,84.0
3.0,15.0,-33.87,151.21,55.0,85.0
3.0,9.0,-33.87,151.21,55.0,83.0
3.0,15.0,-33.87,151.21,55.0,81.0
3.0,9.0,-33.87,151.21,55.0,88.0
3.0,15.0,-33.87,151.21,55.0,79.0
3.0,9.0,-33.87,151.21,55.0,86.0
3.0,15.0,-33.87,151.21,55.0,76.0
3.0,9.0,-33.87,151.21,55.0,74.0
3.0,15.0,-33.87,151.21,55.0,66.0
3.0,9.0,-33.87,151.21,55.0,77.0
3.0,15.0,-33.87,151.21,55.0,72.0
3.0,9.0,-33.87,151.21,55.0,82.0
3.0,15.0,-33.87,151.21,55.0,57.0
3.0,9.0,-33.87,151.21,55.0,72.0
3.0,15.0,-33.87,151.21,55.0,71.0
3.0,9.0,-33.87,151.21,55.0,85.0
3.0,15.0,-33.87,151.21,55.0,70.0
3.0,9.0,-33.87,151.21,55.0,81.0
3.0,15.0,-33.87,151.21,55.0,58.0
3.0,9.0,-33.87,151.21,55.0,74.0
3.0,15.0,-33.87,151.21,55.0,66.0
3.0,9.0,-33.87,151.21,55.0,76.0
3.0,15.0,-33.87,151.21,55.0,62.0
3.0,9.0,-33.87,151.21,55.0,76.0
3.0,15.0,-33.87,151.21,55.0,69.0
3.0,9.0,-33.87,151.21,55.0,84.0
3.0,15.0,-33.87,151.21,55.0,71.0
3.0,9.0,-33.87,151.21,55.0,70.0
3.0,15.0,-33.87,151.21,55.0,88.0
3.0,9.0,-33.87,151.21,55.0,56.0
3.0,15.0,-33.87,151.21,55.0,53.0
