12.0,9.0,-33.87,151.21,55.0,68.0
12.0,15.0,-33.87,151.21,55.0,51.0
12.0,9.0,-33.87,151.21,55.0,44.0
12.0,15.0,-33.87,151.21,55.0,24.0
12.0,9.0,-33.87,151.21,55.0,64.0
12.0,15.0,-33.87,151.21,55.0,55.0
12.0,9.0,-33.87,151.21,55.0,64.0
12.0,15.0,-33.87,151.21,55.0,60.0
12.0,9.0,-33.87,151.21,55.0,71.0
12.0,15.0,-33.87,151.21,55.0,65.0
12.0,9.0,-33.87,151.21,55.0,86.0
12.0,15.0,-33.87,151.21,55.0,83.0
12.0,9.0,-33.87,151.21,55.0,86.0
12.0,15.0,-33.87,151.21,55.0,56.0
12.0,9.0,-33.87,151.21,55.0,60.0
12.0,15.0,-33.87,151.21,55.0,61.0
12.0,9.0,-33.87,151.21,55.0,35.0
12.0,15.0,-33.87,151.21,55.0,14.0
12.0,9.0,-33.87,151.21,55.0,54.0
12.0,15.0,-33.87,151.21,55.0,52.0
12.0,9.0,-33.87,151.21,55.0,57.0
12.0,15.0,-33.87,151.21,55.0,56.0
12.0,9.0,-33.87,151.21,55.0,59.0
12.0,15.0,-33.87,151.21,55.0,53.0
12.0,9.0,-33.87,151.21,55.0,49.0
12.0,15.0,-33.87,151.21,55.0,36.0
12.0,9.0,-33.87,151.21,55.0,23.0
12.0,15.0,-33.87,151.21,55.0,16.0
12.0,9.0,-33.87,151.21,55.0,88.0
12.0,15.0,-33.87,151.21,55.0,81.0
12.0,9.0,-33.87,151.21,55.0,89.0
12.0,15.0,-33.87,151.21,55.0,86.0
12.0,9.0,-33.87,151.21,55.0,67.0
12.0,15.0,-33.87,151.21,55.0,27.0
12.0,9.0,-33.87,151.21,55.0,61.0
12.0,15.0,-33.87,151.21,55.0,55.0
12.0,9.0,-33.87,151.21,55.0,49.0
12.0,15.0,-33.87,151.21,55.0,47.0
12.0,9.0,-33.87,151.21,55.0,52.0
12.0,15.0,-33.87,151.21,55.0,52.0
12.0,9.0,-33.87,151.21,55.0,64.0
12.0,15.0,-33.87,151.21,55.0,50.0
12.0,9.0,-33.87,151.21,55.0,60.0
12.0,15.0,-33.87,151.21,55.0,52.0
12.0,9.0,-33.87,151.21,55.0,56.0
12.0,15.0,-33.87,151.21,55.0,56.0
12.0,9.0,-33.87,151.21,55.0,66.0
12.0,15.0,-33.87,151.21,55.0,55.0
12.0,9.0,-33.87,151.21,55.0,64.0
12.0,15.0,-33.87,151.21,55.0,55.0
12.0,9.0,-33.87,151.21,55.0,59.0
12.0,15.0,-33.87,151.21,55.0,51.0
12.0,9.0,-33.87,151.21,55.0,66.0
12.0,15.0,-33.87,151.21,55.0,60.0
12.0,9.0,-33.87,151.21,55.0,63.0
12.0,15.0,-33.87,151.21,55.0,48.0
12.0,9.0,-33.87,151.21,55.0,49.0
12.0,15.0,-33.87,151.21,55.0,30.0
12.0,9.0,-33.87,151.21,55.0,58.0
12.0,15.0,-33.87,151.21,55.0,34.0
12.0,9.0,-33.87,151.21,55.0,57.0
12.0,15.0,-33.87,151.21,55.0,62.0
