11.0,9.0,-33.87,151.21,55.0,31.0
11.0,15.0,-33.87,151.21,55.0,37.0
11.0,9.0,-33.87,151.21,55.0,34.0
11.0,15.0,-33.87,151.21,55.0,32.0
11.0,9.0,-33.87,151.21,55.0,57.0
11.0,15.0,-33.87,151.21,55.0,50.0
11.0,9.0,-33.87,151.21,55.0,58.0
11.0,15.0,-33.87,151.21,55.0,33.0
11.0,9.0,-33.87,151.21,55.0,21.0
11.0,15.0,-33.87,151.21,55.0,16.0
11.0,9.0,-33.87,151.21,55.0,25.0
11.0,15.0,-33.87,151.21,55.0,27.0
11.0,9.0,-33.87,151.21,55.0,34.0
11.0,15.0,-33.87,151.21,55.0,46.0
11.0,9.0,-33.87,151.21,55.0,25.0
11.0,15.0,-33.87,151.21,55.0,57.0
11.0,9.0,-33.87,151.21,55.0,72.0
11.0,15.0,-33.87,151.21,55.0,67.0
11.0,9.0,-33.87,151.21,55.0,71.0
11.0,15.0,-33.87,151.21,55.0,62.0
11.0,9.0,-33.87,151.21,55.0,68.0
11.0,15.0,-33.87,151.21,55.0,59.0
11.0,9.0,-33.87,151.21,55.0,72.0
11.0,15.0,-33.87,151.21,55.0,59.0
11.0,9.0,-33.87,151.21,55.0,29.0
11.0,15.0,-33.87,151.21,55.0,21.0
11.0,9.0,-33.87,151.21,55.0,40.0
11.0,15.0,-33.87,151.21,55.0,52.0
11.0,9.0,-33.87,151.21,55.0,61.0
11.0,15.0,-33.87,151.21,55.0,45.0
11.0,9.0,-33.87,151.21,55.0,54.0
11.0,15.0,-33.87,151.21,55.0,52.0
11.0,9.0,-33.87,151.21,55.0,57.0
11.0,15.0,-33.87,151.21,55.0,53.0
11.0,9.0,-33.87,151.21,55.0,52.0
11.0,15.0,-33.87,151.21,55.0,36.0
11.0,9.0,-33.87,151.21,55.0,67.0
11.0,15.0,-33.87,151.21,55.0,58.0
11.0,9.0,-33.87,151.21,55.0,58.0
11.0,15.0,-33.87,151.21,55.0,55.0
11.0,9.0,-33.87,151.21,55.0,67.0
11.0,15.0,-33.87,151.21,55.0,64.0
11.0,9.0,-33.87,151.21,55.0,51.0
11.0,15.0,-33.87,151.21,55.0,54.0
11.0,9.0,-33.87,151.21,55.0,69.0
11.0,15.0,-33.87,151.21,55.0,72.0
11.0,9.0,-33.87,151.21,55.0,42.0
11.0,15.0,-33.87,151.21,55.0,39.0
11.0,9.0,-33.87,151.21,55.0,33.0
11.0,15.0,-33.87,151.21,55.0,46.0
11.0,9.0,-33.87,151.21,55.0,55.0
11.0,15.0,-33.87,151.21,55.0,53.0
11.0,9.0,-33.87,151.21,55.0,71.0
11.0,15.0,-33.87,151.21,55.0,66.0
11.0,9.0,-33.87,151.21,55.0,71.0
11.0,15.0,-33.87,151.21,55.0,63.0
11.0,9.0,-33.87,151.21,55.0,65.0
11.0,15.0,-33.87,151.21,55.0,57.0
11.0,9.0,-33.87,151.21,55.0,61.0
11.0,15.0,-33.87,151.21,55.0,57.0
