4.0,9.0,-33.87,151.21,55.0,63.0
4.0,15.0,-33.87,151.21,55.0,48.0
4.0,9.0,-33.87,151.21,55.0,66.0
4.0,15.0,-33.87,151.21,55.0,59.0
4.0,9.0,-33.87,151.21,55.0,90.0
4.0,15.0,-33.87,151.21,55.0,49.0
4.0,9.0,-33.87,151.21,55.0,78.0
4.0,15.0,-33.87,151.21,55.0,60.0
4.0,9.0,-33.87,151.21,55.0,72.0
4.0,15.0,-33.87,151.21,55.0,45.0
4.0,9.0,-33.87,151.21,55.0,69.0
4.0,15.0,-33.87,151.21,55.0,42.0
4.0,9.0,-33.87,151.21,55.0,69.0
4.0,15.0,-33.87,151.21,55.0,41.0
4.0,9.0,-33.87,151.21,55.0,68.0
4.0,15.0,-33.87,151.21,55.0,49.0
4.0,9.0,-33.87,151.21,55.0,62.0
4.0,15.0,-33.87,151.21,55.0,35.0
4.0,9.0,-33.87,151.21,55.0,51.0
4.0,15.0,-33.87,151.21,55.0,56.0
4.0,9.0,-33.87,151.21,55.0,56.0
4.0,15.0,-33.87,151.21,55.0,48.0
4.0,9.0,-33.87,151.21,55.0,71.0
4.0,15.0,-33.87,151.21,55.0,75.0
4.0,9.0,-33.87,151.21,55.0,80.0
4.0,15.0,-33.87,151.21,55.0,51.0
4.0,9.0,-33.87,151.21,55.0,69.0
4.0,15.0,-33.87,151.21,55.0,41.0
4.0,9.0,-33.87,151.21,55.0,72.0
4.0,15.0,-33.87,151.21,55.0,55.0
4.0,9.0,-33.87,151.21,55.0,75.0
4.0,15.0,-33.87,151.21,55.0,30.0
4.0,9.0,-33.87,151.21,55.0,68.0
4.0,15.0,-33.87,151.21,55.0,55.0
4.0,9.0,-33.87,151.21,55.0,73.0
4.0,15.0,-33.87,151.21,55.0,55.0
4.0,9.0,-33.87,151.21,55.0,72.0
4.0,15.0,-33.87,151.21,55.0,63.0
4.0,9.0,-33.87,151.21,55.0,83.0
4.0,15.0,-33.87,151.21,55.0,48.0
4.0,9.0,-33.87,151.21,55.0,68.0
4.0,15.0,-33.87,151.21,55.0,58.0
4.0,9.0,-33.87,151.21,55.0,68.0
4.0,15.0,-33.87,151.21,55.0,60.0
4.0,9.0,-33.87,151.21,55.0,74.0
4.0,15.0,-33.87,151.21,55.0,58.0
4.0,9.0,-33.87,151.21,55.0,74.0
4.0,15.0,-33.87,151.21,55.0,61.0
4.0,9.0,-33.87,151.21,55.0,69.0
4.0,15.0,-33.87,151.21,55.0,65.0
4.0,9.0,-33.87,151.21,55.0,55.0
4.0,15.0,-33.87,151.21,55.0,43.0
4.0,9.0,-33.87,151.21,55.0,46.0
4.0,15.0,-33.87,151.21,55.0,45.0
4.0,9.0,-33.87,151.21,55.0,51.0
4.0,15.0,-33.87,151.21,55.0,39.0
4.0,9.0,-33.87,151.21,55.0,60.0
4.0,15.0,-33.87,151.21,55.0,51.0
4.0,9.0,-33.87,151.21,55.0,66.0
4.0,15.0,-33.87,151.21,55.0,59.0
