2.0,9.0,-33.87,151.21,55.0,83.0
2.0,15.0,-33.87,151.21,55.0,79.0
2.0,9.0,-33.87,151.21,55.0,70.0
2.0,15.0,-33.87,151.21,55.0,56.0
2.0,9.0,-33.87,151.21,55.0,79.0
2.0,15.0,-33.87,151.21,55.0,63.0
2.0,9.0,-33.87,151.21,55.0,78.0
2.0,15.0,-33.87,151.21,55.0,65.0
2.0,9.0,-33.87,151.21,55.0,50.0
2.0,15.0,-33.87,151.21,55.0,41.0
2.0,9.0,-33.87,151.21,55.0,55.0
2.0,15.0,-33.87,151.21,55.0,44.0
2.0,9.0,-33.87,151.21,55.0,88.0
2.0,15.0,-33.87,151.21,55.0,89.0
2.0,9.0,-33.87,151.21,55.0,79.0
2.0,15.0,-33.87,151.21,55.0,85.0
2.0,9.0,-33.87,151.21,55.0,72.0
2.0,15.0,-33.87,151.21,55.0,55.0
2.0,9.0,-33.87,151.21,55.0,61.0
2.0,15.0,-33.87,151.21,55.0,35.0
2.0,9.0,-33.87,151.21,55.0,72.0
2.0,15.0,-33.87,151.21,55.0,51.0
2.0,9.0,-33.87,151.21,55.0,67.0
2.0,15.0,-33.87,151.21,55.0,59.0
2.0,9.0,-33.87,151.21,55.0,29.0
2.0,15.0,-33.87,151.21,55.0,32.0
2.0,9.0,-33.87,151.21,55.0,68.0
2.0,15.0,-33.87,151.21,55.0,73.0
2.0,9.0,-33.87,151.21,55.0,66.0
2.0,15.0,-33.87,151.21,55.0,52.0
2.0,9.0,-33.87,151.21,55.0,63.0
2.0,15.0,-33.87,151.21,55.0,51.0
2.0,9.0,-33.87,151.21,55.0,66.0
2.0,15.0,-33.87,151.21,55.0,59.0
2.0,9.0,-33.87,151.21,55.0,79.0
2.0,15.0,-33.87,151.21,55.0,58.0
2.0,9.0,-33.87,151.21,55.0,69.0
2.0,15.0,-33.87,151.21,55.0,48.0
2.0,9.0,-33.87,151.21,55.0,32.0
2.0,15.0,-33.87,151.21,55.0,18.0
2.0,9.0,-33.87,151.21,55.0,41.0
2.0,15.0,-33.87,151.21,55.0,36.0
2.0,9.0,-33.87,151.21,55.0,50.0
2.0,15.0,-33.87,151.21,55.0,47.0
2.0,9.0,-33.87,151.21,55.0,55.0
2.0,15.0,-33.87,151.21,55.0,52.0
2.0,9.0,-33.87,151.21,55.0,69.0
2.0,15.0,-33.87,151.21,55.0,56.0
2.0,9.0,-33.87,151.21,55.0,89.0
2.0,15.0,-33.87,151.21,55.0,87.0
2.0,9.0,-33.87,151.21,55.0,67.0
2.0,15.0,-33.87,151.21,55.0,54.0
2.0,9.0,-33.87,151.21,55.0,60.0
2.0,15.0,-33.87,151.21,55.0,47.0
2.0,9.0,-33.87,151.21,55.0,63.0
2.0,15.0,-33.87,151.21,55.0,61.0
