1.0,9.0,-33.87,151.21,55.0,70.0
1.0,15.0,-33.87,151.21,55.0,70.0
1.0,9.0,-33.87,151.21,55.0,71.0
1.0,15.0,-33.87,151.21,55.0,54.0
1.0,9.0,-33.87,151.21,55.0,66.0
1.0,15.0,-33.87,151.21,55.0,60.0
1.0,9.0,-33.87,151.21,55.0,53.0
1.0,15.0,-33.87,151.21,55.0,45.0
1.0,9.0,-33.87,151.21,55.0,89.0
1.0,15.0,-33.87,151.21,55.0,69.0
1.0,9.0,-33.87,151.21,55.0,86.0
1.0,15.0,-33.87,151.21,55.0,57.0
1.0,9.0,-33.87,151.21,55.0,61.0
1.0,15.0,-33.87,151.21,55.0,57.0
1.0,9.0,-33.87,151.21,55.0,52.0
1.0,15.0,-33.87,151.21,55.0,52.0
1.0,9.0,-33.87,151.21,55.0,57.0
1.0,15.0,-33.87,151.21,55.0,57.0
1.0,9.0,-33.87,151.21,55.0,73.0
1.0,15.0,-33.87,151.21,55.0,49.0
1.0,9.0,-33.87,151.21,55.0,53.0
1.0,15.0,-33.87,151.21,55.0,47.0
1.0,9.0,-33.87,151.21,55.0,68.0
1.0,15.0,-33.87,151.21,55.0,52.0
1.0,9.0,-33.87,151.21,55.0,68.0
1.0,15.0,-33.87,151.21,55.0,57.0
1.0,9.0,-33.87,151.21,55.0,59.0
1.0,15.0,-33.87,151.21,55.0,52.0
1.0,9.0,-33.87,151.21,55.0,56.0
1.0,15.0,-33.87,151.21,55.0,57.0
1.0,9.0,-33.87,151.21,55.0,55.0
1.0,15.0,-33.87,151.21,55.0,57.0
1.0,9.0,-33.87,151.21,55.0,64.0
1.0,15.0,-33.87,151.21,55.0,44.0
1.0,9.0,-33.87,151.21,55.0,26.0
1.0,15.0,-33.87,151.21,55.0,52.0
1.0,9.0,-33.87,151.21,55.0,61.0
1.0,15.0,-33.87,151.21,55.0,53.0
1.0,9.0,-33.87,151.21,55.0,62.0
1.0,15.0,-33.87,151.21,55.0,68.0
1.0,9.0,-33.87,151.21,55.0,49.0
1.0,15.0,-33.87,151.21,55.0,42.0
1.0,9.0,-33.87,151.21,55.0,50.0
1.0,15.0,-33.87,151.21,55.0,50.0
1.0,9.0,-33.87,151.21,55.0,60.0
1.0,15.0,-33.87,151.21,55.0,51.0
1.0,9.0,-33.87,151.21,55.0,34.0
1.0,15.0,-33.87,151.21,55.0,33.0
1.0,9.0,-33.87,151.21,55.0,68.0
1.0,15.0,-33.87,151.21,55.0,62.0
1.0,9.0,-33.87,151.21,55.0,70.0
1.0,15.0,-33.87,151.21,55.0,64.0
1.0,9.0,-33.87,151.21,55.0,67.0
1.0,15.0,-33.87,151.21,55.0,57.0
1.0,9.0,-33.87,151.21,55.0,63.0
1.0,15.0,-33.87,151.21,55.0,59.0
1.0,9.0,-33.87,151.21,55.0,74.0
1.0,15.0,-33.87,151.21,55.0,56.0
1.0,9.0,-33.87,151.21,55.0,67.0
1.0,15.0,-33.87,151.21,55.0,54.0
1.0,9.0,-33.87,151.21,55.0,36.0
1.0,15.0,-33.87,151.21,55.0,58.0
