8.0,9.0,-33.87,151.21,55.0,66.0
8.0,15.0,-33.87,151.21,55.0,54.0
8.0,9.0,-33.87,151.21,55.0,76.0
8.0,15.0,-33.87,151.21,55.0,77.0
8.0,9.0,-33.87,151.21,55.0,77.0
8.0,15.0,-33.87,151.21,55.0,89.0
8.0,9.0,-33.87,151.21,55.0,90.0
8.0,15.0,-33.87,151.21,55.0,60.0
8.0,9.0,-33.87,151.21,55.0,90.0
8.0,15.0,-33.87,151.21,55.0,67.0
8.0,9.0,-33.87,151.21,55.0,78.0
8.0,15.0,-33.87,151.21,55.0,71.0
8.0,9.0,-33.87,151.21,55.0,80.0
8.0,15.0,-33.87,151.21,55.0,64.0
8.0,9.0,-33.87,151.21,55.0,75.0
8.0,15.0,-33.87,151.21,55.0,52.0
8.0,9.0,-33.87,151.21,55.0,73.0
8.0,15.0,-33.87,151.21,55.0,52.0
8.0,9.0,-33.87,151.21,55.0,52.0
8.0,15.0,-33.87,151.21,55.0,33.0
8.0,9.0,-33.87,151.21,55.0,48.0
8.0,15.0,-33.87,151.21,55.0,30.0
8.0,9.0,-33.87,151.21,55.0,56.0
8.0,15.0,-33.87,151.21,55.0,37.0
8.0,9.0,-33.87,151.21,55.0,49.0
8.0,15.0,-33.87,151.21,55.0,31.0
8.0,9.0,-33.87,151.21,55.0,52.0
8.0,15.0,-33.87,151.21,55.0,46.0
8.0,9.0,-33.87,151.21,55.0,72.0
8.0,15.0,-33.87,151.21,55.0,54.0
8.0,9.0,-33.87,151.21,55.0,75.0
8.0,15.0,-33.87,151.21,55.0,59.0
8.0,9.0,-33.87,151.21,55.0,63.0
8.0,15.0,-33.87,151.21,55.0,35.0
8.0,9.0,-33.87,151.21,55.0,62.0
8.0,15.0,-33.87,151.21,55.0,40.0
8.0,9.0,-33.87,151.21,55.0,66.0
8.0,15.0,-33.87,151.21,55.0,37.0
8.0,9.0,-33.87,151.21,55.0,51.0
8.0,15.0,-33.87,151.21,55.0,35.0
8.0,9.0,-33.87,151.21,55.0,48.0
8.0,15.0,-33.87,151.21,55.0,32.0
8.0,9.0,-33.87,151.21,55.0,66.0
8.0,15.0,-33.87,151.21,55.0,67.0
8.0,9.0,-33.87,151.21,55.0,69.0
8.0,15.0,-33.87,151.21,55.0,57.0
8.0,9.0,-33.87,151.21,55.0,79.0
8.0,15.0,-33.87,151.21,55.0,90.0
8.0,9.0,-33.87,151.21,55.0,67.0
8.0,15.0,-33.87,151.21,55.0,48.0
8.0,9.0,-33.87,151.21,55.0,57.0
8.0,15.0,-33.87,151.21,55.0,50.0
8.0,9.0,-33.87,151.21,55.0,57.0
8.0,15.0,-33.87,151.21,55.0,45.0
8.0,9.0,-33.87,151.21,55.0,50.0
8.0,15.0,-33.87,151.21,55.0,36.0
8.0,9.0,-33.87,151.21,55.0,57.0
8.0,15.0,-33.87,151.21,55.0,38.0
8.0,9.0,-33.87,151.21,55.0,71.0
8.0,15.0,-33.87,151.21,55.0,62.0
8.0,9.0,-33.87,151.21,55.0,61.0
8.0,15.0,-33.87,151.21,55.0,53.0
