6.0,9.0,-33.87,151.21,55.0,54.0
6.0,15.0,-33.87,151.21,55.0,39.0
6.0,9.0,-33.87,151.21,55.0,61.0
6.0,15.0,-33.87,151.21,55.0,50.0
6.0,9.0,-33.87,151.21,55.0,64.0
6.0,15.0,-33.87,151.21,55.0,66.0
6.0,9.0,-33.87,151.21,55.0,77.0
6.0,15.0,-33.87,151.21,55.0,57.0
6.0,9.0,-33.87,151.21,55.0,78.0
6.0,15.0,-33.87,151.21,55.0,41.0
6.0,9.0,-33.87,151.21,55.0,58.0
6.0,15.0,-33.87,151.21,55.0,43.0
6.0,9.0,-33.87,151.21,55.0,82.0
6.0,15.0,-33.87,151.21,55.0,85.0
6.0,9.0,-33.87,151.21,55.0,91.0
6.0,15.0,-33.87,151.21,55.0,84.0
6.0,9.0,-33.87,151.21,55.0,90.0
6.0,15.0,-33.87,151.21,55.0,64.0
6.0,9.0,-33.87,151.21,55.0,85.0
6.0,15.0,-33.87,151.21,55.0,70.0
6.0,9.0,-33.87,151.21,55.0,90.0
6.0,15.0,-33.87,151.21,55.0,85.0
6.0,9.0,-33.87,151.21,55.0,92.0
6.0,15.0,-33.87,151.21,55.0,59.0
6.0,9.0,-33.87,151.21,55.0,82.0
6.0,15.0,-33.87,151.21,55.0,62.0
6.0,9.0,-33.87,151.21,55.0,82.0
6.0,15.0,-33.87,151.21,55.0,78.0
6.0,9.0,-33.87,151.21,55.0,89.0
6.0,15.0,-33.87,151.21,55.0,69.0
6.0,9.0,-33.87,151.21,55.0,79.0
6.0,15.0,-33.87,151.21,55.0,69.0
6.0,9.0,-33.87,151.21,55.0,81.0
6.0,15.0,-33.87,151.21,55.0,67.0
6.0,9.0,-33.87,151.21,55.0,83.0
6.0,15.0,-33.87,151.21,55.0,62.0
6.0,9.0,-33.87,151.21,55.0,79.0
6.0,15.0,-33.87,151.21,55.0,69.0
6.0,9.0,-33.87,151.21,55.0,88.0
6.0,15.0,-33.87,151.21,55.0,60.0
6.0,9.0,-33.87,151.21,55.0,73.0
6.0,15.0,-33.87,151.21,55.0,52.0
6.0,9.0,-33.87,151.21,55.0,78.0
6.0,15.0,-33.87,151.21,55.0,53.0
6.0,9.0,-33.87,151.21,55.0,85.0
6.0,15.0,-33.87,151.21,55.0,56.0
6.0,9.0,-33.87,151.21,55.0,56.0
6.0,15.0,-33.87,151.21,55.0,35.0
6.0,9.0,-33.87,151.21,55.0,73.0
6.0,15.0,-33.87,151.21,55.0,32.0
6.0,9.0,-33.87,151.21,55.0,67.0
6.0,15.0,-33.87,151.21,55.0,35.0
6.0,9.0,-33.87,151.21,55.0,72.0
6.0,15.0,-33.87,151.21,55.0,64.0
6.0,9.0,-33.87,151.21,55.0,78.0
6.0,15.0,-33.87,151.21,55.0,84.0
6.0,9.0,-33.87,151.21,55.0,72.0
6.0,15.0,-33.87,151.21,55.0,56.0
6.0,9.0,-33.87,151.21,55.0,55.0
6.0,15.0,-33.87,151.21,55.0,28.0
