5.0,9.0,-33.87,151.21,55.0,78.0
5.0,15.0,-33.87,151.21,55.0,40.0
5.0,9.0,-33.87,151.21,55.0,65.0
5.0,15.0,-33.87,151.21,55.0,33.0
5.0,9.0,-33.87,151.21,55.0,61.0
5.0,15.0,-33.87,151.21,55.0,67.0
5.0,9.0,-33.87,151.21,55.0,78.0
5.0,15.0,-33.87,151.21,55.0,45.0
5.0,9.0,-33.87,151.21,55.0,74.0
5.0,15.0,-33.87,151.21,55.0,54.0
5.0,9.0,-33.87,151.21,55.0,77.0
5.0,15.0,-33.87,151.21,55.0,39.0
5.0,9.0,-33.87,151.21,55.0,47.0
5.0,15.0,-33.87,151.21,55.0,25.0
5.0,9.0,-33.87,151.21,55.0,49.0
5.0,15.0,-33.87,151.21,55.0,41.0
5.0,9.0,-33.87,151.21,55.0,67.0
5.0,15.0,-33.87,151.21,55.0,45.0
5.0,9.0,-33.87,151.21,55.0,70.0
5.0,15.0,-33.87,151.21,55.0,52.0
5.0,9.0,-33.87,151.21,55.0,73.0
5.0,15.0,-33.87,151.21,55.0,56.0
5.0,9.0,-33.87,151.21,55.0,78.0
5.0,15.0,-33.87,151.21,55.0,71.0
5.0,9.0,-33.87,151.21,55.0,86.0
5.0,15.0,-33.87,151.21,55.0,67.0
5.0,9.0,-33.87,151.21,55.0,89.0
5.0,15.0,-33.87,151.21,55.0,74.0
5.0,9.0,-33.87,151.21,55.0,75.0
5.0,15.0,-33.87,151.21,55.0,49.0
5.0,9.0,-33.87,151.21,55.0,59.0
5.0,15.0,-33.87,151.21,55.0,39.0
5.0,9.0,-33.87,151.21,55.0,72.0
5.0,15.0,-33.87,151.21,55.0,52.0
5.0,9.0,-33.87,151.21,55.0,79.0
5.0,15.0,-33.87,151.21,55.0,62.0
5.0,9.0,-33.87,151.21,55.0,78.0
5.0,15.0,-33.87,151.21,55.0,72.0
5.0,9.0,-33.87,151.21,55.0,86.0
5.0,15.0,-33.87,151.21,55.0,58.0
5.0,9.0,-33.87,151.21,55.0,69.0
5.0,15.0,-33.87,151.21,55.0,49.0
5.0,9.0,-33.87,151.21,55.0,84.0
5.0,15.0,-33.87,151.21,55.0,65.0
5.0,9.0,-33.87,151.21,55.0,82.0
5.0,15.0,-33.87,151.21,55.0,65.0
5.0,9.0,-33.87,151.21,55.0,77.0
5.0,15.0,-33.87,151.21,55.0,31.0
5.0,9.0,-33.87,151.21,55.0,60.0
5.0,15.0,-33.87,151.21,55.0,43.0
5.0,9.0,-33.87,151.21,55.0,58.0
5.0,15.0,-33.87,151.21,55.0,56.0
5.0,9.0,-33.87,151.21,55.0,77.0
5.0,15.0,-33.87,151.21,55.0,65.0
5.0,9.0,-33.87,151.21,55.0,83.0
5.0,15.0,-33.87,151.21,55.0,37.0
5.0,9.0,-33.87,151.21,55.0,44.0
5.0,15.0,-33.87,151.21,55.0,30.0
5.0,9.0,-33.87,151.21,55.0,60.0
5.0,15.0,-33.87,151.21,55.0,37.0
5.0,9.0,-33.87,151.21,55.0,58.0
5.0,15.0,-33.87,151.21,55.0,43.0
