10.0,3.0,-35.3,149.13,558.0,6.5
10.0,12.0,-35.3,149.13,558.0,14.1
10.0,9.0,-35.3,149.13,558.0,11.5
10.0,15.0,-35.3,149.13,558.0,11.4
10.0,3.0,-35.3,149.13,558.0,5.3
10.0,12.0,-35.3,149.13,558.0,19.4
10.0,9.0,-35.3,149.13,558.0,12.3
10.0,15.0,-35.3,149.13,558.0,19.0
10.0,3.0,-35.3,149.13,558.0,7.3
10.0,12.0,-35.3,149.13,558.0,14.3
10.0,9.0,-35.3,149.13,558.0,12.6
10.0,15.0,-35.3,149.13,558.0,11.4
10.0,3.0,-35.3,149.13,558.0,6.5
10.0,12.0,-35.3,149.13,558.0,14.0
10.0,9.0,-35.3,149.13,558.0,8.7
10.0,15.0,-35.3,149.13,558.0,12.1
10.0,3.0,-35.3,149.13,558.0,3.6
10.0,12.0,-35.3,149.13,558.0,14.6
10.0,9.0,-35.3,149.13,558.0,8.3
10.0,15.0,-35.3,149.13,558.0,13.4
10.0,3.0,-35.3,149.13,558.0,7.8
10.0,12.0,-35.3,149.13,558.0,21.2
10.0,9.0,-35.3,149.13,558.0,12.0
10.0,15.0,-35.3,149.13,558.0,20.6
10.0,3.0,-35.3,149.13,558.0,7.6
10.0,12.0,-35.3,149.13,558.0,22.9
10.0,9.0,-35.3,149.13,558.0,14.9
10.0,15.0,-35.3,149.13,558.0,19.9
10.0,3.0,-35.3,149.13,558.0,8.5
10.0,12.0,-35.3,149.13,558.0,18.9
10.0,9.0,-35.3,149.13,558.0,16.5
10.0,15.0,-35.3,149.13,558.0,15.0
10.0,3.0,-35.3,149.13,558.0,1.4
10.0,12.0,-35.3,149.13,558.0,17.4
10.0,9.0,-35.3,149.13,558.0,9.4
10.0,15.0,-35.3,149.13,558.0,15.1
10.0,3.0,-35.3,149.13,558.0,6.2
10.0,12.0,-35.3,149.13,558.0,18.6
10.0,9.0,-35.3,149.13,558.0,16.4
10.0,15.0,-35.3,149.13,558.0,10.2
10.0,3.0,-35.3,149.13,558.0,5.2
10.0,12.0,-35.3,149.13,558.0,14.2
10.0,9.0,-35.3,149.13,558.0,8.2
10.0,15.0,-35.3,149.13,558.0,13.3
10.0,3.0,-35.3,149.13,558.0,-0.9
10.0,12.0,-35.3,149.13,558.0,16.0
10.0,9.0,-35.3,149.13,558.0,8.0
10.0,15.0,-35.3,149.13,558.0,14.6
10.0,3.0,-35.3,149.13,558.0,1.7
10.0,12.0,-35.3,149.13,558.0,16.2
10.0,9.0,-35.3,149.13,558.0,8.4
10.0,15.0,-35.3,149.13,558.0,13.6
10.0,3.0,-35.3,149.13,558.0,-0.3
10.0,12.0,-35.3,149.13,558.0,18.9
10.0,9.0,-35.3,149.13,558.0,7.9
10.0,15.0,-35.3,149.13,558.0,18.2
10.0,3.0,-35.3,149.13,558.0,1.0
10.0,12.0,-35.3,149.13,558.0,20.0
10.0,9.0,-35.3,149.13,558.0,9.8
10.0,15.0,-35.3,149.13,558.0,19.1
10.0,3.0,-35.3,149.13,558.0,9.0
10.0,12.0,-35.3,149.13,558.0,23.6
10.0,9.0,-35.3,149.13,558.0,15.9
10.0,15.0,-35.3,149.13,558.0,22.1
10.0,3.0,-35.3,149.13,558.0,9.7
10.0,12.0,-35.3,149.13,558.0,16.1
10.0,9.0,-35.3,149.13,558.0,10.1
10.0,15.0,-35.3,149.13,558.0,15.9
10.0,3.0,-35.3,149.13,558.0,5.2
10.0,12.0,-35.3,149.13,558.0,17.5
10.0,9.0,-35.3,149.13,558.0,12.2
10.0,15.0,-35.3,149.13,558.0,16.1
10.0,3.0,-35.3,149.13,558.0,4.6
10.0,12.0,-35.3,149.13,558.0,16.0
10.0,9.0,-35.3,149.13,558.0,9.1
10.0,15.0,-35.3,149.13,558.0,13.4
10.0,3.0,-35.3,149.13,558.0,1.5
10.0,12.0,-35.3,149.13,558.0,19.4
10.0,9.0,-35.3,149.13,558.0,9.5
10.0,15.0,-35.3,149.13,558.0,19.2
10.0,3.0,-35.3,149.13,558.0,1.4
10.0,12.0,-35.3,149.13,558.0,21.6
10.0,9.0,-35.3,149.13,558.0,11.1
10.0,15.0,-35.3,149.13,558.0,20.0
10.0,3.0,-35.3,149.13,558.0,10.4
10.0,12.0,-35.3,149.13,558.0,13.8
10.0,9.0,-35.3,149.13,558.0,10.5
10.0,15.0,-35.3,149.13,558.0,10.3
10.0,3.0,-35.3,149.13,558.0,0.7
10.0,12.0,-35.3,149.13,558.0,16.4
10.0,9.0,-35.3,149.13,558.0,8.9
10.0,15.0,-35.3,149.13,558.0,14.6
10.0,3.0,-35.3,149.13,558.0,-1.0
10.0,12.0,-35.3,149.13,558.0,18.2
10.0,9.0,-35.3,149.13,558.0,8.7
10.0,15.0,-35.3,149.13,558.0,17.5
10.0,3.0,-35.3,149.13,558.0,1.2
10.0,12.0,-35.3,149.13,558.0,20.7
10.0,9.0,-35.3,149.13,558.0,10.0
10.0,15.0,-35.3,149.13,558.0,19.6
10.0,3.0,-35.3,149.13,558.0,8.4
10.0,12.0,-35.3,149.13,558.0,24.1
10.0,9.0,-35.3,149.13,558.0,15.1
10.0,15.0,-35.3,149.13,558.0,24.0
10.0,3.0,-35.3,149.13,558.0,7.0
10.0,12.0,-35.3,149.13,558.0,23.2
10.0,9.0,-35.3,149.13,558.0,17.8
10.0,15.0,-35.3,149.13,558.0,22.4
10.0,3.0,-35.3,149.13,558.0,8.9
10.0,12.0,-35.3,149.13,558.0,18.6
10.0,9.0,-35.3,149.13,558.0,11.3
10.0,15.0,-35.3,149.13,558.0,16.4
10.0,3.0,-35.3,149.13,558.0,11.0
10.0,12.0,-35.3,149.13,558.0,24.0
10.0,9.0,-35.3,149.13,558.0,15.2
10.0,15.0,-35.3,149.13,558.0,21.3
10.0,3.0,-35.3,149.13,558.0,10.2
10.0,12.0,-35.3,149.13,558.0,22.4
10.0,9.0,-35.3,149.13,558.0,18.4
10.0,15.0,-35.3,149.13,558.0,20.7
10.0,3.0,-35.3,149.13,558.0,5.6
10.0,12.0,-35.3,149.13,558.0,16.5
10.0,9.0,-35.3,149.13,558.0,10.0
10.0,15.0,-35.3,149.13,558.0,16.1
