12.0,3.0,-35.3,149.13,558.0,12.1
12.0,12.0,-35.3,149.13,558.0,28.8
12.0,9.0,-35.3,149.13,558.0,21.8
12.0,15.0,-35.3,149.13,558.0,28.1
12.0,3.0,-35.3,149.13,558.0,8.5
12.0,12.0,-35.3,149.13,558.0,30.3
12.0,9.0,-35.3,149.13,558.0,18.0
12.0,15.0,-35.3,149.13,558.0,28.9
12.0,3.0,-35.3,149.13,558.0,11.7
12.0,12.0,-35.3,149.13,558.0,30.9
12.0,9.0,-35.3,149.13,558.0,18.0
12.0,15.0,-35.3,149.13,558.0,29.6
12.0,3.0,-35.3,149.13,558.0,10.6
12.0,12.0,-35.3,149.13,558.0,32.8
12.0,9.0,-35.3,149.13,558.0,19.2
12.0,15.0,-35.3,149.13,558.0,30.7
12.0,3.0,-35.3,149.13,558.0,17.7
12.0,12.0,-35.3,149.13,558.0,31.4
12.0,9.0,-35.3,149.13,558.0,24.4
12.0,15.0,-35.3,149.13,558.0,30.1
12.0,3.0,-35.3,149.13,558.0,16.9
12.0,12.0,-35.3,149.13,558.0,23.1
12.0,9.0,-35.3,149.13,558.0,18.9
12.0,15.0,-35.3,149.13,558.0,21.5
12.0,3.0,-35.3,149.13,558.0,8.9
12.0,12.0,-35.3,149.13,558.0,26.9
12.0,9.0,-35.3,149.13,558.0,18.4
12.0,15.0,-35.3,149.13,558.0,25.7
12.0,3.0,-35.3,149.13,558.0,10.1
12.0,12.0,-35.3,149.13,558.0,31.3
12.0,9.0,-35.3,149.13,558.0,19.6
12.0,15.0,-35.3,149.13,558.0,30.0
12.0,3.0,-35.3,149.13,558.0,11.0
12.0,12.0,-35.3,149.13,558.0,21.6
12.0,9.0,-35.3,149.13,558.0,14.8
12.0,15.0,-35.3,149.13,558.0,19.7
12.0,3.0,-35.3,149.13,558.0,7.3
12.0,12.0,-35.3,149.13,558.0,25.2
12.0,9.0,-35.3,149.13,558.0,15.1
12.0,15.0,-35.3,149.13,558.0,24.6
12.0,3.0,-35.3,149.13,558.0,12.8
12.0,12.0,-35.3,149.13,558.0,28.0
12.0,9.0,-35.3,149.13,558.0,17.3
12.0,15.0,-35.3,149.13,558.0,26.1
12.0,3.0,-35.3,149.13,558.0,15.3
12.0,12.0,-35.3,149.13,558.0,31.2
12.0,9.0,-35.3,149.13,558.0,19.5
12.0,15.0,-35.3,149.13,558.0,30.4
12.0,3.0,-35.3,149.13,558.0,10.6
12.0,12.0,-35.3,149.13,558.0,33.9
12.0,9.0,-35.3,149.13,558.0,21.6
12.0,15.0,-35.3,149.13,558.0,33.0
12.0,3.0,-35.3,149.13,558.0,21.6
12.0,12.0,-35.3,149.13,558.0,28.6
12.0,9.0,-35.3,149.13,558.0,27.8
12.0,15.0,-35.3,149.13,558.0,24.1
12.0,3.0,-35.3,149.13,558.0,12.8
12.0,12.0,-35.3,149.13,558.0,14.8
12.0,9.0,-35.3,149.13,558.0,12.9
12.0,15.0,-35.3,149.13,558.0,14.3
12.0,3.0,-35.3,149.13,558.0,12.3
12.0,12.0,-35.3,149.13,558.0,20.1
12.0,9.0,-35.3,149.13,558.0,13.6
12.0,15.0,-35.3,149.13,558.0,17.2
12.0,3.0,-35.3,149.13,558.0,13.5
12.0,12.0,-35.3,149.13,558.0,27.9
12.0,9.0,-35.3,149.13,558.0,19.8
12.0,15.0,-35.3,149.13,558.0,25.6
12.0,3.0,-35.3,149.13,558.0,11.4
12.0,12.0,-35.3,149.13,558.0,24.9
12.0,9.0,-35.3,149.13,558.0,16.8
12.0,15.0,-35.3,149.13,558.0,24.8
12.0,3.0,-35.3,149.13,558.0,11.1
12.0,12.0,-35.3,149.13,558.0,26.5
12.0,9.0,-35.3,149.13,558.0,14.7
12.0,15.0,-35.3,149.13,558.0,24.9
12.0,3.0,-35.3,149.13,558.0,9.7
12.0,12.0,-35.3,149.13,558.0,30.8
12.0,9.0,-35.3,149.13,558.0,22.6
12.0,15.0,-35.3,149.13,558.0,27.2
12.0,3.0,-35.3,149.13,558.0,8.9
12.0,12.0,-35.3,149.13,558.0,28.7
12.0,9.0,-35.3,149.13,558.0,20.7
12.0,15.0,-35.3,149.13,558.0,27.2
12.0,3.0,-35.3,149.13,558.0,14.6
12.0,12.0,-35.3,149.13,558.0,26.6
12.0,9.0,-35.3,149.13,558.0,16.8
12.0,15.0,-35.3,149.13,558.0,25.0
12.0,3.0,-35.3,149.13,558.0,14.6
12.0,12.0,-35.3,149.13,558.0,31.8
12.0,9.0,-35.3,149.13,558.0,18.7
12.0,15.0,-35.3,149.13,558.0,29.9
12.0,3.0,-35.3,149.13,558.0,14.1
12.0,12.0,-35.3,149.13,558.0,32.5
12.0,9.0,-35.3,149.13,558.0,23.1
12.0,15.0,-35.3,149.13,558.0,31.3
12.0,3.0,-35.3,149.13,558.0,11.3
12.0,12.0,-35.3,149.13,558.0,30.9
12.0,9.0,-35.3,149.13,558.0,20.1
12.0,15.0,-35.3,149.13,558.0,29.0
12.0,3.0,-35.3,149.13,558.0,14.0
12.0,12.0,-35.3,149.13,558.0,31.5
12.0,9.0,-35.3,149.13,558.0,22.6
12.0,15.0,-35.3,149.13,558.0,29.3
12.0,3.0,-35.3,149.13,558.0,18.4
12.0,12.0,-35.3,149.13,558.0,31.9
12.0,9.0,-35.3,149.13,558.0,23.8
12.0,15.0,-35.3,149.13,558.0,29.6
12.0,3.0,-35.3,149.13,558.0,16.3
12.0,12.0,-35.3,149.13,558.0,31.9
12.0,9.0,-35.3,149.13,558.0,23.1
12.0,15.0,-35.3,149.13,558.0,30.4
12.0,3.0,-35.3,149.13,558.0,21.8
12.0,12.0,-35.3,149.13,558.0,29.9
12.0,9.0,-35.3,149.13,558.0,26.0
12.0,15.0,-35.3,149.13,558.0,29.0
12.0,3.0,-35.3,149.13,558.0,20.3
12.0,12.0,-35.3,149.13,558.0,32.8
12.0,9.0,-35.3,149.13,558.0,22.8
12.0,15.0,-35.3,149.13,558.0,30.2
12.0,3.0,-35.3,149.13,558.0,18.9
12.0,12.0,-35.3,149.13,558.0,31.5
12.0,9.0,-35.3,149.13,558.0,25.3
12.0,15.0,-35.3,149.13,558.0,30.7
