9.0,3.0,-35.3,149.13,558.0,4.3
9.0,12.0,-35.3,149.13,558.0,16.7
9.0,9.0,-35.3,149.13,558.0,12.2
9.0,15.0,-35.3,149.13,558.0,14.7
9.0,3.0,-35.3,149.13,558.0,5.6
9.0,12.0,-35.3,149.13,558.0,10.5
9.0,9.0,-35.3,149.13,558.0,9.3
9.0,15.0,-35.3,149.13,558.0,10.2
9.0,3.0,-35.3,149.13,558.0,9.1
9.0,12.0,-35.3,149.13,558.0,14.6
9.0,9.0,-35.3,149.13,558.0,9.2
9.0,15.0,-35.3,149.13,558.0,11.6
9.0,3.0,-35.3,149.13,558.0,4.9
9.0,12.0,-35.3,149.13,558.0,13.9
9.0,9.0,-35.3,149.13,558.0,10.3
9.0,15.0,-35.3,149.13,558.0,12.5
9.0,3.0,-35.3,149.13,558.0,2.9
9.0,12.0,-35.3,149.13,558.0,16.4
9.0,9.0,-35.3,149.13,558.0,5.7
9.0,15.0,-35.3,149.13,558.0,15.7
9.0,3.0,-35.3,149.13,558.0,0.6
9.0,12.0,-35.3,149.13,558.0,19.4
9.0,9.0,-35.3,149.13,558.0,9.4
9.0,15.0,-35.3,149.13,558.0,18.7
9.0,3.0,-35.3,149.13,558.0,2.7
9.0,12.0,-35.3,149.13,558.0,19.1
9.0,9.0,-35.3,149.13,558.0,11.8
9.0,15.0,-35.3,149.13,558.0,18.2
9.0,3.0,-35.3,149.13,558.0,6.9
9.0,12.0,-35.3,149.13,558.0,20.0
9.0,9.0,-35.3,149.13,558.0,12.4
9.0,15.0,-35.3,149.13,558.0,17.3
9.0,3.0,-35.3,149.13,558.0,5.2
9.0,12.0,-35.3,149.13,558.0,17.4
9.0,9.0,-35.3,149.13,558.0,14.6
9.0,15.0,-35.3,149.13,558.0,14.5
9.0,3.0,-35.3,149.13,558.0,9.5
9.0,12.0,-35.3,149.13,558.0,14.3
9.0,9.0,-35.3,149.13,558.0,11.3
9.0,15.0,-35.3,149.13,558.0,12.7
9.0,3.0,-35.3,149.13,558.0,2.8
9.0,12.0,-35.3,149.13,558.0,15.7
9.0,9.0,-35.3,149.13,558.0,7.7
9.0,15.0,-35.3,149.13,558.0,14.6
9.0,3.0,-35.3,149.13,558.0,1.3
9.0,12.0,-35.3,149.13,558.0,16.6
9.0,9.0,-35.3,149.13,558.0,9.7
9.0,15.0,-35.3,149.13,558.0,16.1
9.0,3.0,-35.3,149.13,558.0,5.7
9.0,12.0,-35.3,149.13,558.0,17.5
9.0,9.0,-35.3,149.13,558.0,12.0
9.0,15.0,-35.3,149.13,558.0,16.5
9.0,3.0,-35.3,149.13,558.0,10.1
9.0,12.0,-35.3,149.13,558.0,18.3
9.0,9.0,-35.3,149.13,558.0,14.9
9.0,15.0,-35.3,149.13,558.0,13.3
9.0,3.0,-35.3,149.13,558.0,6.0
9.0,12.0,-35.3,149.13,558.0,12.9
9.0,9.0,-35.3,149.13,558.0,7.0
9.0,15.0,-35.3,149.13,558.0,10.5
9.0,3.0,-35.3,149.13,558.0,6.8
9.0,12.0,-35.3,149.13,558.0,15.7
9.0,9.0,-35.3,149.13,558.0,10.5
9.0,15.0,-35.3,149.13,558.0,14.9
9.0,3.0,-35.3,149.13,558.0,0.4
9.0,12.0,-35.3,149.13,558.0,17.0
9.0,9.0,-35.3,149.13,558.0,9.6
9.0,15.0,-35.3,149.13,558.0,15.5
9.0,3.0,-35.3,149.13,558.0,4.4
9.0,12.0,-35.3,149.13,558.0,13.1
9.0,9.0,-35.3,149.13,558.0,10.4
9.0,15.0,-35.3,149.13,558.0,11.0
9.0,3.0,-35.3,149.13,558.0,6.4
9.0,12.0,-35.3,149.13,558.0,14.6
9.0,9.0,-35.3,149.13,558.0,9.3
9.0,15.0,-35.3,149.13,558.0,13.4
9.0,3.0,-35.3,149.13,558.0,1.8
9.0,12.0,-35.3,149.13,558.0,14.5
9.0,9.0,-35.3,149.13,558.0,8.7
9.0,15.0,-35.3,149.13,558.0,14.0
9.0,3.0,-35.3,149.13,558.0,6.7
9.0,12.0,-35.3,149.13,558.0,11.7
9.0,9.0,-35.3,149.13,558.0,9.2
9.0,15.0,-35.3,149.13,558.0,10.6
9.0,3.0,-35.3,149.13,558.0,6.9
9.0,12.0,-35.3,149.13,558.0,14.9
9.0,9.0,-35.3,149.13,558.0,10.2
9.0,15.0,-35.3,149.13,558.0,14.2
9.0,3.0,-35.3,149.13,558.0,5.5
9.0,12.0,-35.3,149.13,558.0,18.2
9.0,9.0,-35.3,149.13,558.0,12.9
9.0,15.0,-35.3,149.13,558.0,16.3
9.0,3.0,-35.3,149.13,558.0,2.7
9.0,12.0,-35.3,149.13,558.0,19.2
9.0,9.0,-35.3,149.13,558.0,12.3
9.0,15.0,-35.3,149.13,558.0,18.3
9.0,3.0,-35.3,149.13,558.0,10.2
9.0,12.0,-35.3,149.13,558.0,18.3
9.0,9.0,-35.3,149.13,558.0,14.0
9.0,15.0,-35.3,149.13,558.0,16.2
9.0,3.0,-35.3,149.13,558.0,2.5
9.0,12.0,-35.3,149.13,558.0,15.3
9.0,9.0,-35.3,149.13,558.0,9.8
9.0,15.0,-35.3,149.13,558.0,14.4
9.0,3.0,-35.3,149.13,558.0,3.3
9.0,12.0,-35.3,149.13,558.0,14.3
9.0,9.0,-35.3,149.13,558.0,10.7
9.0,15.0,-35.3,149.13,558.0,12.3
9.0,3.0,-35.3,149.13,558.0,-1.1
9.0,12.0,-35.3,149.13,558.0,16.9
9.0,9.0,-35.3,149.13,558.0,8.7
9.0,15.0,-35.3,149.13,558.0,16.4
9.0,3.0,-35.3,149.13,558.0,4.9
9.0,12.0,-35.3,149.13,558.0,14.7
9.0,9.0,-35.3,149.13,558.0,10.6
9.0,15.0,-35.3,149.13,558.0,12.8
9.0,3.0,-35.3,149.13,558.0,4.9
9.0,12.0,-35.3,149.13,558.0,12.1
9.0,9.0,-35.3,149.13,558.0,7.8
9.0,15.0,-35.3,149.13,558.0,10.5
