3.0,3.0,-35.3,149.13,558.0,11.2
3.0,12.0,-35.3,149.13,558.0,29.6
3.0,9.0,-35.3,149.13,558.0,18.7
3.0,15.0,-35.3,149.13,558.0,28.3
3.0,3.0,-35.3,149.13,558.0,14.1
3.0,12.0,-35.3,149.13,558.0,26.9
3.0,9.0,-35.3,149.13,558.0,21.6
3.0,15.0,-35.3,149.13,558.0,21.2
3.0,3.0,-35.3,149.13,558.0,15.6
3.0,12.0,-35.3,149.13,558.0,27.2
3.0,9.0,-35.3,149.13,558.0,19.4
3.0,15.0,-35.3,149.13,558.0,22.9
3.0,3.0,-35.3,149.13,558.0,16.7
3.0,12.0,-35.3,149.13,558.0,25.6
3.0,9.0,-35.3,149.13,558.0,17.2
3.0,15.0,-35.3,149.13,558.0,23.2
3.0,3.0,-35.3,149.13,558.0,12.0
3.0,12.0,-35.3,149.13,558.0,28.5
3.0,9.0,-35.3,149.13,558.0,18.4
3.0,15.0,-35.3,149.13,558.0,27.3
3.0,3.0,-35.3,149.13,558.0,10.6
3.0,12.0,-35.3,149.13,558.0,26.1
3.0,9.0,-35.3,149.13,558.0,17.1
3.0,15.0,-35.3,149.13,558.0,25.1
3.0,3.0,-35.3,149.13,558.0,11.7
3.0,12.0,-35.3,149.13,558.0,23.9
3.0,9.0,-35.3,149.13,558.0,16.5
3.0,15.0,-35.3,149.13,558.0,23.0
3.0,3.0,-35.3,149.13,558.0,8.9
3.0,12.0,-35.3,149.13,558.0,21.5
3.0,9.0,-35.3,149.13,558.0,15.0
3.0,15.0,-35.3,149.13,558.0,19.7
3.0,3.0,-35.3,149.13,558.0,11.3
3.0,12.0,-35.3,149.13,558.0,23.5
3.0,9.0,-35.3,149.13,558.0,14.4
3.0,15.0,-35.3,149.13,558.0,22.6
3.0,3.0,-35.3,149.13,558.0,5.8
3.0,12.0,-35.3,149.13,558.0,29.6
3.0,9.0,-35.3,149.13,558.0,12.7
3.0,15.0,-35.3,149.13,558.0,28.8
3.0,3.0,-35.3,149.13,558.0,9.1
3.0,12.0,-35.3,149.13,558.0,30.1
3.0,9.0,-35.3,149.13,558.0,12.8
3.0,15.0,-35.3,149.13,558.0,28.2
3.0,3.0,-35.3,149.13,558.0,10.5
3.0,12.0,-35.3,149.13,558.0,32.7
3.0,9.0,-35.3,149.13,558.0,16.0
3.0,15.0,-35.3,149.13,558.0,31.4
3.0,3.0,-35.3,149.13,558.0,15.0
3.0,12.0,-35.3,149.13,558.0,26.9
3.0,9.0,-35.3,149.13,558.0,17.5
3.0,15.0,-35.3,149.13,558.0,24.6
3.0,3.0,-35.3,149.13,558.0,12.9
3.0,12.0,-35.3,149.13,558.0,24.1
3.0,9.0,-35.3,149.13,558.0,20.9
3.0,15.0,-35.3,149.13,558.0,20.7
3.0,3.0,-35.3,149.13,558.0,17.0
3.0,12.0,-35.3,149.13,558.0,25.4
3.0,9.0,-35.3,149.13,558.0,19.2
3.0,15.0,-35.3,149.13,558.0,25.4
3.0,3.0,-35.3,149.13,558.0,17.4
3.0,12.0,-35.3,149.13,558.0,27.7
3.0,9.0,-35.3,149.13,558.0,18.4
3.0,15.0,-35.3,149.13,558.0,25.4
3.0,3.0,-35.3,149.13,558.0,14.7
3.0,12.0,-35.3,149.13,558.0,24.3
3.0,9.0,-35.3,149.13,558.0,18.2
3.0,15.0,-35.3,149.13,558.0,23.0
3.0,3.0,-35.3,149.13,558.0,13.5
3.0,12.0,-35.3,149.13,558.0,23.5
3.0,9.0,-35.3,149.13,558.0,17.5
3.0,15.0,-35.3,149.13,558.0,22.0
3.0,3.0,-35.3,149.13,558.0,14.4
3.0,12.0,-35.3,149.13,558.0,27.5
3.0,9.0,-35.3,149.13,558.0,19.4
3.0,15.0,-35.3,149.13,558.0,25.5
3.0,3.0,-35.3,149.13,558.0,14.8
3.0,12.0,-35.3,149.13,558.0,30.4
3.0,9.0,-35.3,149.13,558.0,19.8
3.0,15.0,-35.3,149.13,558.0,28.9
3.0,3.0,-35.3,149.13,558.0,18.2
3.0,12.0,-35.3,149.13,558.0,23.7
3.0,9.0,-35.3,149.13,558.0,19.9
3.0,15.0,-35.3,149.13,558.0,20.7
3.0,3.0,-35.3,149.13,558.0,16.1
3.0,12.0,-35.3,149.13,558.0,27.1
3.0,9.0,-35.3,149.13,558.0,20.0
3.0,15.0,-35.3,149.13,558.0,20.1
3.0,3.0,-35.3,149.13,558.0,12.6
3.0,12.0,-35.3,149.13,558.0,19.9
3.0,9.0,-35.3,149.13,558.0,15.7
3.0,15.0,-35.3,149.13,558.0,18.1
3.0,3.0,-35.3,149.13,558.0,14.4
3.0,12.0,-35.3,149.13,558.0,21.6
3.0,9.0,-35.3,149.13,558.0,16.1
3.0,15.0,-35.3,149.13,558.0,20.7
3.0,3.0,-35.3,149.13,558.0,12.2
3.0,12.0,-35.3,149.13,558.0,20.2
3.0,9.0,-35.3,149.13,558.0,15.1
3.0,15.0,-35.3,149.13,558.0,17.9
3.0,3.0,-35.3,149.13,558.0,10.0
3.0,12.0,-35.3,149.13,558.0,28.4
3.0,9.0,-35.3,149.13,558.0,15.6
3.0,15.0,-35.3,149.13,558.0,27.9
3.0,3.0,-35.3,149.13,558.0,12.8
3.0,12.0,-35.3,149.13,558.0,29.9
3.0,9.0,-35.3,149.13,558.0,16.0
3.0,15.0,-35.3,149.13,558.0,28.6
3.0,3.0,-35.3,149.13,558.0,15.9
3.0,12.0,-35.3,149.13,558.0,27.3
3.0,9.0,-35.3,149.13,558.0,18.0
3.0,15.0,-35.3,149.13,558.0,26.5
3.0,3.0,-35.3,149.13,558.0,8.4
3.0,12.0,-35.3,149.13,558.0,27.5
3.0,9.0,-35.3,149.13,558.0,10.9
3.0,15.0,-35.3,149.13,558.0,26.6
3.0,3.0,-35.3,149.13,558.0,10.8
3.0,12.0,-35.3,149.13,558.0,22.7
3.0,9.0,-35.3,149.13,558.0,16.2
3.0,15.0,-35.3,149.13,558.0,19.7
3.0,3.0,-35.3,149.13,558.0,7.2
3.0,12.0,-35.3,149.13,558.0,20.2
3.0,9.0,-35.3,149.13,558.0,10.6
3.0,15.0,-35.3,149.13,558.0,18.7
