5.0,3.0,-35.3,149.13,558.0,1.5
5.0,12.0,-35.3,149.13,558.0,19.9
5.0,9.0,-35.3,149.13,558.0,8.5
5.0,15.0,-35.3,149.13,558.0,18.6
5.0,3.0,-35.3,149.13,558.0,5.2
5.0,12.0,-35.3,149.13,558.0,16.0
5.0,9.0,-35.3,149.13,558.0,10.9
5.0,15.0,-35.3,149.13,558.0,14.7
5.0,3.0,-35.3,149.13,558.0,0.6
5.0,12.0,-35.3,149.13,558.0,16.7
5.0,9.0,-35.3,149.13,558.0,8.0
5.0,15.0,-35.3,149.13,558.0,14.3
5.0,3.0,-35.3,149.13,558.0,-0.1
5.0,12.0,-35.3,149.13,558.0,17.6
5.0,9.0,-35.3,149.13,558.0,7.9
5.0,15.0,-35.3,149.13,558.0,16.2
5.0,3.0,-35.3,149.13,558.0,2.3
5.0,12.0,-35.3,149.13,558.0,19.1
5.0,9.0,-35.3,149.13,558.0,9.4
5.0,15.0,-35.3,149.13,558.0,17.6
5.0,3.0,-35.3,149.13,558.0,1.8
5.0,12.0,-35.3,149.13,558.0,17.3
5.0,9.0,-35.3,149.13,558.0,7.9
5.0,15.0,-35.3,149.13,558.0,16.8
5.0,3.0,-35.3,149.13,558.0,4.2
5.0,12.0,-35.3,149.13,558.0,15.2
5.0,9.0,-35.3,149.13,558.0,10.4
5.0,15.0,-35.3,149.13,558.0,14.2
5.0,3.0,-35.3,149.13,558.0,-4.4
5.0,12.0,-35.3,149.13,558.0,15.2
5.0,9.0,-35.3,149.13,558.0,7.6
5.0,15.0,-35.3,149.13,558.0,13.7
5.0,3.0,-35.3,149.13,558.0,-1.0
5.0,12.0,-35.3,149.13,558.0,17.7
5.0,9.0,-35.3,149.13,558.0,9.2
5.0,15.0,-35.3,149.13,558.0,16.9
5.0,3.0,-35.3,149.13,558.0,-2.0
5.0,12.0,-35.3,149.13,558.0,18.5
5.0,9.0,-35.3,149.13,558.0,7.1
5.0,15.0,-35.3,149.13,558.0,17.2
5.0,3.0,-35.3,149.13,558.0,-1.7
5.0,12.0,-35.3,149.13,558.0,18.8
5.0,9.0,-35.3,149.13,558.0,6.8
5.0,15.0,-35.3,149.13,558.0,17.3
5.0,3.0,-35.3,149.13,558.0,-0.6
5.0,12.0,-35.3,149.13,558.0,16.2
5.0,9.0,-35.3,149.13,558.0,5.8
5.0,15.0,-35.3,149.13,558.0,15.8
5.0,3.0,-35.3,149.13,558.0,3.4
5.0,12.0,-35.3,149.13,558.0,18.9
5.0,9.0,-35.3,149.13,558.0,9.2
5.0,15.0,-35.3,149.13,558.0,18.6
5.0,3.0,-35.3,149.13,558.0,7.0
5.0,12.0,-35.3,149.13,558.0,15.9
5.0,9.0,-35.3,149.13,558.0,12.7
5.0,15.0,-35.3,149.13,558.0,13.3
5.0,3.0,-35.3,149.13,558.0,3.3
5.0,12.0,-35.3,149.13,558.0,17.1
5.0,9.0,-35.3,149.13,558.0,7.4
5.0,15.0,-35.3,149.13,558.0,16.5
5.0,3.0,-35.3,149.13,558.0,0.3
5.0,12.0,-35.3,149.13,558.0,16.8
5.0,9.0,-35.3,149.13,558.0,7.9
5.0,15.0,-35.3,149.13,558.0,16.4
5.0,3.0,-35.3,149.13,558.0,-1.0
5.0,12.0,-35.3,149.13,558.0,16.8
5.0,9.0,-35.3,149.13,558.0,4.7
5.0,15.0,-35.3,149.13,558.0,16.1
5.0,3.0,-35.3,149.13,558.0,4.6
5.0,12.0,-35.3,149.13,558.0,19.1
5.0,9.0,-35.3,149.13,558.0,11.4
5.0,15.0,-35.3,149.13,558.0,18.3
5.0,3.0,-35.3,149.13,558.0,9.8
5.0,12.0,-35.3,149.13,558.0,15.9
5.0,9.0,-35.3,149.13,558.0,13.9
5.0,15.0,-35.3,149.13,558.0,14.6
5.0,3.0,-35.3,149.13,558.0,8.8
5.0,12.0,-35.3,149.13,558.0,17.8
5.0,9.0,-35.3,149.13,558.0,11.3
5.0,15.0,-35.3,149.13,558.0,16.3
5.0,3.0,-35.3,149.13,558.0,0.7
5.0,12.0,-35.3,149.13,558.0,17.2
5.0,9.0,-35.3,149.13,558.0,5.6
5.0,15.0,-35.3,149.13,558.0,16.3
5.0,3.0,-35.3,149.13,558.0,0.2
5.0,12.0,-35.3,149.13,558.0,18.1
5.0,9.0,-35.3,149.13,558.0,7.3
5.0,15.0,-35.3,149.13,558.0,17.6
5.0,3.0,-35.3,149.13,558.0,1.1
5.0,12.0,-35.3,149.13,558.0,17.6
5.0,9.0,-35.3,149.13,558.0,5.6
5.0,15.0,-35.3,149.13,558.0,16.2
5.0,3.0,-35.3,149.13,558.0,5.5
5.0,12.0,-35.3,149.13,558.0,15.9
5.0,9.0,-35.3,149.13,558.0,12.6
5.0,15.0,-35.3,149.13,558.0,14.3
5.0,3.0,-35.3,149.13,558.0,0.8
5.0,12.0,-35.3,149.13,558.0,12.5
5.0,9.0,-35.3,149.13,558.0,4.4
5.0,15.0,-35.3,149.13,558.0,11.5
5.0,3.0,-35.3,149.13,558.0,0.4
5.0,12.0,-35.3,149.13,558.0,16.0
5.0,9.0,-35.3,149.13,558.0,4.5
5.0,15.0,-35.3,149.13,558.0,15.7
5.0,3.0,-35.3,149.13,558.0,0.7
5.0,12.0,-35.3,149.13,558.0,16.0
5.0,9.0,-35.3,149.13,558.0,8.4
5.0,15.0,-35.3,149.13,558.0,15.2
5.0,3.0,-35.3,149.13,558.0,0.0
5.0,12.0,-35.3,149.13,558.0,14.3
5.0,9.0,-35.3,149.13,558.0,10.7
5.0,15.0,-35.3,149.13,558.0,12.3
5.0,3.0,-35.3,149.13,558.0,3.3
5.0,12.0,-35.3,149.13,558.0,11.7
5.0,9.0,-35.3,149.13,558.0,7.0
5.0,15.0,-35.3,149.13,558.0,10.4
5.0,3.0,-35.3,149.13,558.0,-4.5
5.0,12.0,-35.3,149.13,558.0,12.6
5.0,9.0,-35.3,149.13,558.0,2.0
5.0,15.0,-35.3,149.13,558.0,10.9
5.0,3.0,-35.3,149.13,558.0,-0.7
5.0,12.0,-35.3,149.13,558.0,11.0
5.0,9.0,-35.3,149.13,558.0,6.3
5.0,15.0,-35.3,149.13,558.0,10.1
