6.0,3.0,-35.3,149.13,558.0,-4.2
6.0,12.0,-35.3,149.13,558.0,13.0
6.0,9.0,-35.3,149.13,558.0,5.4
6.0,15.0,-35.3,149.13,558.0,12.4
6.0,3.0,-35.3,149.13,558.0,-5.1
6.0,12.0,-35.3,149.13,558.0,12.9
6.0,9.0,-35.3,149.13,558.0,2.7
6.0,15.0,-35.3,149.13,558.0,12.0
6.0,3.0,-35.3,149.13,558.0,-4.2
6.0,12.0,-35.3,149.13,558.0,15.4
6.0,9.0,-35.3,149.13,558.0,5.4
6.0,15.0,-35.3,149.13,558.0,14.5
6.0,3.0,-35.3,149.13,558.0,-3.3
6.0,12.0,-35.3,149.13,558.0,13.9
6.0,9.0,-35.3,149.13,558.0,1.2
6.0,15.0,-35.3,149.13,558.0,13.3
6.0,3.0,-35.3,149.13,558.0,-3.8
6.0,12.0,-35.3,149.13,558.0,12.7
6.0,9.0,-35.3,149.13,558.0,1.4
6.0,15.0,-35.3,149.13,558.0,12.5
6.0,3.0,-35.3,149.13,558.0,-3.2
6.0,12.0,-35.3,149.13,558.0,12.8
6.0,9.0,-35.3,149.13,558.0,5.6
6.0,15.0,-35.3,149.13,558.0,10.1
6.0,3.0,-35.3,149.13,558.0,5.6
6.0,12.0,-35.3,149.13,558.0,12.6
6.0,9.0,-35.3,149.13,558.0,8.3
6.0,15.0,-35.3,149.13,558.0,12.2
6.0,3.0,-35.3,149.13,558.0,5.7
6.0,12.0,-35.3,149.13,558.0,17.2
6.0,9.0,-35.3,149.13,558.0,10.2
6.0,15.0,-35.3,149.13,558.0,16.4
6.0,3.0,-35.3,149.13,558.0,5.5
6.0,12.0,-35.3,149.13,558.0,13.5
6.0,9.0,-35.3,149.13,558.0,9.9
6.0,15.0,-35.3,149.13,558.0,12.0
6.0,3.0,-35.3,149.13,558.0,5.1
6.0,12.0,-35.3,149.13,558.0,14.1
6.0,9.0,-35.3,149.13,558.0,10.2
6.0,15.0,-35.3,149.13,558.0,12.9
6.0,3.0,-35.3,149.13,558.0,-0.1
6.0,12.0,-35.3,149.13,558.0,16.0
6.0,9.0,-35.3,149.13,558.0,4.4
6.0,15.0,-35.3,149.13,558.0,15.3
6.0,3.0,-35.3,149.13,558.0,-1.7
6.0,12.0,-35.3,149.13,558.0,15.2
6.0,9.0,-35.3,149.13,558.0,4.2
6.0,15.0,-35.3,149.13,558.0,14.3
6.0,3.0,-35.3,149.13,558.0,-3.0
6.0,12.0,-35.3,149.13,558.0,15.7
6.0,9.0,-35.3,149.13,558.0,3.6
6.0,15.0,-35.3,149.13,558.0,15.3
6.0,3.0,-35.3,149.13,558.0,-3.1
6.0,12.0,-35.3,149.13,558.0,15.3
6.0,9.0,-35.3,149.13,558.0,2.2
6.0,15.0,-35.3,149.13,558.0,14.8
6.0,3.0,-35.3,149.13,558.0,-2.8
6.0,12.0,-35.3,149.13,558.0,9.9
6.0,9.0,-35.3,149.13,558.0,2.5
6.0,15.0,-35.3,149.13,558.0,9.5
6.0,3.0,-35.3,149.13,558.0,-2.0
6.0,12.0,-35.3,149.13,558.0,11.5
6.0,9.0,-35.3,149.13,558.0,3.0
6.0,15.0,-35.3,149.13,558.0,11.2
6.0,3.0,-35.3,149.13,558.0,2.9
6.0,12.0,-35.3,149.13,558.0,13.0
6.0,9.0,-35.3,149.13,558.0,9.2
6.0,15.0,-35.3,149.13,558.0,12.8
6.0,3.0,-35.3,149.13,558.0,0.8
6.0,12.0,-35.3,149.13,558.0,15.0
6.0,9.0,-35.3,149.13,558.0,7.3
6.0,15.0,-35.3,149.13,558.0,14.7
6.0,3.0,-35.3,149.13,558.0,-3.6
6.0,12.0,-35.3,149.13,558.0,15.7
6.0,9.0,-35.3,149.13,558.0,2.2
6.0,15.0,-35.3,149.13,558.0,15.5
6.0,3.0,-35.3,149.13,558.0,-2.9
6.0,12.0,-35.3,149.13,558.0,13.3
6.0,9.0,-35.3,149.13,558.0,3.3
6.0,15.0,-35.3,149.13,558.0,12.9
6.0,3.0,-35.3,149.13,558.0,-2.4
6.0,12.0,-35.3,149.13,558.0,14.7
6.0,9.0,-35.3,149.13,558.0,0.1
6.0,15.0,-35.3,149.13,558.0,14.5
6.0,3.0,-35.3,149.13,558.0,-0.4
6.0,12.0,-35.3,149.13,558.0,13.9
6.0,9.0,-35.3,149.13,558.0,4.0
6.0,15.0,-35.3,149.13,558.0,13.3
6.0,3.0,-35.3,149.13,558.0,-2.9
6.0,12.0,-35.3,149.13,558.0,13.3
6.0,9.0,-35.3,149.13,558.0,0.1
6.0,15.0,-35.3,149.13,558.0,12.4
6.0,3.0,-35.3,149.13,558.0,0.1
6.0,12.0,-35.3,149.13,558.0,14.4
6.0,9.0,-35.3,149.13,558.0,9.1
6.0,15.0,-35.3,149.13,558.0,13.0
6.0,3.0,-35.3,149.13,558.0,-4.3
6.0,12.0,-35.3,149.13,558.0,14.5
6.0,9.0,-35.3,149.13,558.0,2.3
6.0,15.0,-35.3,149.13,558.0,12.0
6.0,3.0,-35.3,149.13,558.0,-3.2
6.0,12.0,-35.3,149.13,558.0,13.8
6.0,9.0,-35.3,149.13,558.0,4.8
6.0,15.0,-35.3,149.13,558.0,12.8
6.0,3.0,-35.3,149.13,558.0,-4.1
6.0,12.0,-35.3,149.13,558.0,11.3
6.0,9.0,-35.3,149.13,558.0,2.3
6.0,15.0,-35.3,149.13,558.0,10.5
6.0,3.0,-35.3,149.13,558.0,2.1
6.0,12.0,-35.3,149.13,558.0,12.4
6.0,9.0,-35.3,149.13,558.0,5.8
6.0,15.0,-35.3,149.13,558.0,11.7
6.0,3.0,-35.3,149.13,558.0,-4.1
6.0,12.0,-35.3,149.13,558.0,10.6
6.0,9.0,-35.3,149.13,558.0,-0.3
6.0,15.0,-35.3,149.13,558.0,9.8
6.0,3.0,-35.3,149.13,558.0,-4.3
6.0,12.0,-35.3,149.13,558.0,11.5
6.0,9.0,-35.3,149.13,558.0,1.8
6.0,15.0,-35.3,149.13,558.0,10.6
