4.0,3.0,-35.3,149.13,558.0,5.6
4.0,12.0,-35.3,149.13,558.0,22.3
4.0,9.0,-35.3,149.13,558.0,9.2
4.0,15.0,-35.3,149.13,558.0,20.6
4.0,3.0,-35.3,149.13,558.0,9.1
4.0,12.0,-35.3,149.13,558.0,20.4
4.0,9.0,-35.3,149.13,558.0,15.1
4.0,15.0,-35.3,149.13,558.0,19.5
4.0,3.0,-35.3,149.13,558.0,4.5
4.0,12.0,-35.3,149.13,558.0,18.4
4.0,9.0,-35.3,149.13,558.0,13.0
4.0,15.0,-35.3,149.13,558.0,17.7
4.0,3.0,-35.3,149.13,558.0,5.7
4.0,12.0,-35.3,149.13,558.0,18.7
4.0,9.0,-35.3,149.13,558.0,14.2
4.0,15.0,-35.3,149.13,558.0,17.8
4.0,3.0,-35.3,149.13,558.0,3.7
4.0,12.0,-35.3,149.13,558.0,19.2
4.0,9.0,-35.3,149.13,558.0,12.7
4.0,15.0,-35.3,149.13,558.0,18.1
4.0,3.0,-35.3,149.13,558.0,4.1
4.0,12.0,-35.3,149.13,558.0,21.3
4.0,9.0,-35.3,149.13,558.0,13.6
4.0,15.0,-35.3,149.13,558.0,21.0
4.0,3.0,-35.3,149.13,558.0,3.3
4.0,12.0,-35.3,149.13,558.0,21.4
4.0,9.0,-35.3,149.13,558.0,13.8
4.0,15.0,-35.3,149.13,558.0,20.5
4.0,3.0,-35.3,149.13,558.0,5.0
4.0,12.0,-35.3,149.13,558.0,22.5
4.0,9.0,-35.3,149.13,558.0,13.8
4.0,15.0,-35.3,149.13,558.0,21.1
4.0,3.0,-35.3,149.13,558.0,6.8
4.0,12.0,-35.3,149.13,558.0,18.7
4.0,9.0,-35.3,149.13,558.0,13.5
4.0,15.0,-35.3,149.13,558.0,13.8
4.0,3.0,-35.3,149.13,558.0,5.8
4.0,12.0,-35.3,149.13,558.0,15.0
4.0,9.0,-35.3,149.13,558.0,9.1
4.0,15.0,-35.3,149.13,558.0,13.8
4.0,3.0,-35.3,149.13,558.0,5.9
4.0,12.0,-35.3,149.13,558.0,19.9
4.0,9.0,-35.3,149.13,558.0,14.5
4.0,15.0,-35.3,149.13,558.0,18.5
4.0,3.0,-35.3,149.13,558.0,5.3
4.0,12.0,-35.3,149.13,558.0,20.8
4.0,9.0,-35.3,149.13,558.0,14.3
4.0,15.0,-35.3,149.13,558.0,18.3
4.0,3.0,-35.3,149.13,558.0,4.7
4.0,12.0,-35.3,149.13,558.0,19.7
4.0,9.0,-35.3,149.13,558.0,12.2
4.0,15.0,-35.3,149.13,558.0,18.7
4.0,3.0,-35.3,149.13,558.0,2.1
4.0,12.0,-35.3,149.13,558.0,22.5
4.0,9.0,-35.3,149.13,558.0,10.0
4.0,15.0,-35.3,149.13,558.0,22.0
4.0,3.0,-35.3,149.13,558.0,5.5
4.0,12.0,-35.3,149.13,558.0,20.0
4.0,9.0,-35.3,149.13,558.0,10.8
4.0,15.0,-35.3,149.13,558.0,19.2
4.0,3.0,-35.3,149.13,558.0,1.1
4.0,12.0,-35.3,149.13,558.0,20.9
4.0,9.0,-35.3,149.13,558.0,10.3
4.0,15.0,-35.3,149.13,558.0,20.2
4.0,3.0,-35.3,149.13,558.0,6.3
4.0,12.0,-35.3,149.13,558.0,22.5
4.0,9.0,-35.3,149.13,558.0,13.5
4.0,15.0,-35.3,149.13,558.0,22.5
4.0,3.0,-35.3,149.13,558.0,10.1
4.0,12.0,-35.3,149.13,558.0,24.5
4.0,9.0,-35.3,149.13,558.0,14.8
4.0,15.0,-35.3,149.13,558.0,23.4
4.0,3.0,-35.3,149.13,558.0,9.2
4.0,12.0,-35.3,149.13,558.0,21.5
4.0,9.0,-35.3,149.13,558.0,14.6
4.0,15.0,-35.3,149.13,558.0,20.5
4.0,3.0,-35.3,149.13,558.0,6.6
4.0,12.0,-35.3,149.13,558.0,22.7
4.0,9.0,-35.3,149.13,558.0,12.9
4.0,15.0,-35.3,149.13,558.0,22.1
4.0,3.0,-35.3,149.13,558.0,7.4
4.0,12.0,-35.3,149.13,558.0,19.9
4.0,9.0,-35.3,149.13,558.0,13.3
4.0,15.0,-35.3,149.13,558.0,19.0
4.0,3.0,-35.3,149.13,558.0,11.2
4.0,12.0,-35.3,149.13,558.0,21.5
4.0,9.0,-35.3,149.13,558.0,14.1
4.0,15.0,-35.3,149.13,558.0,20.9
4.0,3.0,-35.3,149.13,558.0,4.7
4.0,12.0,-35.3,149.13,558.0,22.6
4.0,9.0,-35.3,149.13,558.0,13.1
4.0,15.0,-35.3,149.13,558.0,22.1
4.0,3.0,-35.3,149.13,558.0,8.2
4.0,12.0,-35.3,149.13,558.0,22.4
4.0,9.0,-35.3,149.13,558.0,11.7
4.0,15.0,-35.3,149.13,558.0,21.5
4.0,3.0,-35.3,149.13,558.0,10.6
4.0,12.0,-35.3,149.13,558.0,17.2
4.0,9.0,-35.3,149.13,558.0,15.4
4.0,15.0,-35.3,149.13,558.0,16.6
4.0,3.0,-35.3,149.13,558.0,11.0
4.0,12.0,-35.3,149.13,558.0,13.5
4.0,9.0,-35.3,149.13,558.0,11.8
4.0,15.0,-35.3,149.13,558.0,12.5
4.0,3.0,-35.3,149.13,558.0,2.7
4.0,12.0,-35.3,149.13,558.0,13.9
4.0,9.0,-35.3,149.13,558.0,8.9
4.0,15.0,-35.3,149.13,558.0,13.8
4.0,3.0,-35.3,149.13,558.0,-1.8
4.0,12.0,-35.3,149.13,558.0,16.5
4.0,9.0,-35.3,149.13,558.0,7.4
4.0,15.0,-35.3,149.13,558.0,16.0
4.0,3.0,-35.3,149.13,558.0,-1.4
4.0,12.0,-35.3,149.13,558.0,17.1
4.0,9.0,-35.3,149.13,558.0,4.5
4.0,15.0,-35.3,149.13,558.0,16.5
4.0,3.0,-35.3,149.13,558.0,3.1
4.0,12.0,-35.3,149.13,558.0,18.9
4.0,9.0,-35.3,149.13,558.0,10.3
4.0,15.0,-35.3,149.13,558.0,18.5
