8.0,3.0,-35.3,149.13,558.0,5.9
8.0,12.0,-35.3,149.13,558.0,13.9
8.0,9.0,-35.3,149.13,558.0,9.6
8.0,15.0,-35.3,149.13,558.0,10.2
8.0,3.0,-35.3,149.13,558.0,5.7
8.0,12.0,-35.3,149.13,558.0,10.1
8.0,9.0,-35.3,149.13,558.0,6.3
8.0,15.0,-35.3,149.13,558.0,9.0
8.0,3.0,-35.3,149.13,558.0,0.7
8.0,12.0,-35.3,149.13,558.0,13.8
8.0,9.0,-35.3,149.13,558.0,7.4
8.0,15.0,-35.3,149.13,558.0,12.7
8.0,3.0,-35.3,149.13,558.0,0.9
8.0,12.0,-35.3,149.13,558.0,12.3
8.0,9.0,-35.3,149.13,558.0,7.3
8.0,15.0,-35.3,149.13,558.0,11.8
8.0,3.0,-35.3,149.13,558.0,0.8
8.0,12.0,-35.3,149.13,558.0,13.7
8.0,9.0,-35.3,149.13,558.0,7.0
8.0,15.0,-35.3,149.13,558.0,13.1
8.0,3.0,-35.3,149.13,558.0,-1.0
8.0,12.0,-35.3,149.13,558.0,12.1
8.0,9.0,-35.3,149.13,558.0,4.9
8.0,15.0,-35.3,149.13,558.0,11.2
8.0,3.0,-35.3,149.13,558.0,1.5
8.0,12.0,-35.3,149.13,558.0,11.6
8.0,9.0,-35.3,149.13,558.0,6.2
8.0,15.0,-35.3,149.13,558.0,11.4
8.0,3.0,-35.3,149.13,558.0,-2.4
8.0,12.0,-35.3,149.13,558.0,14.0
8.0,9.0,-35.3,149.13,558.0,4.3
8.0,15.0,-35.3,149.13,558.0,13.5
8.0,3.0,-35.3,149.13,558.0,-1.1
8.0,12.0,-35.3,149.13,558.0,15.6
8.0,9.0,-35.3,149.13,558.0,5.4
8.0,15.0,-35.3,149.13,558.0,14.2
8.0,3.0,-35.3,149.13,558.0,4.4
8.0,12.0,-35.3,149.13,558.0,16.4
8.0,9.0,-35.3,149.13,558.0,10.4
8.0,15.0,-35.3,149.13,558.0,14.2
8.0,3.0,-35.3,149.13,558.0,4.6
8.0,12.0,-35.3,149.13,558.0,12.9
8.0,9.0,-35.3,149.13,558.0,9.1
8.0,15.0,-35.3,149.13,558.0,12.1
8.0,3.0,-35.3,149.13,558.0,-4.4
8.0,12.0,-35.3,149.13,558.0,10.6
8.0,9.0,-35.3,149.13,558.0,2.1
8.0,15.0,-35.3,149.13,558.0,9.3
8.0,3.0,-35.3,149.13,558.0,2.1
8.0,12.0,-35.3,149.13,558.0,14.9
8.0,9.0,-35.3,149.13,558.0,9.0
8.0,15.0,-35.3,149.13,558.0,13.9
8.0,3.0,-35.3,149.13,558.0,-1.2
8.0,12.0,-35.3,149.13,558.0,15.8
8.0,9.0,-35.3,149.13,558.0,6.4
8.0,15.0,-35.3,149.13,558.0,15.0
8.0,3.0,-35.3,149.13,558.0,-2.7
8.0,12.0,-35.3,149.13,558.0,15.9
8.0,9.0,-35.3,149.13,558.0,4.0
8.0,15.0,-35.3,149.13,558.0,15.1
8.0,3.0,-35.3,149.13,558.0,-2.0
8.0,12.0,-35.3,149.13,558.0,17.9
8.0,9.0,-35.3,149.13,558.0,5.8
8.0,15.0,-35.3,149.13,558.0,16.8
8.0,3.0,-35.3,149.13,558.0,0.8
8.0,12.0,-35.3,149.13,558.0,15.8
8.0,9.0,-35.3,149.13,558.0,10.6
8.0,15.0,-35.3,149.13,558.0,13.7
8.0,3.0,-35.3,149.13,558.0,-1.8
8.0,12.0,-35.3,149.13,558.0,18.4
8.0,9.0,-35.3,149.13,558.0,5.9
8.0,15.0,-35.3,149.13,558.0,16.5
8.0,3.0,-35.3,149.13,558.0,-0.8
8.0,12.0,-35.3,149.13,558.0,19.2
8.0,9.0,-35.3,149.13,558.0,8.5
8.0,15.0,-35.3,149.13,558.0,17.5
8.0,3.0,-35.3,149.13,558.0,4.1
8.0,12.0,-35.3,149.13,558.0,10.4
8.0,9.0,-35.3,149.13,558.0,7.0
8.0,15.0,-35.3,149.13,558.0,8.7
8.0,3.0,-35.3,149.13,558.0,3.9
8.0,12.0,-35.3,149.13,558.0,12.8
8.0,9.0,-35.3,149.13,558.0,6.7
8.0,15.0,-35.3,149.13,558.0,10.7
8.0,3.0,-35.3,149.13,558.0,1.1
8.0,12.0,-35.3,149.13,558.0,13.1
8.0,9.0,-35.3,149.13,558.0,7.0
8.0,15.0,-35.3,149.13,558.0,12.7
8.0,3.0,-35.3,149.13,558.0,4.1
8.0,12.0,-35.3,149.13,558.0,13.7
8.0,9.0,-35.3,149.13,558.0,8.7
8.0,15.0,-35.3,149.13,558.0,13.7
8.0,3.0,-35.3,149.13,558.0,5.6
8.0,12.0,-35.3,149.13,558.0,10.7
8.0,9.0,-35.3,149.13,558.0,8.5
8.0,15.0,-35.3,149.13,558.0,9.7
8.0,3.0,-35.3,149.13,558.0,-0.4
8.0,12.0,-35.3,149.13,558.0,13.7
8.0,9.0,-35.3,149.13,558.0,5.7
8.0,15.0,-35.3,149.13,558.0,11.4
8.0,3.0,-35.3,149.13,558.0,-1.4
8.0,12.0,-35.3,149.13,558.0,12.7
8.0,9.0,-35.3,149.13,558.0,6.2
8.0,15.0,-35.3,149.13,558.0,12.1
8.0,3.0,-35.3,149.13,558.0,-3.2
8.0,12.0,-35.3,149.13,558.0,13.1
8.0,9.0,-35.3,149.13,558.0,1.8
8.0,15.0,-35.3,149.13,558.0,12.1
8.0,3.0,-35.3,149.13,558.0,1.4
8.0,12.0,-35.3,149.13,558.0,14.1
8.0,9.0,-35.3,149.13,558.0,6.7
8.0,15.0,-35.3,149.13,558.0,12.3
8.0,3.0,-35.3,149.13,558.0,-1.3
8.0,12.0,-35.3,149.13,558.0,16.7
8.0,9.0,-35.3,149.13,558.0,6.9
8.0,15.0,-35.3,149.13,558.0,14.9
8.0,3.0,-35.3,149.13,558.0,3.2
8.0,12.0,-35.3,149.13,558.0,19.4
8.0,9.0,-35.3,149.13,558.0,8.3
8.0,15.0,-35.3,149.13,558.0,18.8
8.0,3.0,-35.3,149.13,558.0,8.3
8.0,12.0,-35.3,149.13,558.0,16.7
8.0,9.0,-35.3,149.13,558.0,12.7
8.0,15.0,-35.3,149.13,558.0,16.0
