2.0,3.0,-35.3,149.13,558.0,16.1
2.0,12.0,-35.3,149.13,558.0,23.7
2.0,9.0,-35.3,149.13,558.0,17.0
2.0,15.0,-35.3,149.13,558.0,20.0
2.0,3.0,-35.3,149.13,558.0,12.5
2.0,12.0,-35.3,149.13,558.0,29.4
2.0,9.0,-35.3,149.13,558.0,17.5
2.0,15.0,-35.3,149.13,558.0,27.2
2.0,3.0,-35.3,149.13,558.0,13.7
2.0,12.0,-35.3,149.13,558.0,30.2
2.0,9.0,-35.3,149.13,558.0,18.0
2.0,15.0,-35.3,149.13,558.0,28.3
2.0,3.0,-35.3,149.13,558.0,12.8
2.0,12.0,-35.3,149.13,558.0,34.2
2.0,9.0,-35.3,149.13,558.0,20.7
2.0,15.0,-35.3,149.13,558.0,32.5
2.0,3.0,-35.3,149.13,558.0,14.4
2.0,12.0,-35.3,149.13,558.0,36.4
2.0,9.0,-35.3,149.13,558.0,23.2
2.0,15.0,-35.3,149.13,558.0,35.4
2.0,3.0,-35.3,149.13,558.0,20.4
2.0,12.0,-35.3,149.13,558.0,34.0
2.0,9.0,-35.3,149.13,558.0,23.5
2.0,15.0,-35.3,149.13,558.0,31.7
2.0,3.0,-35.3,149.13,558.0,18.6
2.0,12.0,-35.3,149.13,558.0,22.9
2.0,9.0,-35.3,149.13,558.0,19.9
2.0,15.0,-35.3,149.13,558.0,22.5
2.0,3.0,-35.3,149.13,558.0,16.5
2.0,12.0,-35.3,149.13,558.0,25.6
2.0,9.0,-35.3,149.13,558.0,20.2
2.0,15.0,-35.3,149.13,558.0,23.8
2.0,3.0,-35.3,149.13,558.0,17.5
2.0,12.0,-35.3,149.13,558.0,36.0
2.0,9.0,-35.3,149.13,558.0,22.4
2.0,15.0,-35.3,149.13,558.0,33.7
2.0,3.0,-35.3,149.13,558.0,18.4
2.0,12.0,-35.3,149.13,558.0,41.0
2.0,9.0,-35.3,149.13,558.0,26.6
2.0,15.0,-35.3,149.13,558.0,38.9
2.0,3.0,-35.3,149.13,558.0,19.3
2.0,12.0,-35.3,149.13,558.0,41.6
2.0,9.0,-35.3,149.13,558.0,27.5
2.0,15.0,-35.3,149.13,558.0,39.3
2.0,3.0,-35.3,149.13,558.0,19.6
2.0,12.0,-35.3,149.13,558.0,31.9
2.0,9.0,-35.3,149.13,558.0,25.8
2.0,15.0,-35.3,149.13,558.0,22.0
2.0,3.0,-35.3,149.13,558.0,5.8
2.0,12.0,-35.3,149.13,558.0,26.9
2.0,9.0,-35.3,149.13,558.0,13.5
2.0,15.0,-35.3,149.13,558.0,24.8
2.0,3.0,-35.3,149.13,558.0,13.2
2.0,12.0,-35.3,149.13,558.0,27.7
2.0,9.0,-35.3,149.13,558.0,17.3
2.0,15.0,-35.3,149.13,558.0,26.2
2.0,3.0,-35.3,149.13,558.0,9.3
2.0,12.0,-35.3,149.13,558.0,30.3
2.0,9.0,-35.3,149.13,558.0,16.1
2.0,15.0,-35.3,149.13,558.0,27.4
2.0,3.0,-35.3,149.13,558.0,10.4
2.0,12.0,-35.3,149.13,558.0,34.4
2.0,9.0,-35.3,149.13,558.0,19.9
2.0,15.0,-35.3,149.13,558.0,33.0
2.0,3.0,-35.3,149.13,558.0,10.0
2.0,12.0,-35.3,149.13,558.0,36.3
2.0,9.0,-35.3,149.13,558.0,21.6
2.0,15.0,-35.3,149.13,558.0,34.0
2.0,3.0,-35.3,149.13,558.0,15.5
2.0,12.0,-35.3,149.13,558.0,24.0
2.0,9.0,-35.3,149.13,558.0,18.2
2.0,15.0,-35.3,149.13,558.0,15.7
2.0,3.0,-35.3,149.13,558.0,5.9
2.0,12.0,-35.3,149.13,558.0,23.2
2.0,9.0,-35.3,149.13,558.0,13.7
2.0,15.0,-35.3,149.13,558.0,22.5
2.0,3.0,-35.3,149.13,558.0,7.3
2.0,12.0,-35.3,149.13,558.0,21.7
2.0,9.0,-35.3,149.13,558.0,11.8
2.0,15.0,-35.3,149.13,558.0,20.0
2.0,3.0,-35.3,149.13,558.0,2.8
2.0,12.0,-35.3,149.13,558.0,27.0
2.0,9.0,-35.3,149.13,558.0,12.3
2.0,15.0,-35.3,149.13,558.0,24.9
2.0,3.0,-35.3,149.13,558.0,9.8
2.0,12.0,-35.3,149.13,558.0,32.5
2.0,9.0,-35.3,149.13,558.0,17.5
2.0,15.0,-35.3,149.13,558.0,30.2
2.0,3.0,-35.3,149.13,558.0,11.4
2.0,12.0,-35.3,149.13,558.0,35.5
2.0,9.0,-35.3,149.13,558.0,20.6
2.0,15.0,-35.3,149.13,558.0,34.3
2.0,3.0,-35.3,149.13,558.0,14.8
2.0,12.0,-35.3,149.13,558.0,33.7
2.0,9.0,-35.3,149.13,558.0,19.8
2.0,15.0,-35.3,149.13,558.0,30.3
2.0,3.0,-35.3,149.13,558.0,15.1
2.0,12.0,-35.3,149.13,558.0,21.9
2.0,9.0,-35.3,149.13,558.0,15.8
2.0,15.0,-35.3,149.13,558.0,19.9
2.0,3.0,-35.3,149.13,558.0,10.5
2.0,12.0,-35.3,149.13,558.0,24.8
2.0,9.0,-35.3,149.13,558.0,17.3
2.0,15.0,-35.3,149.13,558.0,22.5
2.0,3.0,-35.3,149.13,558.0,9.3
2.0,12.0,-35.3,149.13,558.0,27.2
2.0,9.0,-35.3,149.13,558.0,18.0
2.0,15.0,-35.3,149.13,558.0,24.8
2.0,3.0,-35.3,149.13,558.0,9.7
2.0,12.0,-35.3,149.13,558.0,28.5
2.0,9.0,-35.3,149.13,558.0,19.2
2.0,15.0,-35.3,149.13,558.0,25.6
