7.0,3.0,-35.3,149.13,558.0,-8.7
7.0,12.0,-35.3,149.13,558.0,12.1
7.0,9.0,-35.3,149.13,558.0,-0.5
7.0,15.0,-35.3,149.13,558.0,11.7
7.0,3.0,-35.3,149.13,558.0,-8.2
7.0,12.0,-35.3,149.13,558.0,13.8
7.0,9.0,-35.3,149.13,558.0,-0.3
7.0,15.0,-35.3,149.13,558.0,13.5
7.0,3.0,-35.3,149.13,558.0,-7.1
7.0,12.0,-35.3,149.13,558.0,10.6
7.0,9.0,-35.3,149.13,558.0,-1.1
7.0,15.0,-35.3,149.13,558.0,8.9
7.0,3.0,-35.3,149.13,558.0,-1.1
7.0,12.0,-35.3,149.13,558.0,13.9
7.0,9.0,-35.3,149.13,558.0,9.1
7.0,15.0,-35.3,149.13,558.0,10.7
7.0,3.0,-35.3,149.13,558.0,6.6
7.0,12.0,-35.3,149.13,558.0,13.3
7.0,9.0,-35.3,149.13,558.0,8.9
7.0,15.0,-35.3,149.13,558.0,9.8
7.0,3.0,-35.3,149.13,558.0,-2.3
7.0,12.0,-35.3,149.13,558.0,12.7
7.0,9.0,-35.3,149.13,558.0,4.9
7.0,15.0,-35.3,149.13,558.0,11.8
7.0,3.0,-35.3,149.13,558.0,-2.6
7.0,12.0,-35.3,149.13,558.0,12.3
7.0,9.0,-35.3,149.13,558.0,2.1
7.0,15.0,-35.3,149.13,558.0,11.0
7.0,3.0,-35.3,149.13,558.0,-5.1
7.0,12.0,-35.3,149.13,558.0,11.8
7.0,9.0,-35.3,149.13,558.0,2.3
7.0,15.0,-35.3,149.13,558.0,10.4
7.0,3.0,-35.3,149.13,558.0,2.3
7.0,12.0,-35.3,149.13,558.0,11.6
7.0,9.0,-35.3,149.13,558.0,6.6
7.0,15.0,-35.3,149.13,558.0,9.3
7.0,3.0,-35.3,149.13,558.0,-3.5
7.0,12.0,-35.3,149.13,558.0,12.2
7.0,9.0,-35.3,149.13,558.0,1.7
7.0,15.0,-35.3,149.13,558.0,11.1
7.0,3.0,-35.3,149.13,558.0,-6.0
7.0,12.0,-35.3,149.13,558.0,13.3
7.0,9.0,-35.3,149.13,558.0,-1.4
7.0,15.0,-35.3,149.13,558.0,12.7
7.0,3.0,-35.3,149.13,558.0,-3.6
7.0,12.0,-35.3,149.13,558.0,12.3
7.0,9.0,-35.3,149.13,558.0,2.3
7.0,15.0,-35.3,149.13,558.0,11.3
7.0,3.0,-35.3,149.13,558.0,-5.8
7.0,12.0,-35.3,149.13,558.0,12.7
7.0,9.0,-35.3,149.13,558.0,-0.3
7.0,15.0,-35.3,149.13,558.0,11.7
7.0,3.0,-35.3,149.13,558.0,-2.2
7.0,12.0,-35.3,149.13,558.0,14.0
7.0,9.0,-35.3,149.13,558.0,8.2
7.0,15.0,-35.3,149.13,558.0,11.4
7.0,3.0,-35.3,149.13,558.0,-2.5
7.0,12.0,-35.3,149.13,558.0,10.8
7.0,9.0,-35.3,149.13,558.0,5.1
7.0,15.0,-35.3,149.13,558.0,9.9
7.0,3.0,-35.3,149.13,558.0,-7.0
7.0,12.0,-35.3,149.13,558.0,10.5
7.0,9.0,-35.3,149.13,558.0,-0.4
7.0,15.0,-35.3,149.13,558.0,10.1
7.0,3.0,-35.3,149.13,558.0,-5.5
7.0,12.0,-35.3,149.13,558.0,13.7
7.0,9.0,-35.3,149.13,558.0,-0.6
7.0,15.0,-35.3,149.13,558.0,12.1
7.0,3.0,-35.3,149.13,558.0,-0.6
7.0,12.0,-35.3,149.13,558.0,13.6
7.0,9.0,-35.3,149.13,558.0,8.8
7.0,15.0,-35.3,149.13,558.0,10.3
7.0,3.0,-35.3,149.13,558.0,4.1
7.0,12.0,-35.3,149.13,558.0,13.0
7.0,9.0,-35.3,149.13,558.0,7.1
7.0,15.0,-35.3,149.13,558.0,12.2
7.0,3.0,-35.3,149.13,558.0,-1.2
7.0,12.0,-35.3,149.13,558.0,10.8
7.0,9.0,-35.3,149.13,558.0,6.1
7.0,15.0,-35.3,149.13,558.0,9.0
7.0,3.0,-35.3,149.13,558.0,-4.0
7.0,12.0,-35.3,149.13,558.0,12.1
7.0,9.0,-35.3,149.13,558.0,3.5
7.0,15.0,-35.3,149.13,558.0,11.5
7.0,3.0,-35.3,149.13,558.0,-7.5
7.0,12.0,-35.3,149.13,558.0,12.8
7.0,9.0,-35.3,149.13,558.0,-1.6
7.0,15.0,-35.3,149.13,558.0,11.9
7.0,3.0,-35.3,149.13,558.0,-1.6
7.0,12.0,-35.3,149.13,558.0,16.2
7.0,9.0,-35.3,149.13,558.0,7.8
7.0,15.0,-35.3,149.13,558.0,14.7
7.0,3.0,-35.3,149.13,558.0,3.4
7.0,12.0,-35.3,149.13,558.0,14.5
7.0,9.0,-35.3,149.13,558.0,9.1
7.0,15.0,-35.3,149.13,558.0,13.2
7.0,3.0,-35.3,149.13,558.0,2.9
7.0,12.0,-35.3,149.13,558.0,14.7
7.0,9.0,-35.3,149.13,558.0,8.0
7.0,15.0,-35.3,149.13,558.0,14.1
7.0,3.0,-35.3,149.13,558.0,7.6
7.0,12.0,-35.3,149.13,558.0,13.7
7.0,9.0,-35.3,149.13,558.0,10.3
7.0,15.0,-35.3,149.13,558.0,12.5
7.0,3.0,-35.3,149.13,558.0,-3.9
7.0,12.0,-35.3,149.13,558.0,12.3
7.0,9.0,-35.3,149.13,558.0,1.0
7.0,15.0,-35.3,149.13,558.0,11.9
7.0,3.0,-35.3,149.13,558.0,0.2
7.0,12.0,-35.3,149.13,558.0,14.2
7.0,9.0,-35.3,149.13,558.0,8.2
7.0,15.0,-35.3,149.13,558.0,13.0
7.0,3.0,-35.3,149.13,558.0,-5.5
7.0,12.0,-35.3,149.13,558.0,14.4
7.0,9.0,-35.3,149.13,558.0,0.8
7.0,15.0,-35.3,149.13,558.0,13.8
7.0,3.0,-35.3,149.13,558.0,0.8
7.0,12.0,-35.3,149.13,558.0,17.9
7.0,9.0,-35.3,149.13,558.0,12.8
7.0,15.0,-35.3,149.13,558.0,12.8
