1.0,3.0,-35.3,149.13,558.0,12.6
1.0,12.0,-35.3,149.13,558.0,27.8
1.0,9.0,-35.3,149.13,558.0,21.0
1.0,15.0,-35.3,149.13,558.0,26.7
1.0,3.0,-35.3,149.13,558.0,15.7
1.0,12.0,-35.3,149.13,558.0,29.9
1.0,9.0,-35.3,149.13,558.0,19.6
1.0,15.0,-35.3,149.13,558.0,27.7
1.0,3.0,-35.3,149.13,558.0,13.1
1.0,12.0,-35.3,149.13,558.0,27.1
1.0,9.0,-35.3,149.13,558.0,19.3
1.0,15.0,-35.3,149.13,558.0,24.5
1.0,3.0,-35.3,149.13,558.0,11.0
1.0,12.0,-35.3,149.13,558.0,25.1
1.0,9.0,-35.3,149.13,558.0,17.4
1.0,15.0,-35.3,149.13,558.0,22.8
1.0,3.0,-35.3,149.13,558.0,11.2
1.0,12.0,-35.3,149.13,558.0,29.9
1.0,9.0,-35.3,149.13,558.0,18.5
1.0,15.0,-35.3,149.13,558.0,28.6
1.0,3.0,-35.3,149.13,558.0,14.5
1.0,12.0,-35.3,149.13,558.0,30.6
1.0,9.0,-35.3,149.13,558.0,20.3
1.0,15.0,-35.3,149.13,558.0,28.9
1.0,3.0,-35.3,149.13,558.0,11.8
1.0,12.0,-35.3,149.13,558.0,32.4
1.0,9.0,-35.3,149.13,558.0,19.5
1.0,15.0,-35.3,149.13,558.0,30.8
1.0,3.0,-35.3,149.13,558.0,14.9
1.0,12.0,-35.3,149.13,558.0,32.2
1.0,9.0,-35.3,149.13,558.0,21.5
1.0,15.0,-35.3,149.13,558.0,31.1
1.0,3.0,-35.3,149.13,558.0,19.3
1.0,12.0,-35.3,149.13,558.0,35.7
1.0,9.0,-35.3,149.13,558.0,25.4
1.0,15.0,-35.3,149.13,558.0,33.1
1.0,3.0,-35.3,149.13,558.0,17.3
1.0,12.0,-35.3,149.13,558.0,34.2
1.0,9.0,-35.3,149.13,558.0,25.1
1.0,15.0,-35.3,149.13,558.0,31.0
1.0,3.0,-35.3,149.13,558.0,16.1
1.0,12.0,-35.3,149.13,558.0,36.0
1.0,9.0,-35.3,149.13,558.0,27.6
1.0,15.0,-35.3,149.13,558.0,35.0
1.0,3.0,-35.3,149.13,558.0,12.9
1.0,12.0,-35.3,149.13,558.0,35.1
1.0,9.0,-35.3,149.13,558.0,20.6
1.0,15.0,-35.3,149.13,558.0,32.8
1.0,3.0,-35.3,149.13,558.0,17.2
1.0,12.0,-35.3,149.13,558.0,39.6
1.0,9.0,-35.3,149.13,558.0,22.9
1.0,15.0,-35.3,149.13,558.0,38.8
1.0,3.0,-35.3,149.13,558.0,18.9
1.0,12.0,-35.3,149.13,558.0,30.3
1.0,9.0,-35.3,149.13,558.0,23.9
1.0,15.0,-35.3,149.13,558.0,29.7
1.0,3.0,-35.3,149.13,558.0,11.3
1.0,12.0,-35.3,149.13,558.0,31.4
1.0,9.0,-35.3,149.13,558.0,19.0
1.0,15.0,-35.3,149.13,558.0,29.3
1.0,3.0,-35.3,149.13,558.0,16.6
1.0,12.0,-35.3,149.13,558.0,35.5
1.0,9.0,-35.3,149.13,558.0,21.1
1.0,15.0,-35.3,149.13,558.0,34.0
1.0,3.0,-35.3,149.13,558.0,12.6
1.0,12.0,-35.3,149.13,558.0,38.6
1.0,9.0,-35.3,149.13,558.0,23.4
1.0,15.0,-35.3,149.13,558.0,36.9
1.0,3.0,-35.3,149.13,558.0,16.1
1.0,12.0,-35.3,149.13,558.0,38.0
1.0,9.0,-35.3,149.13,558.0,28.0
1.0,15.0,-35.3,149.13,558.0,37.0
1.0,3.0,-35.3,149.13,558.0,14.3
1.0,12.0,-35.3,149.13,558.0,23.7
1.0,9.0,-35.3,149.13,558.0,15.2
1.0,15.0,-35.3,149.13,558.0,21.5
1.0,3.0,-35.3,149.13,558.0,15.1
1.0,12.0,-35.3,149.13,558.0,29.0
1.0,9.0,-35.3,149.13,558.0,17.4
1.0,15.0,-35.3,149.13,558.0,24.0
1.0,3.0,-35.3,149.13,558.0,8.5
1.0,12.0,-35.3,149.13,558.0,31.2
1.0,9.0,-35.3,149.13,558.0,16.9
1.0,15.0,-35.3,149.13,558.0,28.4
1.0,3.0,-35.3,149.13,558.0,15.0
1.0,12.0,-35.3,149.13,558.0,32.3
1.0,9.0,-35.3,149.13,558.0,18.0
1.0,15.0,-35.3,149.13,558.0,31.1
1.0,3.0,-35.3,149.13,558.0,13.9
1.0,12.0,-35.3,149.13,558.0,36.9
1.0,9.0,-35.3,149.13,558.0,21.8
1.0,15.0,-35.3,149.13,558.0,34.0
1.0,3.0,-35.3,149.13,558.0,21.7
1.0,12.0,-35.3,149.13,558.0,33.6
1.0,9.0,-35.3,149.13,558.0,24.7
1.0,15.0,-35.3,149.13,558.0,28.8
1.0,3.0,-35.3,149.13,558.0,15.5
1.0,12.0,-35.3,149.13,558.0,27.8
1.0,9.0,-35.3,149.13,558.0,15.9
1.0,15.0,-35.3,149.13,558.0,24.7
1.0,3.0,-35.3,149.13,558.0,15.1
1.0,12.0,-35.3,149.13,558.0,32.9
1.0,9.0,-35.3,149.13,558.0,19.0
1.0,15.0,-35.3,149.13,558.0,30.3
1.0,3.0,-35.3,149.13,558.0,13.5
1.0,12.0,-35.3,149.13,558.0,33.6
1.0,9.0,-35.3,149.13,558.0,18.8
1.0,15.0,-35.3,149.13,558.0,30.4
1.0,3.0,-35.3,149.13,558.0,14.4
1.0,12.0,-35.3,149.13,558.0,35.4
1.0,9.0,-35.3,149.13,558.0,23.2
1.0,15.0,-35.3,149.13,558.0,33.7
1.0,3.0,-35.3,149.13,558.0,14.2
1.0,12.0,-35.3,149.13,558.0,36.6
1.0,9.0,-35.3,149.13,558.0,23.5
1.0,15.0,-35.3,149.13,558.0,34.2
1.0,3.0,-35.3,149.13,558.0,15.5
1.0,12.0,-35.3,149.13,558.0,39.1
1.0,9.0,-35.3,149.13,558.0,24.1
1.0,15.0,-35.3,149.13,558.0,38.4
1.0,3.0,-35.3,149.13,558.0,21.0
1.0,12.0,-35.3,149.13,558.0,36.6
1.0,9.0,-35.3,149.13,558.0,27.9
1.0,15.0,-35.3,149.13,558.0,34.2
