11.0,3.0,-35.3,149.13,558.0,-1.3
11.0,12.0,-35.3,149.13,558.0,18.1
11.0,9.0,-35.3,149.13,558.0,9.0
11.0,15.0,-35.3,149.13,558.0,16.7
11.0,3.0,-35.3,149.13,558.0,4.5
11.0,12.0,-35.3,149.13,558.0,20.6
11.0,9.0,-35.3,149.13,558.0,13.7
11.0,15.0,-35.3,149.13,558.0,19.8
11.0,3.0,-35.3,149.13,558.0,2.5
11.0,12.0,-35.3,149.13,558.0,23.0
11.0,9.0,-35.3,149.13,558.0,12.9
11.0,15.0,-35.3,149.13,558.0,21.9
11.0,3.0,-35.3,149.13,558.0,3.6
11.0,12.0,-35.3,149.13,558.0,24.5
11.0,9.0,-35.3,149.13,558.0,16.3
11.0,15.0,-35.3,149.13,558.0,23.6
11.0,3.0,-35.3,149.13,558.0,11.6
11.0,12.0,-35.3,149.13,558.0,17.6
11.0,9.0,-35.3,149.13,558.0,13.6
11.0,15.0,-35.3,149.13,558.0,17.2
11.0,3.0,-35.3,149.13,558.0,6.6
11.0,12.0,-35.3,149.13,558.0,19.9
11.0,9.0,-35.3,149.13,558.0,13.0
11.0,15.0,-35.3,149.13,558.0,18.3
11.0,3.0,-35.3,149.13,558.0,6.5
11.0,12.0,-35.3,149.13,558.0,25.3
11.0,9.0,-35.3,149.13,558.0,17.1
11.0,15.0,-35.3,149.13,558.0,24.0
11.0,3.0,-35.3,149.13,558.0,7.9
11.0,12.0,-35.3,149.13,558.0,28.6
11.0,9.0,-35.3,149.13,558.0,17.8
11.0,15.0,-35.3,149.13,558.0,24.6
11.0,3.0,-35.3,149.13,558.0,11.7
11.0,12.0,-35.3,149.13,558.0,24.8
11.0,9.0,-35.3,149.13,558.0,14.6
11.0,15.0,-35.3,149.13,558.0,24.0
11.0,3.0,-35.3,149.13,558.0,10.6
11.0,12.0,-35.3,149.13,558.0,24.0
11.0,9.0,-35.3,149.13,558.0,15.9
11.0,15.0,-35.3,149.13,558.0,22.9
11.0,3.0,-35.3,149.13,558.0,8.5
11.0,12.0,-35.3,149.13,558.0,26.1
11.0,9.0,-35.3,149.13,558.0,15.9
11.0,15.0,-35.3,149.13,558.0,25.3
11.0,3.0,-35.3,149.13,558.0,14.6
11.0,12.0,-35.3,149.13,558.0,26.5
11.0,9.0,-35.3,149.13,558.0,17.6
11.0,15.0,-35.3,149.13,558.0,26.4
11.0,3.0,-35.3,149.13,558.0,10.1
11.0,12.0,-35.3,149.13,558.0,18.6
11.0,9.0,-35.3,149.13,558.0,13.3
11.0,15.0,-35.3,149.13,558.0,16.4
11.0,3.0,-35.3,149.13,558.0,7.9
11.0,12.0,-35.3,149.13,558.0,19.8
11.0,9.0,-35.3,149.13,558.0,14.6
11.0,15.0,-35.3,149.13,558.0,15.4
11.0,3.0,-35.3,149.13,558.0,4.0
11.0,12.0,-35.3,149.13,558.0,20.6
11.0,9.0,-35.3,149.13,558.0,12.0
11.0,15.0,-35.3,149.13,558.0,19.0
11.0,3.0,-35.3,149.13,558.0,5.2
11.0,12.0,-35.3,149.13,558.0,25.3
11.0,9.0,-35.3,149.13,558.0,15.1
11.0,15.0,-35.3,149.13,558.0,23.7
11.0,3.0,-35.3,149.13,558.0,11.0
11.0,12.0,-35.3,149.13,558.0,25.5
11.0,9.0,-35.3,149.13,558.0,15.5
11.0,15.0,-35.3,149.13,558.0,24.9
11.0,3.0,-35.3,149.13,558.0,9.1
11.0,12.0,-35.3,149.13,558.0,30.0
11.0,9.0,-35.3,149.13,558.0,19.6
11.0,15.0,-35.3,149.13,558.0,28.8
11.0,3.0,-35.3,149.13,558.0,11.7
11.0,12.0,-35.3,149.13,558.0,31.1
11.0,9.0,-35.3,149.13,558.0,21.1
11.0,15.0,-35.3,149.13,558.0,30.0
11.0,3.0,-35.3,149.13,558.0,13.4
11.0,12.0,-35.3,149.13,558.0,31.1
11.0,9.0,-35.3,149.13,558.0,19.4
11.0,15.0,-35.3,149.13,558.0,28.7
11.0,3.0,-35.3,149.13,558.0,14.4
11.0,12.0,-35.3,149.13,558.0,30.2
11.0,9.0,-35.3,149.13,558.0,21.0
11.0,15.0,-35.3,149.13,558.0,29.6
11.0,3.0,-35.3,149.13,558.0,11.9
11.0,12.0,-35.3,149.13,558.0,31.2
11.0,9.0,-35.3,149.13,558.0,24.5
11.0,15.0,-35.3,149.13,558.0,30.3
11.0,3.0,-35.3,149.13,558.0,13.4
11.0,12.0,-35.3,149.13,558.0,20.4
11.0,9.0,-35.3,149.13,558.0,17.0
11.0,15.0,-35.3,149.13,558.0,15.0
11.0,3.0,-35.3,149.13,558.0,2.5
11.0,12.0,-35.3,149.13,558.0,21.2
11.0,9.0,-35.3,149.13,558.0,11.8
11.0,15.0,-35.3,149.13,558.0,19.4
11.0,3.0,-35.3,149.13,558.0,4.7
11.0,12.0,-35.3,149.13,558.0,24.3
11.0,9.0,-35.3,149.13,558.0,15.5
11.0,15.0,-35.3,149.13,558.0,22.4
11.0,3.0,-35.3,149.13,558.0,7.9
11.0,12.0,-35.3,149.13,558.0,24.7
11.0,9.0,-35.3,149.13,558.0,16.0
11.0,15.0,-35.3,149.13,558.0,24.0
11.0,3.0,-35.3,149.13,558.0,9.2
11.0,12.0,-35.3,149.13,558.0,26.5
11.0,9.0,-35.3,149.13,558.0,16.2
11.0,15.0,-35.3,149.13,558.0,24.9
11.0,3.0,-35.3,149.13,558.0,14.7
11.0,12.0,-35.3,149.13,558.0,27.7
11.0,9.0,-35.3,149.13,558.0,19.3
11.0,15.0,-35.3,149.13,558.0,26.8
11.0,3.0,-35.3,149.13,558.0,7.9
11.0,12.0,-35.3,149.13,558.0,28.0
11.0,9.0,-35.3,149.13,558.0,18.1
11.0,15.0,-35.3,149.13,558.0,27.2
11.0,3.0,-35.3,149.13,558.0,10.4
11.0,12.0,-35.3,149.13,558.0,30.1
11.0,9.0,-35.3,149.13,558.0,18.1
11.0,15.0,-35.3,149.13,558.0,28.0
