12.0,3.0,-27.47,153.03,26.0,19.2
12.0,12.0,-27.47,153.03,26.0,30.2
12.0,9.0,-27.47,153.03,26.0,27.2
12.0,15.0,-27.47,153.03,26.0,27.7
12.0,3.0,-27.47,153.03,26.0,20.1
12.0,12.0,-27.47,153.03,26.0,30.4
12.0,9.0,-27.47,153.03,26.0,27.6
12.0,15.0,-27.47,153.03,26.0,29.4
12.0,3.0,-27.47,153.03,26.0,24.2
12.0,12.0,-27.47,153.03,26.0,30.8
12.0,9.0,-27.47,153.03,26.0,26.4
12.0,15.0,-27.47,153.03,26.0,29.1
12.0,3.0,-27.47,153.03,26.0,20.2
12.0,12.0,-27.47,153.03,26.0,30.3
12.0,9.0,-27.47,153.03,26.0,28.4
12.0,15.0,-27.47,153.03,26.0,28.9
12.0,3.0,-27.47,153.03,26.0,23.0
12.0,12.0,-27.47,153.03,26.0,30.3
12.0,9.0,-27.47,153.03,26.0,28.7
12.0,15.0,-27.47,153.03,26.0,28.2
12.0,3.0,-27.47,153.03,26.0,23.2
12.0,12.0,-27.47,153.03,26.0,33.8
12.0,9.0,-27.47,153.03,26.0,27.5
12.0,15.0,-27.47,153.03,26.0,31.6
12.0,3.0,-27.47,153.03,26.0,22.8
12.0,12.0,-27.47,153.03,26.0,31.3
12.0,9.0,-27.47,153.03,26.0,25.7
12.0,15.0,-27.47,153.03,26.0,28.9
12.0,3.0,-27.47,153.03,26.0,22.7
12.0,12.0,-27.47,153.03,26.0,28.4
12.0,9.0,-27.47,153.03,26.0,24.6
12.0,15.0,-27.47,153.03,26.0,26.8
12.0,3.0,-27.47,153.03,26.0,23.8
12.0,12.0,-27.47,153.03,26.0,28.6
12.0,9.0,-27.47,153.03,26.0,25.9
12.0,15.0,-27.47,153.03,26.0,26.2
12.0,3.0,-27.47,153.03,26.0,21.6
12.0,12.0,-27.47,153.03,26.0,27.7
12.0,9.0,-27.47,153.03,26.0,24.7
12.0,15.0,-27.47,153.03,26.0,25.1
12.0,3.0,-27.47,153.03,26.0,18.5
12.0,12.0,-27.47,153.03,26.0,27.2
12.0,9.0,-27.47,153.03,26.0,24.7
12.0,15.0,-27.47,153.03,26.0,24.7
12.0,3.0,-27.47,153.03,26.0,18.2
12.0,12.0,-27.47,153.03,26.0,28.1
12.0,9.0,-27.47,153.03,26.0,25.6
12.0,15.0,-27.47,153.03,26.0,26.6
12.0,3.0,-27.47,153.03,26.0,17.8
12.0,12.0,-27.47,153.03,26.0,28.8
12.0,9.0,-27.47,153.03,26.0,25.2
12.0,15.0,-27.47,153.03,26.0,27.7
12.0,3.0,-27.47,153.03,26.0,19.8
12.0,12.0,-27.47,153.03,26.0,29.5
12.0,9.0,-27.47,153.03,26.0,27.0
12.0,15.0,-27.47,153.03,26.0,28.3
12.0,3.0,-27.47,153.03,26.0,19.0
12.0,12.0,-27.47,153.03,26.0,30.6
12.0,9.0,-27.47,153.03,26.0,27.6
12.0,15.0,-27.47,153.03,26.0,29.1
12.0,3.0,-27.47,153.03,26.0,23.6
12.0,12.0,-27.47,153.03,26.0,30.0
12.0,9.0,-27.47,153.03,26.0,27.9
12.0,15.0,-27.47,153.03,26.0,29.1
12.0,3.0,-27.47,153.03,26.0,22.4
12.0,12.0,-27.47,153.03,26.0,31.0
12.0,9.0,-27.47,153.03,26.0,28.1
12.0,15.0,-27.47,153.03,26.0,29.1
12.0,3.0,-27.47,153.03,26.0,23.9
12.0,12.0,-27.47,153.03,26.0,32.3
12.0,9.0,-27.47,153.03,26.0,27.4
12.0,15.0,-27.47,153.03,26.0,25.1
12.0,3.0,-27.47,153.03,26.0,21.6
12.0,12.0,-27.47,153.03,26.0,27.8
12.0,9.0,-27.47,153.03,26.0,24.7
12.0,15.0,-27.47,153.03,26.0,25.7
12.0,3.0,-27.47,153.03,26.0,20.5
12.0,12.0,-27.47,153.03,26.0,29.6
12.0,9.0,-27.47,153.03,26.0,25.7
12.0,15.0,-27.47,153.03,26.0,28.1
12.0,3.0,-27.47,153.03,26.0,22.1
12.0,12.0,-27.47,153.03,26.0,34.1
12.0,9.0,-27.47,153.03,26.0,29.5
12.0,15.0,-27.47,153.03,26.0,31.0
12.0,3.0,-27.47,153.03,26.0,22.1
12.0,12.0,-27.47,153.03,26.0,31.5
12.0,9.0,-27.47,153.03,26.0,28.0
12.0,15.0,-27.47,153.03,26.0,27.0
12.0,3.0,-27.47,153.03,26.0,22.0
12.0,12.0,-27.47,153.03,26.0,27.7
12.0,9.0,-27.47,153.03,26.0,26.2
12.0,15.0,-27.47,153.03,26.0,27.5
12.0,3.0,-27.47,153.03,26.0,20.0
12.0,12.0,-27.47,153.03,26.0,29.2
12.0,9.0,-27.47,153.03,26.0,26.7
12.0,15.0,-27.47,153.03,26.0,27.5
12.0,3.0,-27.47,153.03,26.0,20.6
12.0,12.0,-27.47,153.03,26.0,27.5
12.0,9.0,-27.47,153.03,26.0,23.3
12.0,15.0,-27.47,153.03,26.0,25.0
12.0,3.0,-27.47,153.03,26.0,18.5
12.0,12.0,-27.47,153.03,26.0,29.3
12.0,9.0,-27.47,153.03,26.0,27.1
12.0,15.0,-27.47,153.03,26.0,25.3
12.0,3.0,-27.47,153.03,26.0,18.9
12.0,12.0,-27.47,153.03,26.0,28.9
12.0,9.0,-27.47,153.03,26.0,27.1
12.0,15.0,-27.47,153.03,26.0,27.8
12.0,3.0,-27.47,153.03,26.0,19.0
12.0,12.0,-27.47,153.03,26.0,29.8
12.0,9.0,-27.47,153.03,26.0,27.4
12.0,15.0,-27.47,153.03,26.0,28.6
12.0,3.0,-27.47,153.03,26.0,21.2
12.0,12.0,-27.47,153.03,26.0,30.8
12.0,9.0,-27.47,153.03,26.0,27.6
12.0,15.0,-27.47,153.03,26.0,29.3
12.0,3.0,-27.47,153.03,26.0,20.7
12.0,12.0,-27.47,153.03,26.0,32.4
12.0,9.0,-27.47,153.03,26.0,28.4
12.0,15.0,-27.47,153.03,26.0,29.9
12.0,3.0,-27.47,153.03,26.0,24.5
12.0,12.0,-27.47,153.03,26.0,33.9
12.0,9.0,-27.47,153.03,26.0,30.6
12.0,15.0,-27.47,153.03,26.0,31.9
