7.0,3.0,-27.47,153.03,26.0,10.0
7.0,12.0,-27.47,153.03,26.0,20.4
7.0,9.0,-27.47,153.03,26.0,14.2
7.0,15.0,-27.47,153.03,26.0,19.5
7.0,3.0,-27.47,153.03,26.0,7.6
7.0,12.0,-27.47,153.03,26.0,21.6
7.0,9.0,-27.47,153.03,26.0,12.4
7.0,15.0,-27.47,153.03,26.0,21.4
7.0,3.0,-27.47,153.03,26.0,9.3
7.0,12.0,-27.47,153.03,26.0,26.4
7.0,9.0,-27.47,153.03,26.0,17.2
7.0,15.0,-27.47,153.03,26.0,25.3
7.0,3.0,-27.47,153.03,26.0,12.2
7.0,12.0,-27.47,153.03,26.0,23.6
7.0,9.0,-27.47,153.03,26.0,18.6
7.0,15.0,-27.47,153.03,26.0,23.4
7.0,3.0,-27.47,153.03,26.0,11.9
7.0,12.0,-27.47,153.03,26.0,16.4
7.0,9.0,-27.47,153.03,26.0,13.5
7.0,15.0,-27.47,153.03,26.0,15.2
7.0,3.0,-27.47,153.03,26.0,8.7
7.0,12.0,-27.47,153.03,26.0,21.9
7.0,9.0,-27.47,153.03,26.0,16.2
7.0,15.0,-27.47,153.03,26.0,21.5
7.0,3.0,-27.47,153.03,26.0,6.8
7.0,12.0,-27.47,153.03,26.0,21.5
7.0,9.0,-27.47,153.03,26.0,14.0
7.0,15.0,-27.47,153.03,26.0,20.8
7.0,3.0,-27.47,153.03,26.0,11.6
7.0,12.0,-27.47,153.03,26.0,21.7
7.0,9.0,-27.47,153.03,26.0,15.6
7.0,15.0,-27.47,153.03,26.0,20.1
7.0,3.0,-27.47,153.03,26.0,13.5
7.0,12.0,-27.47,153.03,26.0,22.8
7.0,9.0,-27.47,153.03,26.0,16.4
7.0,15.0,-27.47,153.03,26.0,20.7
7.0,3.0,-27.47,153.03,26.0,10.7
7.0,12.0,-27.47,153.03,26.0,21.3
7.0,9.0,-27.47,153.03,26.0,15.4
7.0,15.0,-27.47,153.03,26.0,19.7
7.0,3.0,-27.47,153.03,26.0,10.8
7.0,12.0,-27.47,153.03,26.0,20.8
7.0,9.0,-27.47,153.03,26.0,15.1
7.0,15.0,-27.47,153.03,26.0,18.7
7.0,3.0,-27.47,153.03,26.0,9.3
7.0,12.0,-27.47,153.03,26.0,22.7
7.0,9.0,-27.47,153.03,26.0,13.9
7.0,15.0,-27.47,153.03,26.0,20.3
7.0,3.0,-27.47,153.03,26.0,11.4
7.0,12.0,-27.47,153.03,26.0,24.6
7.0,9.0,-27.47,153.03,26.0,17.1
7.0,15.0,-27.47,153.03,26.0,22.6
7.0,3.0,-27.47,153.03,26.0,14.9
7.0,12.0,-27.47,153.03,26.0,23.1
7.0,9.0,-27.47,153.03,26.0,17.0
7.0,15.0,-27.47,153.03,26.0,20.6
7.0,3.0,-27.47,153.03,26.0,11.8
7.0,12.0,-27.47,153.03,26.0,23.2
7.0,9.0,-27.47,153.03,26.0,16.0
7.0,15.0,-27.47,153.03,26.0,21.5
7.0,3.0,-27.47,153.03,26.0,14.2
7.0,12.0,-27.47,153.03,26.0,26.3
7.0,9.0,-27.47,153.03,26.0,15.3
7.0,15.0,-27.47,153.03,26.0,24.1
7.0,3.0,-27.47,153.03,26.0,14.3
7.0,12.0,-27.47,153.03,26.0,19.1
7.0,9.0,-27.47,153.03,26.0,17.2
7.0,15.0,-27.47,153.03,26.0,17.9
7.0,3.0,-27.47,153.03,26.0,9.4
7.0,12.0,-27.47,153.03,26.0,20.7
7.0,9.0,-27.47,153.03,26.0,15.5
7.0,15.0,-27.47,153.03,26.0,20.1
7.0,3.0,-27.47,153.03,26.0,7.5
7.0,12.0,-27.47,153.03,26.0,21.8
7.0,9.0,-27.47,153.03,26.0,13.2
7.0,15.0,-27.47,153.03,26.0,20.8
7.0,3.0,-27.47,153.03,26.0,8.2
7.0,12.0,-27.47,153.03,26.0,23.2
7.0,9.0,-27.47,153.03,26.0,13.9
7.0,15.0,-27.47,153.03,26.0,22.6
7.0,3.0,-27.47,153.03,26.0,5.9
7.0,12.0,-27.47,153.03,26.0,25.3
7.0,9.0,-27.47,153.03,26.0,13.4
7.0,15.0,-27.47,153.03,26.0,24.9
7.0,3.0,-27.47,153.03,26.0,7.9
7.0,12.0,-27.47,153.03,26.0,23.8
7.0,9.0,-27.47,153.03,26.0,13.8
7.0,15.0,-27.47,153.03,26.0,23.2
7.0,3.0,-27.47,153.03,26.0,7.8
7.0,12.0,-27.47,153.03,26.0,25.7
7.0,9.0,-27.47,153.03,26.0,13.7
7.0,15.0,-27.47,153.03,26.0,25.2
7.0,3.0,-27.47,153.03,26.0,9.7
7.0,12.0,-27.47,153.03,26.0,23.3
7.0,9.0,-27.47,153.03,26.0,15.7
7.0,15.0,-27.47,153.03,26.0,21.7
7.0,3.0,-27.47,153.03,26.0,9.8
7.0,12.0,-27.47,153.03,26.0,26.3
7.0,9.0,-27.47,153.03,26.0,15.1
7.0,15.0,-27.47,153.03,26.0,25.5
7.0,3.0,-27.47,153.03,26.0,10.2
7.0,12.0,-27.47,153.03,26.0,24.8
7.0,9.0,-27.47,153.03,26.0,15.9
7.0,15.0,-27.47,153.03,26.0,24.5
7.0,3.0,-27.47,153.03,26.0,7.7
7.0,12.0,-27.47,153.03,26.0,24.2
7.0,9.0,-27.47,153.03,26.0,13.3
7.0,15.0,-27.47,153.03,26.0,23.5
7.0,3.0,-27.47,153.03,26.0,11.0
7.0,12.0,-27.47,153.03,26.0,25.6
7.0,9.0,-27.47,153.03,26.0,14.8
7.0,15.0,-27.47,153.03,26.0,22.8
