3.0,3.0,-27.47,153.03,26.0,20.9
3.0,12.0,-27.47,153.03,26.0,32.6
3.0,9.0,-27.47,153.03,26.0,27.6
3.0,15.0,-27.47,153.03,26.0,29.0
3.0,3.0,-27.47,153.03,26.0,22.1
3.0,12.0,-27.47,153.03,26.0,32.1
3.0,9.0,-27.47,153.03,26.0,28.2
3.0,15.0,-27.47,153.03,26.0,29.6
3.0,3.0,-27.47,153.03,26.0,21.8
3.0,12.0,-27.47,153.03,26.0,32.3
3.0,9.0,-27.47,153.03,26.0,28.0
3.0,15.0,-27.47,153.03,26.0,30.3
3.0,3.0,-27.47,153.03,26.0,23.5
3.0,12.0,-27.47,153.03,26.0,31.8
3.0,9.0,-27.47,153.03,26.0,28.4
3.0,15.0,-27.47,153.03,26.0,29.5
3.0,3.0,-27.47,153.03,26.0,22.4
3.0,12.0,-27.47,153.03,26.0,34.3
3.0,9.0,-27.47,153.03,26.0,27.1
3.0,15.0,-27.47,153.03,26.0,30.9
3.0,3.0,-27.47,153.03,26.0,22.7
3.0,12.0,-27.47,153.03,26.0,31.5
3.0,9.0,-27.47,153.03,26.0,26.9
3.0,15.0,-27.47,153.03,26.0,30.0
3.0,3.0,-27.47,153.03,26.0,22.6
3.0,12.0,-27.47,153.03,26.0,33.0
3.0,9.0,-27.47,153.03,26.0,27.1
3.0,15.0,-27.47,153.03,26.0,30.0
3.0,3.0,-27.47,153.03,26.0,20.5
3.0,12.0,-27.47,153.03,26.0,31.0
3.0,9.0,-27.47,153.03,26.0,23.0
3.0,15.0,-27.47,153.03,26.0,29.6
3.0,3.0,-27.47,153.03,26.0,19.7
3.0,12.0,-27.47,153.03,26.0,31.1
3.0,9.0,-27.47,153.03,26.0,25.3
3.0,15.0,-27.47,153.03,26.0,27.4
3.0,3.0,-27.47,153.03,26.0,19.5
3.0,12.0,-27.47,153.03,26.0,31.9
3.0,9.0,-27.47,153.03,26.0,25.5
3.0,15.0,-27.47,153.03,26.0,30.0
3.0,3.0,-27.47,153.03,26.0,20.7
3.0,12.0,-27.47,153.03,26.0,31.1
3.0,9.0,-27.47,153.03,26.0,25.8
3.0,15.0,-27.47,153.03,26.0,28.2
3.0,3.0,-27.47,153.03,26.0,21.5
3.0,12.0,-27.47,153.03,26.0,32.9
3.0,9.0,-27.47,153.03,26.0,27.3
3.0,15.0,-27.47,153.03,26.0,30.6
3.0,3.0,-27.47,153.03,26.0,23.9
3.0,12.0,-27.47,153.03,26.0,27.8
3.0,9.0,-27.47,153.03,26.0,24.6
3.0,15.0,-27.47,153.03,26.0,27.1
3.0,3.0,-27.47,153.03,26.0,22.5
3.0,12.0,-27.47,153.03,26.0,30.4
3.0,9.0,-27.47,153.03,26.0,26.1
3.0,15.0,-27.47,153.03,26.0,26.8
3.0,3.0,-27.47,153.03,26.0,21.8
3.0,12.0,-27.47,153.03,26.0,28.9
3.0,9.0,-27.47,153.03,26.0,24.6
3.0,15.0,-27.47,153.03,26.0,27.7
3.0,3.0,-27.47,153.03,26.0,22.5
3.0,12.0,-27.47,153.03,26.0,33.1
3.0,9.0,-27.47,153.03,26.0,25.2
3.0,15.0,-27.47,153.03,26.0,28.7
3.0,3.0,-27.47,153.03,26.0,21.6
3.0,12.0,-27.47,153.03,26.0,35.7
3.0,9.0,-27.47,153.03,26.0,28.3
3.0,15.0,-27.47,153.03,26.0,25.0
3.0,3.0,-27.47,153.03,26.0,20.8
3.0,12.0,-27.47,153.03,26.0,32.8
3.0,9.0,-27.47,153.03,26.0,28.0
3.0,15.0,-27.47,153.03,26.0,29.5
3.0,3.0,-27.47,153.03,26.0,22.9
3.0,12.0,-27.47,153.03,26.0,29.6
3.0,9.0,-27.47,153.03,26.0,24.0
3.0,15.0,-27.47,153.03,26.0,29.1
3.0,3.0,-27.47,153.03,26.0,22.8
3.0,12.0,-27.47,153.03,26.0,27.3
3.0,9.0,-27.47,153.03,26.0,26.8
3.0,15.0,-27.47,153.03,26.0,23.4
3.0,3.0,-27.47,153.03,26.0,22.8
3.0,12.0,-27.47,153.03,26.0,28.6
3.0,9.0,-27.47,153.03,26.0,26.2
3.0,15.0,-27.47,153.03,26.0,27.7
3.0,3.0,-27.47,153.03,26.0,23.2
3.0,12.0,-27.47,153.03,26.0,27.9
3.0,9.0,-27.47,153.03,26.0,26.0
3.0,15.0,-27.47,153.03,26.0,25.9
3.0,3.0,-27.47,153.03,26.0,23.1
3.0,12.0,-27.47,153.03,26.0,29.3
3.0,9.0,-27.47,153.03,26.0,25.7
3.0,15.0,-27.47,153.03,26.0,29.0
3.0,3.0,-27.47,153.03,26.0,22.4
3.0,12.0,-27.47,153.03,26.0,29.4
3.0,9.0,-27.47,153.03,26.0,26.5
3.0,15.0,-27.47,153.03,26.0,24.1
3.0,3.0,-27.47,153.03,26.0,21.5
3.0,12.0,-27.47,153.03,26.0,28.0
3.0,9.0,-27.47,153.03,26.0,25.3
3.0,15.0,-27.47,153.03,26.0,26.8
3.0,3.0,-27.47,153.03,26.0,21.2
3.0,12.0,-27.47,153.03,26.0,31.3
3.0,9.0,-27.47,153.03,26.0,27.4
3.0,15.0,-27.47,153.03,26.0,29.5
3.0,3.0,-27.47,153.03,26.0,22.0
3.0,12.0,-27.47,153.03,26.0,29.5
3.0,9.0,-27.47,153.03,26.0,27.0
3.0,15.0,-27.47,153.03,26.0,25.9
3.0,3.0,-27.47,153.03,26.0,23.4
3.0,12.0,-27.47,153.03,26.0,25.8
3.0,9.0,-27.47,153.03,26.0,24.5
3.0,15.0,-27.47,153.03,26.0,25.8
3.0,3.0,-27.47,153.03,26.0,21.7
3.0,12.0,-27.47,153.03,26.0,28.3
3.0,9.0,-27.47,153.03,26.0,25.2
3.0,15.0,-27.47,153.03,26.0,26.8
