6.0,3.0,-27.47,153.03,26.0,10.4
6.0,12.0,-27.47,153.03,26.0,21.7
6.0,9.0,-27.47,153.03,26.0,14.8
6.0,15.0,-27.47,153.03,26.0,21.0
6.0,3.0,-27.47,153.03,26.0,11.2
6.0,12.0,-27.47,153.03,26.0,22.8
6.0,9.0,-27.47,153.03,26.0,16.3
6.0,15.0,-27.47,153.03,26.0,22.1
6.0,3.0,-27.47,153.03,26.0,10.7
6.0,12.0,-27.47,153.03,26.0,23.5
6.0,9.0,-27.47,153.03,26.0,16.7
6.0,15.0,-27.47,153.03,26.0,22.8
6.0,3.0,-27.47,153.03,26.0,11.8
6.0,12.0,-27.47,153.03,26.0,23.8
6.0,9.0,-27.47,153.03,26.0,17.2
6.0,15.0,-27.47,153.03,26.0,23.2
6.0,3.0,-27.47,153.03,26.0,10.5
6.0,12.0,-27.47,153.03,26.0,23.6
6.0,9.0,-27.47,153.03,26.0,16.0
6.0,15.0,-27.47,153.03,26.0,23.1
6.0,3.0,-27.47,153.03,26.0,10.8
6.0,12.0,-27.47,153.03,26.0,22.6
6.0,9.0,-27.47,153.03,26.0,17.4
6.0,15.0,-27.47,153.03,26.0,22.3
6.0,3.0,-27.47,153.03,26.0,9.7
6.0,12.0,-27.47,153.03,26.0,20.2
6.0,9.0,-27.47,153.03,26.0,14.5
6.0,15.0,-27.47,153.03,26.0,19.9
6.0,3.0,-27.47,153.03,26.0,9.4
6.0,12.0,-27.47,153.03,26.0,21.8
6.0,9.0,-27.47,153.03,26.0,15.0
6.0,15.0,-27.47,153.03,26.0,21.1
6.0,3.0,-27.47,153.03,26.0,10.9
6.0,12.0,-27.47,153.03,26.0,23.2
6.0,9.0,-27.47,153.03,26.0,17.4
6.0,15.0,-27.47,153.03,26.0,22.0
6.0,3.0,-27.47,153.03,26.0,15.2
6.0,12.0,-27.47,153.03,26.0,22.9
6.0,9.0,-27.47,153.03,26.0,19.6
6.0,15.0,-27.47,153.03,26.0,21.0
6.0,3.0,-27.47,153.03,26.0,15.3
6.0,12.0,-27.47,153.03,26.0,21.1
6.0,9.0,-27.47,153.03,26.0,16.0
6.0,15.0,-27.47,153.03,26.0,20.2
6.0,3.0,-27.47,153.03,26.0,13.9
6.0,12.0,-27.47,153.03,26.0,22.4
6.0,9.0,-27.47,153.03,26.0,17.8
6.0,15.0,-27.47,153.03,26.0,22.0
6.0,3.0,-27.47,153.03,26.0,14.3
6.0,12.0,-27.47,153.03,26.0,18.9
6.0,9.0,-27.47,153.03,26.0,15.9
6.0,15.0,-27.47,153.03,26.0,17.0
6.0,3.0,-27.47,153.03,26.0,15.8
6.0,12.0,-27.47,153.03,26.0,20.3
6.0,9.0,-27.47,153.03,26.0,18.9
6.0,15.0,-27.47,153.03,26.0,18.8
6.0,3.0,-27.47,153.03,26.0,14.8
6.0,12.0,-27.47,153.03,26.0,22.9
6.0,9.0,-27.47,153.03,26.0,17.6
6.0,15.0,-27.47,153.03,26.0,21.7
6.0,3.0,-27.47,153.03,26.0,14.8
6.0,12.0,-27.47,153.03,26.0,24.1
6.0,9.0,-27.47,153.03,26.0,19.4
6.0,15.0,-27.47,153.03,26.0,22.1
6.0,3.0,-27.47,153.03,26.0,17.1
6.0,12.0,-27.47,153.03,26.0,24.6
6.0,9.0,-27.47,153.03,26.0,19.3
6.0,15.0,-27.47,153.03,26.0,23.9
6.0,3.0,-27.47,153.03,26.0,13.9
6.0,12.0,-27.47,153.03,26.0,23.6
6.0,9.0,-27.47,153.03,26.0,18.8
6.0,15.0,-27.47,153.03,26.0,22.6
6.0,3.0,-27.47,153.03,26.0,15.4
6.0,12.0,-27.47,153.03,26.0,22.7
6.0,9.0,-27.47,153.03,26.0,19.3
6.0,15.0,-27.47,153.03,26.0,22.3
6.0,3.0,-27.47,153.03,26.0,15.8
6.0,12.0,-27.47,153.03,26.0,21.0
6.0,9.0,-27.47,153.03,26.0,17.9
6.0,15.0,-27.47,153.03,26.0,20.0
6.0,3.0,-27.47,153.03,26.0,12.2
6.0,12.0,-27.47,153.03,26.0,23.4
6.0,9.0,-27.47,153.03,26.0,17.2
6.0,15.0,-27.47,153.03,26.0,23.3
6.0,3.0,-27.47,153.03,26.0,13.7
6.0,12.0,-27.47,153.03,26.0,22.7
6.0,9.0,-27.47,153.03,26.0,17.8
6.0,15.0,-27.47,153.03,26.0,20.5
6.0,3.0,-27.47,153.03,26.0,10.3
6.0,12.0,-27.47,153.03,26.0,23.7
6.0,9.0,-27.47,153.03,26.0,15.2
6.0,15.0,-27.47,153.03,26.0,23.1
6.0,3.0,-27.47,153.03,26.0,10.4
6.0,12.0,-27.47,153.03,26.0,24.5
6.0,9.0,-27.47,153.03,26.0,14.3
6.0,15.0,-27.47,153.03,26.0,24.0
6.0,3.0,-27.47,153.03,26.0,11.0
6.0,12.0,-27.47,153.03,26.0,24.2
6.0,9.0,-27.47,153.03,26.0,15.9
6.0,15.0,-27.47,153.03,26.0,22.6
6.0,3.0,-27.47,153.03,26.0,12.2
6.0,12.0,-27.47,153.03,26.0,25.1
6.0,9.0,-27.47,153.03,26.0,16.2
6.0,15.0,-27.47,153.03,26.0,24.8
6.0,3.0,-27.47,153.03,26.0,12.4
6.0,12.0,-27.47,153.03,26.0,22.1
6.0,9.0,-27.47,153.03,26.0,15.5
6.0,15.0,-27.47,153.03,26.0,20.5
6.0,3.0,-27.47,153.03,26.0,13.4
6.0,12.0,-27.47,153.03,26.0,23.9
6.0,9.0,-27.47,153.03,26.0,17.7
6.0,15.0,-27.47,153.03,26.0,22.4
6.0,3.0,-27.47,153.03,26.0,13.8
6.0,12.0,-27.47,153.03,26.0,24.5
6.0,9.0,-27.47,153.03,26.0,19.3
6.0,15.0,-27.47,153.03,26.0,23.2
6.0,3.0,-27.47,153.03,26.0,15.6
6.0,12.0,-27.47,153.03,26.0,23.0
6.0,9.0,-27.47,153.03,26.0,17.1
6.0,15.0,-27.47,153.03,26.0,21.9
