5.0,3.0,-27.47,153.03,26.0,15.1
5.0,12.0,-27.47,153.03,26.0,26.8
5.0,9.0,-27.47,153.03,26.0,20.7
5.0,15.0,-27.47,153.03,26.0,24.7
5.0,3.0,-27.47,153.03,26.0,15.7
5.0,12.0,-27.47,153.03,26.0,27.5
5.0,9.0,-27.47,153.03,26.0,20.2
5.0,15.0,-27.47,153.03,26.0,25.6
5.0,3.0,-27.47,153.03,26.0,18.1
5.0,12.0,-27.47,153.03,26.0,27.5
5.0,9.0,-27.47,153.03,26.0,22.5
5.0,15.0,-27.47,153.03,26.0,24.5
5.0,3.0,-27.47,153.03,26.0,17.0
5.0,12.0,-27.47,153.03,26.0,23.6
5.0,9.0,-27.47,153.03,26.0,22.0
5.0,15.0,-27.47,153.03,26.0,22.6
5.0,3.0,-27.47,153.03,26.0,15.1
5.0,12.0,-27.47,153.03,26.0,24.8
5.0,9.0,-27.47,153.03,26.0,20.4
5.0,15.0,-27.47,153.03,26.0,22.3
5.0,3.0,-27.47,153.03,26.0,14.7
5.0,12.0,-27.47,153.03,26.0,24.9
5.0,9.0,-27.47,153.03,26.0,20.6
5.0,15.0,-27.47,153.03,26.0,23.8
5.0,3.0,-27.47,153.03,26.0,16.4
5.0,12.0,-27.47,153.03,26.0,26.4
5.0,9.0,-27.47,153.03,26.0,19.9
5.0,15.0,-27.47,153.03,26.0,25.6
5.0,3.0,-27.47,153.03,26.0,14.8
5.0,12.0,-27.47,153.03,26.0,22.0
5.0,9.0,-27.47,153.03,26.0,18.9
5.0,15.0,-27.47,153.03,26.0,21.0
5.0,3.0,-27.47,153.03,26.0,16.4
5.0,12.0,-27.47,153.03,26.0,23.5
5.0,9.0,-27.47,153.03,26.0,20.7
5.0,15.0,-27.47,153.03,26.0,22.1
5.0,3.0,-27.47,153.03,26.0,16.2
5.0,12.0,-27.47,153.03,26.0,19.5
5.0,9.0,-27.47,153.03,26.0,17.7
5.0,15.0,-27.47,153.03,26.0,17.5
5.0,3.0,-27.47,153.03,26.0,14.3
5.0,12.0,-27.47,153.03,26.0,24.7
5.0,9.0,-27.47,153.03,26.0,19.4
5.0,15.0,-27.47,153.03,26.0,23.5
5.0,3.0,-27.47,153.03,26.0,14.6
5.0,12.0,-27.47,153.03,26.0,23.9
5.0,9.0,-27.47,153.03,26.0,18.3
5.0,15.0,-27.47,153.03,26.0,22.4
5.0,3.0,-27.47,153.03,26.0,16.5
5.0,12.0,-27.47,153.03,26.0,23.1
5.0,9.0,-27.47,153.03,26.0,19.0
5.0,15.0,-27.47,153.03,26.0,20.4
5.0,3.0,-27.47,153.03,26.0,17.1
5.0,12.0,-27.47,153.03,26.0,21.9
5.0,9.0,-27.47,153.03,26.0,19.1
5.0,15.0,-27.47,153.03,26.0,20.9
5.0,3.0,-27.47,153.03,26.0,16.1
5.0,12.0,-27.47,153.03,26.0,26.4
5.0,9.0,-27.47,153.03,26.0,21.0
5.0,15.0,-27.47,153.03,26.0,26.1
5.0,3.0,-27.47,153.03,26.0,12.3
5.0,12.0,-27.47,153.03,26.0,26.0
5.0,9.0,-27.47,153.03,26.0,18.4
5.0,15.0,-27.47,153.03,26.0,25.5
5.0,3.0,-27.47,153.03,26.0,12.8
5.0,12.0,-27.47,153.03,26.0,25.0
5.0,9.0,-27.47,153.03,26.0,18.2
5.0,15.0,-27.47,153.03,26.0,23.9
5.0,3.0,-27.47,153.03,26.0,15.8
5.0,12.0,-27.47,153.03,26.0,23.6
5.0,9.0,-27.47,153.03,26.0,20.4
5.0,15.0,-27.47,153.03,26.0,22.4
5.0,3.0,-27.47,153.03,26.0,17.2
5.0,12.0,-27.47,153.03,26.0,20.7
5.0,9.0,-27.47,153.03,26.0,18.7
5.0,15.0,-27.47,153.03,26.0,19.8
5.0,3.0,-27.47,153.03,26.0,16.5
5.0,12.0,-27.47,153.03,26.0,25.0
5.0,9.0,-27.47,153.03,26.0,20.2
5.0,15.0,-27.47,153.03,26.0,23.0
5.0,3.0,-27.47,153.03,26.0,16.1
5.0,12.0,-27.47,153.03,26.0,25.8
5.0,9.0,-27.47,153.03,26.0,20.0
5.0,15.0,-27.47,153.03,26.0,25.4
5.0,3.0,-27.47,153.03,26.0,16.3
5.0,12.0,-27.47,153.03,26.0,25.9
5.0,9.0,-27.47,153.03,26.0,18.4
5.0,15.0,-27.47,153.03,26.0,24.5
5.0,3.0,-27.47,153.03,26.0,15.4
5.0,12.0,-27.47,153.03,26.0,26.9
5.0,9.0,-27.47,153.03,26.0,19.9
5.0,15.0,-27.47,153.03,26.0,25.6
5.0,3.0,-27.47,153.03,26.0,15.8
5.0,12.0,-27.47,153.03,26.0,27.7
5.0,9.0,-27.47,153.03,26.0,18.4
5.0,15.0,-27.47,153.03,26.0,27.3
5.0,3.0,-27.47,153.03,26.0,13.7
5.0,12.0,-27.47,153.03,26.0,24.9
5.0,9.0,-27.47,153.03,26.0,19.5
5.0,15.0,-27.47,153.03,26.0,23.1
5.0,3.0,-27.47,153.03,26.0,14.8
5.0,12.0,-27.47,153.03,26.0,25.0
5.0,9.0,-27.47,153.03,26.0,19.5
5.0,15.0,-27.47,153.03,26.0,23.3
5.0,3.0,-27.47,153.03,26.0,13.5
5.0,12.0,-27.47,153.03,26.0,24.6
5.0,9.0,-27.47,153.03,26.0,18.3
5.0,15.0,-27.47,153.03,26.0,23.0
5.0,3.0,-27.47,153.03,26.0,13.4
5.0,12.0,-27.47,153.03,26.0,25.7
5.0,9.0,-27.47,153.03,26.0,16.5
5.0,15.0,-27.47,153.03,26.0,24.3
5.0,3.0,-27.47,153.03,26.0,13.5
5.0,12.0,-27.47,153.03,26.0,26.4
5.0,9.0,-27.47,153.03,26.0,19.3
5.0,15.0,-27.47,153.03,26.0,25.6
5.0,3.0,-27.47,153.03,26.0,13.0
5.0,12.0,-27.47,153.03,26.0,25.1
5.0,9.0,-27.47,153.03,26.0,17.5
5.0,15.0,-27.47,153.03,26.0,24.5
5.0,3.0,-27.47,153.03,26.0,11.2
5.0,12.0,-27.47,153.03,26.0,22.4
5.0,9.0,-27.47,153.03,26.0,16.1
5.0,15.0,-27.47,153.03,26.0,22.3
