1.0,3.0,-27.47,153.03,26.0,24.8
1.0,12.0,-27.47,153.03,26.0,34.7
1.0,9.0,-27.47,153.03,26.0,31.4
1.0,15.0,-27.47,153.03,26.0,31.6
1.0,3.0,-27.47,153.03,26.0,26.1
1.0,12.0,-27.47,153.03,26.0,32.5
1.0,9.0,-27.47,153.03,26.0,30.9
1.0,15.0,-27.47,153.03,26.0,30.4
1.0,3.0,-27.47,153.03,26.0,22.3
1.0,12.0,-27.47,153.03,26.0,26.8
1.0,9.0,-27.47,153.03,26.0,24.2
1.0,15.0,-27.47,153.03,26.0,24.7
1.0,3.0,-27.47,153.03,26.0,22.4
1.0,12.0,-27.47,153.03,26.0,29.6
1.0,9.0,-27.47,153.03,26.0,26.6
1.0,15.0,-27.47,153.03,26.0,28.1
1.0,3.0,-27.47,153.03,26.0,21.5
1.0,12.0,-27.47,153.03,26.0,29.4
1.0,9.0,-27.47,153.03,26.0,27.0
1.0,15.0,-27.47,153.03,26.0,27.2
1.0,3.0,-27.47,153.03,26.0,21.1
1.0,12.0,-27.47,153.03,26.0,28.6
1.0,9.0,-27.47,153.03,26.0,26.6
1.0,15.0,-27.47,153.03,26.0,27.2
1.0,3.0,-27.47,153.03,26.0,21.7
1.0,12.0,-27.47,153.03,26.0,28.5
1.0,9.0,-27.47,153.03,26.0,25.9
1.0,15.0,-27.47,153.03,26.0,28.1
1.0,3.0,-27.47,153.03,26.0,19.5
1.0,12.0,-27.47,153.03,26.0,29.2
1.0,9.0,-27.47,153.03,26.0,26.3
1.0,15.0,-27.47,153.03,26.0,27.6
1.0,3.0,-27.47,153.03,26.0,19.3
1.0,12.0,-27.47,153.03,26.0,30.0
1.0,9.0,-27.47,153.03,26.0,26.3
1.0,15.0,-27.47,153.03,26.0,28.1
1.0,3.0,-27.47,153.03,26.0,22.5
1.0,12.0,-27.47,153.03,26.0,31.2
1.0,9.0,-27.47,153.03,26.0,28.8
1.0,15.0,-27.47,153.03,26.0,29.5
1.0,3.0,-27.47,153.03,26.0,23.7
1.0,12.0,-27.47,153.03,26.0,32.3
1.0,9.0,-27.47,153.03,26.0,29.1
1.0,15.0,-27.47,153.03,26.0,31.2
1.0,3.0,-27.47,153.03,26.0,23.5
1.0,12.0,-27.47,153.03,26.0,35.6
1.0,9.0,-27.47,153.03,26.0,30.1
1.0,15.0,-27.47,153.03,26.0,34.6
1.0,3.0,-27.47,153.03,26.0,25.1
1.0,12.0,-27.47,153.03,26.0,33.3
1.0,9.0,-27.47,153.03,26.0,28.7
1.0,15.0,-27.47,153.03,26.0,32.7
1.0,3.0,-27.47,153.03,26.0,25.2
1.0,12.0,-27.47,153.03,26.0,35.0
1.0,9.0,-27.47,153.03,26.0,31.1
1.0,15.0,-27.47,153.03,26.0,32.5
1.0,3.0,-27.47,153.03,26.0,24.6
1.0,12.0,-27.47,153.03,26.0,32.0
1.0,9.0,-27.47,153.03,26.0,29.1
1.0,15.0,-27.47,153.03,26.0,28.8
1.0,3.0,-27.47,153.03,26.0,22.6
1.0,12.0,-27.47,153.03,26.0,31.2
1.0,9.0,-27.47,153.03,26.0,27.9
1.0,15.0,-27.47,153.03,26.0,30.0
1.0,3.0,-27.47,153.03,26.0,23.0
1.0,12.0,-27.47,153.03,26.0,31.9
1.0,9.0,-27.47,153.03,26.0,28.3
1.0,15.0,-27.47,153.03,26.0,30.6
1.0,3.0,-27.47,153.03,26.0,22.6
1.0,12.0,-27.47,153.03,26.0,35.0
1.0,9.0,-27.47,153.03,26.0,29.6
1.0,15.0,-27.47,153.03,26.0,33.0
1.0,3.0,-27.47,153.03,26.0,25.8
1.0,12.0,-27.47,153.03,26.0,30.9
1.0,9.0,-27.47,153.03,26.0,28.6
1.0,15.0,-27.47,153.03,26.0,30.4
1.0,3.0,-27.47,153.03,26.0,24.6
1.0,12.0,-27.47,153.03,26.0,32.3
1.0,9.0,-27.47,153.03,26.0,28.1
1.0,15.0,-27.47,153.03,26.0,31.6
1.0,3.0,-27.47,153.03,26.0,28.0
1.0,12.0,-27.47,153.03,26.0,33.6
1.0,9.0,-27.47,153.03,26.0,31.1
1.0,15.0,-27.47,153.03,26.0,25.1
1.0,3.0,-27.47,153.03,26.0,23.0
1.0,12.0,-27.47,153.03,26.0,29.1
1.0,9.0,-27.47,153.03,26.0,26.3
1.0,15.0,-27.47,153.03,26.0,27.6
1.0,3.0,-27.47,153.03,26.0,19.8
1.0,12.0,-27.47,153.03,26.0,29.2
1.0,9.0,-27.47,153.03,26.0,26.1
1.0,15.0,-27.47,153.03,26.0,28.1
1.0,3.0,-27.47,153.03,26.0,19.5
1.0,12.0,-27.47,153.03,26.0,32.2
1.0,9.0,-27.47,153.03,26.0,27.4
1.0,15.0,-27.47,153.03,26.0,30.3
1.0,3.0,-27.47,153.03,26.0,22.5
1.0,12.0,-27.47,153.03,26.0,31.4
1.0,9.0,-27.47,153.03,26.0,29.0
1.0,15.0,-27.47,153.03,26.0,30.3
1.0,3.0,-27.47,153.03,26.0,24.1
1.0,12.0,-27.47,153.03,26.0,32.3
1.0,9.0,-27.47,153.03,26.0,28.4
1.0,15.0,-27.47,153.03,26.0,31.1
1.0,3.0,-27.47,153.03,26.0,23.6
1.0,12.0,-27.47,153.03,26.0,29.1
1.0,9.0,-27.47,153.03,26.0,26.5
1.0,15.0,-27.47,153.03,26.0,26.6
1.0,3.0,-27.47,153.03,26.0,22.9
1.0,12.0,-27.47,153.03,26.0,30.6
1.0,9.0,-27.47,153.03,26.0,28.4
1.0,15.0,-27.47,153.03,26.0,29.6
1.0,3.0,-27.47,153.03,26.0,21.4
1.0,12.0,-27.47,153.03,26.0,31.8
1.0,9.0,-27.47,153.03,26.0,27.9
1.0,15.0,-27.47,153.03,26.0,29.9
1.0,3.0,-27.47,153.03,26.0,22.8
1.0,12.0,-27.47,153.03,26.0,32.5
1.0,9.0,-27.47,153.03,26.0,29.1
1.0,15.0,-27.47,153.03,26.0,31.5
