4.0,3.0,-27.47,153.03,26.0,20.0
4.0,12.0,-27.47,153.03,26.0,29.0
4.0,9.0,-27.47,153.03,26.0,23.7
4.0,15.0,-27.47,153.03,26.0,28.5
4.0,3.0,-27.47,153.03,26.0,20.5
4.0,12.0,-27.47,153.03,26.0,27.7
4.0,9.0,-27.47,153.03,26.0,23.7
4.0,15.0,-27.47,153.03,26.0,25.9
4.0,3.0,-27.47,153.03,26.0,18.6
4.0,12.0,-27.47,153.03,26.0,25.6
4.0,9.0,-27.47,153.03,26.0,23.0
4.0,15.0,-27.47,153.03,26.0,23.4
4.0,3.0,-27.47,153.03,26.0,17.4
4.0,12.0,-27.47,153.03,26.0,24.5
4.0,9.0,-27.47,153.03,26.0,22.6
4.0,15.0,-27.47,153.03,26.0,21.5
4.0,3.0,-27.47,153.03,26.0,16.9
4.0,12.0,-27.47,153.03,26.0,25.6
4.0,9.0,-27.47,153.03,26.0,21.8
4.0,15.0,-27.47,153.03,26.0,24.0
4.0,3.0,-27.47,153.03,26.0,16.7
4.0,12.0,-27.47,153.03,26.0,22.7
4.0,9.0,-27.47,153.03,26.0,21.0
4.0,15.0,-27.47,153.03,26.0,22.0
4.0,3.0,-27.47,153.03,26.0,16.6
4.0,12.0,-27.47,153.03,26.0,26.3
4.0,9.0,-27.47,153.03,26.0,22.2
4.0,15.0,-27.47,153.03,26.0,25.4
4.0,3.0,-27.47,153.03,26.0,16.9
4.0,12.0,-27.47,153.03,26.0,26.2
4.0,9.0,-27.47,153.03,26.0,22.9
4.0,15.0,-27.47,153.03,26.0,25.8
4.0,3.0,-27.47,153.03,26.0,17.4
4.0,12.0,-27.47,153.03,26.0,27.4
4.0,9.0,-27.47,153.03,26.0,23.3
4.0,15.0,-27.47,153.03,26.0,25.3
4.0,3.0,-27.47,153.03,26.0,16.9
4.0,12.0,-27.47,153.03,26.0,29.0
4.0,9.0,-27.47,153.03,26.0,23.2
4.0,15.0,-27.47,153.03,26.0,28.4
4.0,3.0,-27.47,153.03,26.0,13.8
4.0,12.0,-27.47,153.03,26.0,27.1
4.0,9.0,-27.47,153.03,26.0,21.3
4.0,15.0,-27.47,153.03,26.0,26.8
4.0,3.0,-27.47,153.03,26.0,16.1
4.0,12.0,-27.47,153.03,26.0,28.3
4.0,9.0,-27.47,153.03,26.0,23.3
4.0,15.0,-27.47,153.03,26.0,26.6
4.0,3.0,-27.47,153.03,26.0,17.8
4.0,12.0,-27.47,153.03,26.0,26.7
4.0,9.0,-27.47,153.03,26.0,23.1
4.0,15.0,-27.47,153.03,26.0,24.9
4.0,3.0,-27.47,153.03,26.0,17.8
4.0,12.0,-27.47,153.03,26.0,26.8
4.0,9.0,-27.47,153.03,26.0,22.5
4.0,15.0,-27.47,153.03,26.0,24.0
4.0,3.0,-27.47,153.03,26.0,17.4
4.0,12.0,-27.47,153.03,26.0,26.7
4.0,9.0,-27.47,153.03,26.0,22.2
4.0,15.0,-27.47,153.03,26.0,24.0
4.0,3.0,-27.47,153.03,26.0,16.4
4.0,12.0,-27.47,153.03,26.0,26.6
4.0,9.0,-27.47,153.03,26.0,22.1
4.0,15.0,-27.47,153.03,26.0,25.5
4.0,3.0,-27.47,153.03,26.0,15.8
4.0,12.0,-27.47,153.03,26.0,26.8
4.0,9.0,-27.47,153.03,26.0,21.7
4.0,15.0,-27.47,153.03,26.0,24.2
4.0,3.0,-27.47,153.03,26.0,16.4
4.0,12.0,-27.47,153.03,26.0,26.6
4.0,9.0,-27.47,153.03,26.0,22.4
4.0,15.0,-27.47,153.03,26.0,24.6
4.0,3.0,-27.47,153.03,26.0,17.0
4.0,12.0,-27.47,153.03,26.0,26.0
4.0,9.0,-27.47,153.03,26.0,22.6
4.0,15.0,-27.47,153.03,26.0,24.2
4.0,3.0,-27.47,153.03,26.0,16.3
4.0,12.0,-27.47,153.03,26.0,26.2
4.0,9.0,-27.47,153.03,26.0,22.4
4.0,15.0,-27.47,153.03,26.0,24.0
4.0,3.0,-27.47,153.03,26.0,17.2
4.0,12.0,-27.47,153.03,26.0,24.8
4.0,9.0,-27.47,153.03,26.0,19.8
4.0,15.0,-27.47,153.03,26.0,23.4
4.0,3.0,-27.47,153.03,26.0,15.1
4.0,12.0,-27.47,153.03,26.0,26.4
4.0,9.0,-27.47,153.03,26.0,21.3
4.0,15.0,-27.47,153.03,26.0,25.1
4.0,3.0,-27.47,153.03,26.0,16.5
4.0,12.0,-27.47,153.03,26.0,26.0
4.0,9.0,-27.47,153.03,26.0,21.5
4.0,15.0,-27.47,153.03,26.0,22.5
4.0,3.0,-27.47,153.03,26.0,15.7
4.0,12.0,-27.47,153.03,26.0,26.9
4.0,9.0,-27.47,153.03,26.0,20.8
4.0,15.0,-27.47,153.03,26.0,26.6
4.0,3.0,-27.47,153.03,26.0,16.9
4.0,12.0,-27.47,153.03,26.0,23.7
4.0,9.0,-27.47,153.03,26.0,22.5
4.0,15.0,-27.47,153.03,26.0,22.9
4.0,3.0,-27.47,153.03,26.0,13.5
4.0,12.0,-27.47,153.03,26.0,22.6
4.0,9.0,-27.47,153.03,26.0,17.6
4.0,15.0,-27.47,153.03,26.0,22.2
4.0,3.0,-27.47,153.03,26.0,13.0
4.0,12.0,-27.47,153.03,26.0,25.3
4.0,9.0,-27.47,153.03,26.0,16.3
4.0,15.0,-27.47,153.03,26.0,24.5
4.0,3.0,-27.47,153.03,26.0,15.3
4.0,12.0,-27.47,153.03,26.0,26.3
4.0,9.0,-27.47,153.03,26.0,20.4
4.0,15.0,-27.47,153.03,26.0,25.4
4.0,3.0,-27.47,153.03,26.0,13.6
4.0,12.0,-27.47,153.03,26.0,25.8
4.0,9.0,-27.47,153.03,26.0,19.5
4.0,15.0,-27.47,153.03,26.0,24.5
