11.0,3.0,-27.47,153.03,26.0,20.8
11.0,12.0,-27.47,153.03,26.0,26.3
11.0,9.0,-27.47,153.03,26.0,22.8
11.0,15.0,-27.47,153.03,26.0,23.0
11.0,3.0,-27.47,153.03,26.0,13.0
11.0,12.0,-27.47,153.03,26.0,28.9
11.0,9.0,-27.47,153.03,26.0,25.4
11.0,15.0,-27.47,153.03,26.0,26.6
11.0,3.0,-27.47,153.03,26.0,17.9
11.0,12.0,-27.47,153.03,26.0,27.5
11.0,9.0,-27.47,153.03,26.0,24.4
11.0,15.0,-27.47,153.03,26.0,25.5
11.0,3.0,-27.47,153.03,26.0,20.2
11.0,12.0,-27.47,153.03,26.0,29.3
11.0,9.0,-27.47,153.03,26.0,26.3
11.0,15.0,-27.47,153.03,26.0,27.3
11.0,3.0,-27.47,153.03,26.0,17.2
11.0,12.0,-27.47,153.03,26.0,34.4
11.0,9.0,-27.47,153.03,26.0,26.5
11.0,15.0,-27.47,153.03,26.0,29.6
11.0,3.0,-27.47,153.03,26.0,16.7
11.0,12.0,-27.47,153.03,26.0,33.3
11.0,9.0,-27.47,153.03,26.0,26.9
11.0,15.0,-27.47,153.03,26.0,28.4
11.0,3.0,-27.47,153.03,26.0,20.4
11.0,12.0,-27.47,153.03,26.0,28.9
11.0,9.0,-27.47,153.03,26.0,25.3
11.0,15.0,-27.47,153.03,26.0,26.9
11.0,3.0,-27.47,153.03,26.0,22.6
11.0,12.0,-27.47,153.03,26.0,32.5
11.0,9.0,-27.47,153.03,26.0,28.5
11.0,15.0,-27.47,153.03,26.0,28.9
11.0,3.0,-27.47,153.03,26.0,21.6
11.0,12.0,-27.47,153.03,26.0,31.7
11.0,9.0,-27.47,153.03,26.0,28.0
11.0,15.0,-27.47,153.03,26.0,28.3
11.0,3.0,-27.47,153.03,26.0,21.2
11.0,12.0,-27.47,153.03,26.0,32.5
11.0,9.0,-27.47,153.03,26.0,27.2
11.0,15.0,-27.47,153.03,26.0,29.8
11.0,3.0,-27.47,153.03,26.0,19.8
11.0,12.0,-27.47,153.03,26.0,31.8
11.0,9.0,-27.47,153.03,26.0,28.2
11.0,15.0,-27.47,153.03,26.0,27.8
11.0,3.0,-27.47,153.03,26.0,23.0
11.0,12.0,-27.47,153.03,26.0,31.6
11.0,9.0,-27.47,153.03,26.0,27.9
11.0,15.0,-27.47,153.03,26.0,26.2
11.0,3.0,-27.47,153.03,26.0,21.7
11.0,12.0,-27.47,153.03,26.0,36.0
11.0,9.0,-27.47,153.03,26.0,28.0
11.0,15.0,-27.47,153.03,26.0,30.8
11.0,3.0,-27.47,153.03,26.0,21.6
11.0,12.0,-27.47,153.03,26.0,30.1
11.0,9.0,-27.47,153.03,26.0,25.2
11.0,15.0,-27.47,153.03,26.0,29.2
11.0,3.0,-27.47,153.03,26.0,17.5
11.0,12.0,-27.47,153.03,26.0,27.4
11.0,9.0,-27.47,153.03,26.0,23.7
11.0,15.0,-27.47,153.03,26.0,24.8
11.0,3.0,-27.47,153.03,26.0,16.9
11.0,12.0,-27.47,153.03,26.0,28.1
11.0,9.0,-27.47,153.03,26.0,24.9
11.0,15.0,-27.47,153.03,26.0,26.0
11.0,3.0,-27.47,153.03,26.0,17.9
11.0,12.0,-27.47,153.03,26.0,28.3
11.0,9.0,-27.47,153.03,26.0,24.3
11.0,15.0,-27.47,153.03,26.0,25.3
11.0,3.0,-27.47,153.03,26.0,17.3
11.0,12.0,-27.47,153.03,26.0,27.3
11.0,9.0,-27.47,153.03,26.0,24.0
11.0,15.0,-27.47,153.03,26.0,25.3
11.0,3.0,-27.47,153.03,26.0,17.9
11.0,12.0,-27.47,153.03,26.0,28.1
11.0,9.0,-27.47,153.03,26.0,23.8
11.0,15.0,-27.47,153.03,26.0,26.5
11.0,3.0,-27.47,153.03,26.0,18.2
11.0,12.0,-27.47,153.03,26.0,28.6
11.0,9.0,-27.47,153.03,26.0,26.1
11.0,15.0,-27.47,153.03,26.0,27.2
11.0,3.0,-27.47,153.03,26.0,18.0
11.0,12.0,-27.47,153.03,26.0,29.7
11.0,9.0,-27.47,153.03,26.0,25.9
11.0,15.0,-27.47,153.03,26.0,27.6
11.0,3.0,-27.47,153.03,26.0,17.6
11.0,12.0,-27.47,153.03,26.0,28.8
11.0,9.0,-27.47,153.03,26.0,26.2
11.0,15.0,-27.47,153.03,26.0,26.9
11.0,3.0,-27.47,153.03,26.0,19.7
11.0,12.0,-27.47,153.03,26.0,31.2
11.0,9.0,-27.47,153.03,26.0,27.1
11.0,15.0,-27.47,153.03,26.0,29.2
11.0,3.0,-27.47,153.03,26.0,20.6
11.0,12.0,-27.47,153.03,26.0,35.1
11.0,9.0,-27.47,153.03,26.0,31.1
11.0,15.0,-27.47,153.03,26.0,29.6
11.0,3.0,-27.47,153.03,26.0,18.1
11.0,12.0,-27.47,153.03,26.0,29.0
11.0,9.0,-27.47,153.03,26.0,25.5
11.0,15.0,-27.47,153.03,26.0,26.6
11.0,3.0,-27.47,153.03,26.0,22.0
11.0,12.0,-27.47,153.03,26.0,27.0
11.0,9.0,-27.47,153.03,26.0,25.2
11.0,15.0,-27.47,153.03,26.0,24.7
11.0,3.0,-27.47,153.03,26.0,20.7
11.0,12.0,-27.47,153.03,26.0,29.7
11.0,9.0,-27.47,153.03,26.0,25.0
11.0,15.0,-27.47,153.03,26.0,27.6
11.0,3.0,-27.47,153.03,26.0,20.3
11.0,12.0,-27.47,153.03,26.0,29.9
11.0,9.0,-27.47,153.03,26.0,27.2
11.0,15.0,-27.47,153.03,26.0,27.8
11.0,3.0,-27.47,153.03,26.0,20.9
11.0,12.0,-27.47,153.03,26.0,30.7
11.0,9.0,-27.47,153.03,26.0,26.8
11.0,15.0,-27.47,153.03,26.0,28.9
11.0,3.0,-27.47,153.03,26.0,19.9
11.0,12.0,-27.47,153.03,26.0,31.3
11.0,9.0,-27.47,153.03,26.0,27.3
11.0,15.0,-27.47,153.03,26.0,27.1
