10.0,3.0,-27.47,153.03,26.0,14.5
10.0,12.0,-27.47,153.03,26.0,27.0
10.0,9.0,-27.47,153.03,26.0,21.3
10.0,15.0,-27.47,153.03,26.0,26.4
10.0,3.0,-27.47,153.03,26.0,12.3
10.0,12.0,-27.47,153.03,26.0,26.9
10.0,9.0,-27.47,153.03,26.0,21.5
10.0,15.0,-27.47,153.03,26.0,24.8
10.0,3.0,-27.47,153.03,26.0,18.6
10.0,12.0,-27.47,153.03,26.0,26.7
10.0,9.0,-27.47,153.03,26.0,23.7
10.0,15.0,-27.47,153.03,26.0,22.3
10.0,3.0,-27.47,153.03,26.0,13.0
10.0,12.0,-27.47,153.03,26.0,26.2
10.0,9.0,-27.47,153.03,26.0,20.0
10.0,15.0,-27.47,153.03,26.0,25.7
10.0,3.0,-27.47,153.03,26.0,12.1
10.0,12.0,-27.47,153.03,26.0,28.7
10.0,9.0,-27.47,153.03,26.0,22.8
10.0,15.0,-27.47,153.03,26.0,28.5
10.0,3.0,-27.47,153.03,26.0,12.3
10.0,12.0,-27.47,153.03,26.0,29.1
10.0,9.0,-27.47,153.03,26.0,22.8
10.0,15.0,-27.47,153.03,26.0,26.2
10.0,3.0,-27.47,153.03,26.0,12.4
10.0,12.0,-27.47,153.03,26.0,29.0
10.0,9.0,-27.47,153.03,26.0,22.4
10.0,15.0,-27.47,153.03,26.0,27.0
10.0,3.0,-27.47,153.03,26.0,13.2
10.0,12.0,-27.47,153.03,26.0,32.2
10.0,9.0,-27.47,153.03,26.0,24.3
10.0,15.0,-27.47,153.03,26.0,27.9
10.0,3.0,-27.47,153.03,26.0,16.3
10.0,12.0,-27.47,153.03,26.0,25.5
10.0,9.0,-27.47,153.03,26.0,23.9
10.0,15.0,-27.47,153.03,26.0,21.7
10.0,3.0,-27.47,153.03,26.0,16.0
10.0,12.0,-27.47,153.03,26.0,26.4
10.0,9.0,-27.47,153.03,26.0,23.1
10.0,15.0,-27.47,153.03,26.0,24.5
10.0,3.0,-27.47,153.03,26.0,16.8
10.0,12.0,-27.47,153.03,26.0,29.2
10.0,9.0,-27.47,153.03,26.0,25.3
10.0,15.0,-27.47,153.03,26.0,24.1
10.0,3.0,-27.47,153.03,26.0,16.6
10.0,12.0,-27.47,153.03,26.0,24.5
10.0,9.0,-27.47,153.03,26.0,21.0
10.0,15.0,-27.47,153.03,26.0,22.6
10.0,3.0,-27.47,153.03,26.0,14.7
10.0,12.0,-27.47,153.03,26.0,26.1
10.0,9.0,-27.47,153.03,26.0,21.4
10.0,15.0,-27.47,153.03,26.0,23.4
10.0,3.0,-27.47,153.03,26.0,13.5
10.0,12.0,-27.47,153.03,26.0,23.4
10.0,9.0,-27.47,153.03,26.0,20.6
10.0,15.0,-27.47,153.03,26.0,21.5
10.0,3.0,-27.47,153.03,26.0,12.7
10.0,12.0,-27.47,153.03,26.0,24.1
10.0,9.0,-27.47,153.03,26.0,21.0
10.0,15.0,-27.47,153.03,26.0,22.6
10.0,3.0,-27.47,153.03,26.0,12.2
10.0,12.0,-27.47,153.03,26.0,25.4
10.0,9.0,-27.47,153.03,26.0,21.6
10.0,15.0,-27.47,153.03,26.0,23.8
10.0,3.0,-27.47,153.03,26.0,17.3
10.0,12.0,-27.47,153.03,26.0,28.3
10.0,9.0,-27.47,153.03,26.0,25.1
10.0,15.0,-27.47,153.03,26.0,26.1
10.0,3.0,-27.47,153.03,26.0,12.3
10.0,12.0,-27.47,153.03,26.0,25.7
10.0,9.0,-27.47,153.03,26.0,21.0
10.0,15.0,-27.47,153.03,26.0,24.4
10.0,3.0,-27.47,153.03,26.0,14.0
10.0,12.0,-27.47,153.03,26.0,29.4
10.0,9.0,-27.47,153.03,26.0,23.2
10.0,15.0,-27.47,153.03,26.0,26.6
10.0,3.0,-27.47,153.03,26.0,16.0
10.0,12.0,-27.47,153.03,26.0,27.0
10.0,9.0,-27.47,153.03,26.0,24.9
10.0,15.0,-27.47,153.03,26.0,23.9
10.0,3.0,-27.47,153.03,26.0,17.1
10.0,12.0,-27.47,153.03,26.0,26.8
10.0,9.0,-27.47,153.03,26.0,24.8
10.0,15.0,-27.47,153.03,26.0,25.1
10.0,3.0,-27.47,153.03,26.0,18.2
10.0,12.0,-27.47,153.03,26.0,27.6
10.0,9.0,-27.47,153.03,26.0,25.0
10.0,15.0,-27.47,153.03,26.0,24.4
10.0,3.0,-27.47,153.03,26.0,15.0
10.0,12.0,-27.47,153.03,26.0,21.6
10.0,9.0,-27.47,153.03,26.0,17.9
10.0,15.0,-27.47,153.03,26.0,21.2
10.0,3.0,-27.47,153.03,26.0,12.2
10.0,12.0,-27.47,153.03,26.0,25.3
10.0,9.0,-27.47,153.03,26.0,20.9
10.0,15.0,-27.47,153.03,26.0,24.4
10.0,3.0,-27.47,153.03,26.0,13.9
10.0,12.0,-27.47,153.03,26.0,27.5
10.0,9.0,-27.47,153.03,26.0,22.4
10.0,15.0,-27.47,153.03,26.0,25.3
10.0,3.0,-27.47,153.03,26.0,15.0
10.0,12.0,-27.47,153.03,26.0,28.0
10.0,9.0,-27.47,153.03,26.0,25.4
10.0,15.0,-27.47,153.03,26.0,25.7
10.0,3.0,-27.47,153.03,26.0,16.7
10.0,12.0,-27.47,153.03,26.0,29.2
10.0,9.0,-27.47,153.03,26.0,23.6
10.0,15.0,-27.47,153.03,26.0,27.0
10.0,3.0,-27.47,153.03,26.0,17.7
10.0,12.0,-27.47,153.03,26.0,28.6
10.0,9.0,-27.47,153.03,26.0,25.7
10.0,15.0,-27.47,153.03,26.0,26.7
10.0,3.0,-27.47,153.03,26.0,18.5
10.0,12.0,-27.47,153.03,26.0,28.2
10.0,9.0,-27.47,153.03,26.0,25.5
10.0,15.0,-27.47,153.03,26.0,25.8
10.0,3.0,-27.47,153.03,26.0,17.4
10.0,12.0,-27.47,153.03,26.0,27.7
10.0,9.0,-27.47,153.03,26.0,25.6
10.0,15.0,-27.47,153.03,26.0,26.8
10.0,3.0,-27.47,153.03,26.0,20.0
10.0,12.0,-27.47,153.03,26.0,28.3
10.0,9.0,-27.47,153.03,26.0,24.5
10.0,15.0,-27.47,153.03,26.0,27.2
