9.0,3.0,-27.47,153.03,26.0,14.2
9.0,12.0,-27.47,153.03,26.0,26.1
9.0,9.0,-27.47,153.03,26.0,20.3
9.0,15.0,-27.47,153.03,26.0,23.6
9.0,3.0,-27.47,153.03,26.0,18.8
9.0,12.0,-27.47,153.03,26.0,25.6
9.0,9.0,-27.47,153.03,26.0,23.2
9.0,15.0,-27.47,153.03,26.0,24.4
9.0,3.0,-27.47,153.03,26.0,16.2
9.0,12.0,-27.47,153.03,26.0,23.2
9.0,9.0,-27.47,153.03,26.0,19.6
9.0,15.0,-27.47,153.03,26.0,21.8
9.0,3.0,-27.47,153.03,26.0,12.3
9.0,12.0,-27.47,153.03,26.0,24.2
9.0,9.0,-27.47,153.03,26.0,18.4
9.0,15.0,-27.47,153.03,26.0,22.0
9.0,3.0,-27.47,153.03,26.0,12.0
9.0,12.0,-27.47,153.03,26.0,23.3
9.0,9.0,-27.47,153.03,26.0,18.5
9.0,15.0,-27.47,153.03,26.0,22.6
9.0,3.0,-27.47,153.03,26.0,13.1
9.0,12.0,-27.47,153.03,26.0,23.3
9.0,9.0,-27.47,153.03,26.0,19.8
9.0,15.0,-27.47,153.03,26.0,21.7
9.0,3.0,-27.47,153.03,26.0,15.9
9.0,12.0,-27.47,153.03,26.0,23.7
9.0,9.0,-27.47,153.03,26.0,19.9
9.0,15.0,-27.47,153.03,26.0,22.8
9.0,3.0,-27.47,153.03,26.0,13.9
9.0,12.0,-27.47,153.03,26.0,24.4
9.0,9.0,-27.47,153.03,26.0,20.9
9.0,15.0,-27.47,153.03,26.0,22.9
9.0,3.0,-27.47,153.03,26.0,15.2
9.0,12.0,-27.47,153.03,26.0,22.2
9.0,9.0,-27.47,153.03,26.0,21.9
9.0,15.0,-27.47,153.03,26.0,21.3
9.0,3.0,-27.47,153.03,26.0,16.2
9.0,12.0,-27.47,153.03,26.0,23.3
9.0,9.0,-27.47,153.03,26.0,21.4
9.0,15.0,-27.47,153.03,26.0,19.7
9.0,3.0,-27.47,153.03,26.0,13.0
9.0,12.0,-27.47,153.03,26.0,24.0
9.0,9.0,-27.47,153.03,26.0,18.6
9.0,15.0,-27.47,153.03,26.0,22.9
9.0,3.0,-27.47,153.03,26.0,13.6
9.0,12.0,-27.47,153.03,26.0,25.3
9.0,9.0,-27.47,153.03,26.0,19.9
9.0,15.0,-27.47,153.03,26.0,23.7
9.0,3.0,-27.47,153.03,26.0,15.7
9.0,12.0,-27.47,153.03,26.0,26.5
9.0,9.0,-27.47,153.03,26.0,22.5
9.0,15.0,-27.47,153.03,26.0,24.6
9.0,3.0,-27.47,153.03,26.0,18.4
9.0,12.0,-27.47,153.03,26.0,25.9
9.0,9.0,-27.47,153.03,26.0,23.7
9.0,15.0,-27.47,153.03,26.0,24.7
9.0,3.0,-27.47,153.03,26.0,19.4
9.0,12.0,-27.47,153.03,26.0,26.7
9.0,9.0,-27.47,153.03,26.0,21.3
9.0,15.0,-27.47,153.03,26.0,24.9
9.0,3.0,-27.47,153.03,26.0,16.9
9.0,12.0,-27.47,153.03,26.0,25.7
9.0,9.0,-27.47,153.03,26.0,22.6
9.0,15.0,-27.47,153.03,26.0,24.8
9.0,3.0,-27.47,153.03,26.0,13.3
9.0,12.0,-27.47,153.03,26.0,25.5
9.0,9.0,-27.47,153.03,26.0,19.7
9.0,15.0,-27.47,153.03,26.0,22.0
9.0,3.0,-27.47,153.03,26.0,18.6
9.0,12.0,-27.47,153.03,26.0,22.5
9.0,9.0,-27.47,153.03,26.0,20.7
9.0,15.0,-27.47,153.03,26.0,21.8
9.0,3.0,-27.47,153.03,26.0,17.8
9.0,12.0,-27.47,153.03,26.0,22.3
9.0,9.0,-27.47,153.03,26.0,18.3
9.0,15.0,-27.47,153.03,26.0,21.7
9.0,3.0,-27.47,153.03,26.0,12.8
9.0,12.0,-27.47,153.03,26.0,25.3
9.0,9.0,-27.47,153.03,26.0,19.9
9.0,15.0,-27.47,153.03,26.0,23.7
9.0,3.0,-27.47,153.03,26.0,17.6
9.0,12.0,-27.47,153.03,26.0,21.4
9.0,9.0,-27.47,153.03,26.0,19.7
9.0,15.0,-27.47,153.03,26.0,21.3
9.0,3.0,-27.47,153.03,26.0,15.0
9.0,12.0,-27.47,153.03,26.0,24.7
9.0,9.0,-27.47,153.03,26.0,19.8
9.0,15.0,-27.47,153.03,26.0,24.1
9.0,3.0,-27.47,153.03,26.0,13.9
9.0,12.0,-27.47,153.03,26.0,25.2
9.0,9.0,-27.47,153.03,26.0,19.1
9.0,15.0,-27.47,153.03,26.0,24.9
9.0,3.0,-27.47,153.03,26.0,11.6
9.0,12.0,-27.47,153.03,26.0,26.3
9.0,9.0,-27.47,153.03,26.0,20.9
9.0,15.0,-27.47,153.03,26.0,24.7
9.0,3.0,-27.47,153.03,26.0,14.1
9.0,12.0,-27.47,153.03,26.0,28.8
9.0,9.0,-27.47,153.03,26.0,18.1
9.0,15.0,-27.47,153.03,26.0,26.6
9.0,3.0,-27.47,153.03,26.0,15.5
9.0,12.0,-27.47,153.03,26.0,27.6
9.0,9.0,-27.47,153.03,26.0,21.8
9.0,15.0,-27.47,153.03,26.0,26.3
9.0,3.0,-27.47,153.03,26.0,15.8
9.0,12.0,-27.47,153.03,26.0,26.6
9.0,9.0,-27.47,153.03,26.0,18.6
9.0,15.0,-27.47,153.03,26.0,25.9
9.0,3.0,-27.47,153.03,26.0,10.4
9.0,12.0,-27.47,153.03,26.0,27.0
9.0,9.0,-27.47,153.03,26.0,22.6
9.0,15.0,-27.47,153.03,26.0,24.5
9.0,3.0,-27.47,153.03,26.0,17.9
9.0,12.0,-27.47,153.03,26.0,24.1
9.0,9.0,-27.47,153.03,26.0,22.2
9.0,15.0,-27.47,153.03,26.0,21.9
9.0,3.0,-27.47,153.03,26.0,16.4
9.0,12.0,-27.47,153.03,26.0,25.7
9.0,9.0,-27.47,153.03,26.0,20.0
9.0,15.0,-27.47,153.03,26.0,25.4
