2.0,3.0,-27.47,153.03,26.0,23.4
2.0,12.0,-27.47,153.03,26.0,32.9
2.0,9.0,-27.47,153.03,26.0,29.2
2.0,15.0,-27.47,153.03,26.0,31.8
2.0,3.0,-27.47,153.03,26.0,24.6
2.0,12.0,-27.47,153.03,26.0,32.9
2.0,9.0,-27.47,153.03,26.0,30.0
2.0,15.0,-27.47,153.03,26.0,31.6
2.0,3.0,-27.47,153.03,26.0,25.8
2.0,12.0,-27.47,153.03,26.0,32.4
2.0,9.0,-27.47,153.03,26.0,29.5
2.0,15.0,-27.47,153.03,26.0,31.1
2.0,3.0,-27.47,153.03,26.0,23.5
2.0,12.0,-27.47,153.03,26.0,32.8
2.0,9.0,-27.47,153.03,26.0,29.4
2.0,15.0,-27.47,153.03,26.0,32.0
2.0,3.0,-27.47,153.03,26.0,24.5
2.0,12.0,-27.47,153.03,26.0,32.8
2.0,9.0,-27.47,153.03,26.0,29.1
2.0,15.0,-27.47,153.03,26.0,31.4
2.0,3.0,-27.47,153.03,26.0,24.1
2.0,12.0,-27.47,153.03,26.0,33.0
2.0,9.0,-27.47,153.03,26.0,29.9
2.0,15.0,-27.47,153.03,26.0,30.9
2.0,3.0,-27.47,153.03,26.0,24.6
2.0,12.0,-27.47,153.03,26.0,32.8
2.0,9.0,-27.47,153.03,26.0,29.8
2.0,15.0,-27.47,153.03,26.0,31.5
2.0,3.0,-27.47,153.03,26.0,23.3
2.0,12.0,-27.47,153.03,26.0,32.2
2.0,9.0,-27.47,153.03,26.0,27.0
2.0,15.0,-27.47,153.03,26.0,30.2
2.0,3.0,-27.47,153.03,26.0,22.9
2.0,12.0,-27.47,153.03,26.0,33.0
2.0,9.0,-27.47,153.03,26.0,27.7
2.0,15.0,-27.47,153.03,26.0,31.6
2.0,3.0,-27.47,153.03,26.0,22.6
2.0,12.0,-27.47,153.03,26.0,37.0
2.0,9.0,-27.47,153.03,26.0,29.5
2.0,15.0,-27.47,153.03,26.0,32.9
2.0,3.0,-27.47,153.03,26.0,22.7
2.0,12.0,-27.47,153.03,26.0,37.6
2.0,9.0,-27.47,153.03,26.0,30.9
2.0,15.0,-27.47,153.03,26.0,33.8
2.0,3.0,-27.47,153.03,26.0,27.3
2.0,12.0,-27.47,153.03,26.0,35.6
2.0,9.0,-27.47,153.03,26.0,30.4
2.0,15.0,-27.47,153.03,26.0,30.6
2.0,3.0,-27.47,153.03,26.0,22.9
2.0,12.0,-27.47,153.03,26.0,30.3
2.0,9.0,-27.47,153.03,26.0,27.9
2.0,15.0,-27.47,153.03,26.0,29.1
2.0,3.0,-27.47,153.03,26.0,21.7
2.0,12.0,-27.47,153.03,26.0,30.4
2.0,9.0,-27.47,153.03,26.0,27.2
2.0,15.0,-27.47,153.03,26.0,28.7
2.0,3.0,-27.47,153.03,26.0,21.1
2.0,12.0,-27.47,153.03,26.0,31.7
2.0,9.0,-27.47,153.03,26.0,26.8
2.0,15.0,-27.47,153.03,26.0,29.9
2.0,3.0,-27.47,153.03,26.0,23.1
2.0,12.0,-27.47,153.03,26.0,31.8
2.0,9.0,-27.47,153.03,26.0,27.1
2.0,15.0,-27.47,153.03,26.0,30.4
2.0,3.0,-27.47,153.03,26.0,23.0
2.0,12.0,-27.47,153.03,26.0,31.9
2.0,9.0,-27.47,153.03,26.0,28.9
2.0,15.0,-27.47,153.03,26.0,30.9
2.0,3.0,-27.47,153.03,26.0,22.5
2.0,12.0,-27.47,153.03,26.0,34.0
2.0,9.0,-27.47,153.03,26.0,28.2
2.0,15.0,-27.47,153.03,26.0,31.2
2.0,3.0,-27.47,153.03,26.0,21.6
2.0,12.0,-27.47,153.03,26.0,31.7
2.0,9.0,-27.47,153.03,26.0,25.8
2.0,15.0,-27.47,153.03,26.0,31.1
2.0,3.0,-27.47,153.03,26.0,22.1
2.0,12.0,-27.47,153.03,26.0,32.0
2.0,9.0,-27.47,153.03,26.0,28.6
2.0,15.0,-27.47,153.03,26.0,30.1
2.0,3.0,-27.47,153.03,26.0,22.5
2.0,12.0,-27.47,153.03,26.0,30.3
2.0,9.0,-27.47,153.03,26.0,26.6
2.0,15.0,-27.47,153.03,26.0,28.8
2.0,3.0,-27.47,153.03,26.0,21.0
2.0,12.0,-27.47,153.03,26.0,31.0
2.0,9.0,-27.47,153.03,26.0,27.1
2.0,15.0,-27.47,153.03,26.0,29.3
2.0,3.0,-27.47,153.03,26.0,19.9
2.0,12.0,-27.47,153.03,26.0,32.0
2.0,9.0,-27.47,153.03,26.0,27.5
2.0,15.0,-27.47,153.03,26.0,30.2
2.0,3.0,-27.47,153.03,26.0,20.1
2.0,12.0,-27.47,153.03,26.0,31.9
2.0,9.0,-27.47,153.03,26.0,27.3
2.0,15.0,-27.47,153.03,26.0,30.1
2.0,3.0,-27.47,153.03,26.0,21.1
2.0,12.0,-27.47,153.03,26.0,31.6
2.0,9.0,-27.47,153.03,26.0,27.2
2.0,15.0,-27.47,153.03,26.0,27.9
2.0,3.0,-27.47,153.03,26.0,21.0
2.0,12.0,-27.47,153.03,26.0,29.1
2.0,9.0,-27.47,153.03,26.0,24.9
2.0,15.0,-27.47,153.03,26.0,27.9
2.0,3.0,-27.47,153.03,26.0,19.6
2.0,12.0,-27.47,153.03,26.0,31.1
2.0,9.0,-27.47,153.03,26.0,25.1
2.0,15.0,-27.47,153.03,26.0,29.8
