8.0,3.0,-27.47,153.03,26.0,9.1
8.0,12.0,-27.47,153.03,26.0,25.6
8.0,9.0,-27.47,153.03,26.0,14.2
8.0,15.0,-27.47,153.03,26.0,24.9
8.0,3.0,-27.47,153.03,26.0,12.6
8.0,12.0,-27.47,153.03,26.0,23.8
8.0,9.0,-27.47,153.03,26.0,16.6
8.0,15.0,-27.47,153.03,26.0,22.3
8.0,3.0,-27.47,153.03,26.0,13.8
8.0,12.0,-27.47,153.03,26.0,19.3
8.0,9.0,-27.47,153.03,26.0,16.2
8.0,15.0,-27.47,153.03,26.0,17.4
8.0,3.0,-27.47,153.03,26.0,11.7
8.0,12.0,-27.47,153.03,26.0,20.8
8.0,9.0,-27.47,153.03,26.0,17.5
8.0,15.0,-27.47,153.03,26.0,18.8
8.0,3.0,-27.47,153.03,26.0,11.6
8.0,12.0,-27.47,153.03,26.0,20.9
8.0,9.0,-27.47,153.03,26.0,16.7
8.0,15.0,-27.47,153.03,26.0,20.4
8.0,3.0,-27.47,153.03,26.0,10.9
8.0,12.0,-27.47,153.03,26.0,22.4
8.0,9.0,-27.47,153.03,26.0,15.3
8.0,15.0,-27.47,153.03,26.0,22.0
8.0,3.0,-27.47,153.03,26.0,10.8
8.0,12.0,-27.47,153.03,26.0,22.4
8.0,9.0,-27.47,153.03,26.0,14.4
8.0,15.0,-27.47,153.03,26.0,20.4
8.0,3.0,-27.47,153.03,26.0,12.6
8.0,12.0,-27.47,153.03,26.0,22.8
8.0,9.0,-27.47,153.03,26.0,16.8
8.0,15.0,-27.47,153.03,26.0,20.4
8.0,3.0,-27.47,153.03,26.0,10.1
8.0,12.0,-27.47,153.03,26.0,23.3
8.0,9.0,-27.47,153.03,26.0,15.9
8.0,15.0,-27.47,153.03,26.0,21.8
8.0,3.0,-27.47,153.03,26.0,11.2
8.0,12.0,-27.47,153.03,26.0,24.4
8.0,9.0,-27.47,153.03,26.0,16.5
8.0,15.0,-27.47,153.03,26.0,22.6
8.0,3.0,-27.47,153.03,26.0,11.8
8.0,12.0,-27.47,153.03,26.0,26.4
8.0,9.0,-27.47,153.03,26.0,20.1
8.0,15.0,-27.47,153.03,26.0,24.7
8.0,3.0,-27.47,153.03,26.0,13.4
8.0,12.0,-27.47,153.03,26.0,22.7
8.0,9.0,-27.47,153.03,26.0,17.4
8.0,15.0,-27.47,153.03,26.0,22.1
8.0,3.0,-27.47,153.03,26.0,11.6
8.0,12.0,-27.47,153.03,26.0,23.7
8.0,9.0,-27.47,153.03,26.0,16.5
8.0,15.0,-27.47,153.03,26.0,23.0
8.0,3.0,-27.47,153.03,26.0,10.0
8.0,12.0,-27.47,153.03,26.0,23.6
8.0,9.0,-27.47,153.03,26.0,16.0
8.0,15.0,-27.47,153.03,26.0,22.5
8.0,3.0,-27.47,153.03,26.0,12.0
8.0,12.0,-27.47,153.03,26.0,22.7
8.0,9.0,-27.47,153.03,26.0,14.7
8.0,15.0,-27.47,153.03,26.0,21.0
8.0,3.0,-27.47,153.03,26.0,11.5
8.0,12.0,-27.47,153.03,26.0,22.9
8.0,9.0,-27.47,153.03,26.0,17.5
8.0,15.0,-27.47,153.03,26.0,21.3
8.0,3.0,-27.47,153.03,26.0,10.7
8.0,12.0,-27.47,153.03,26.0,22.7
8.0,9.0,-27.47,153.03,26.0,15.3
8.0,15.0,-27.47,153.03,26.0,22.4
8.0,3.0,-27.47,153.03,26.0,11.8
8.0,12.0,-27.47,153.03,26.0,21.4
8.0,9.0,-27.47,153.03,26.0,13.9
8.0,15.0,-27.47,153.03,26.0,20.5
8.0,3.0,-27.47,153.03,26.0,11.4
8.0,12.0,-27.47,153.03,26.0,23.3
8.0,9.0,-27.47,153.03,26.0,16.5
8.0,15.0,-27.47,153.03,26.0,22.1
8.0,3.0,-27.47,153.03,26.0,12.5
8.0,12.0,-27.47,153.03,26.0,25.3
8.0,9.0,-27.47,153.03,26.0,20.6
8.0,15.0,-27.47,153.03,26.0,22.1
8.0,3.0,-27.47,153.03,26.0,9.1
8.0,12.0,-27.47,153.03,26.0,22.9
8.0,9.0,-27.47,153.03,26.0,15.3
8.0,15.0,-27.47,153.03,26.0,21.0
8.0,3.0,-27.47,153.03,26.0,11.4
8.0,12.0,-27.47,153.03,26.0,24.5
8.0,9.0,-27.47,153.03,26.0,16.6
8.0,15.0,-27.47,153.03,26.0,22.4
8.0,3.0,-27.47,153.03,26.0,16.6
8.0,12.0,-27.47,153.03,26.0,26.3
8.0,9.0,-27.47,153.03,26.0,22.7
8.0,15.0,-27.47,153.03,26.0,24.6
8.0,3.0,-27.47,153.03,26.0,19.4
8.0,12.0,-27.47,153.03,26.0,21.8
8.0,9.0,-27.47,153.03,26.0,21.1
8.0,15.0,-27.47,153.03,26.0,17.1
8.0,3.0,-27.47,153.03,26.0,14.2
8.0,12.0,-27.47,153.03,26.0,20.8
8.0,9.0,-27.47,153.03,26.0,15.9
8.0,15.0,-27.47,153.03,26.0,20.3
8.0,3.0,-27.47,153.03,26.0,9.1
8.0,12.0,-27.47,153.03,26.0,21.0
8.0,9.0,-27.47,153.03,26.0,15.5
8.0,15.0,-27.47,153.03,26.0,19.6
8.0,3.0,-27.47,153.03,26.0,10.2
8.0,12.0,-27.47,153.03,26.0,21.8
8.0,9.0,-27.47,153.03,26.0,15.8
8.0,15.0,-27.47,153.03,26.0,21.0
8.0,3.0,-27.47,153.03,26.0,9.6
8.0,12.0,-27.47,153.03,26.0,23.7
8.0,9.0,-27.47,153.03,26.0,16.6
8.0,15.0,-27.47,153.03,26.0,23.2
8.0,3.0,-27.47,153.03,26.0,11.0
8.0,12.0,-27.47,153.03,26.0,23.7
8.0,9.0,-27.47,153.03,26.0,17.4
8.0,15.0,-27.47,153.03,26.0,22.3
8.0,3.0,-27.47,153.03,26.0,12.5
8.0,12.0,-27.47,153.03,26.0,23.3
8.0,9.0,-27.47,153.03,26.0,19.7
8.0,15.0,-27.47,153.03,26.0,22.2
8.0,3.0,-27.47,153.03,26.0,11.9
8.0,12.0,-27.47,153.03,26.0,23.7
8.0,9.0,-27.47,153.03,26.0,18.3
8.0,15.0,-27.47,153.03,26.0,21.4
