2.0,9.0,-31.94,115.96,10.0,1018.1
2.0,15.0,-31.94,115.96,10.0,1015.8
2.0,9.0,-31.94,115.96,10.0,1017.5
2.0,15.0,-31.94,115.96,10.0,1012.2
2.0,9.0,-31.94,115.96,10.0,1009.0
2.0,15.0,-31.94,115.96,10.0,1006.5
2.0,9.0,-31.94,115.96,10.0,1009.2
2.0,15.0,-31.94,115.96,10.0,1007.3
2.0,9.0,-31.94,115.96,10.0,1012.2
2.0,15.0,-31.94,115.96,10.0,1008.8
2.0,9.0,-31.94,115.96,10.0,1010.7
2.0,15.0,-31.94,115.96,10.0,1005.8
2.0,9.0,-31.94,115.96,10.0,1004.3
2.0,15.0,-31.94,115.96,10.0,1004.0
2.0,9.0,-31.94,115.96,10.0,1012.7
2.0,15.0,-31.94,115.96,10.0,1009.9
2.0,9.0,-31.94,115.96,10.0,1012.4
2.0,15.0,-31.94,115.96,10.0,1008.8
2.0,9.0,-31.94,115.96,10.0,1007.5
2.0,15.0,-31.94,115.96,10.0,1007.4
2.0,9.0,-31.94,115.96,10.0,1009.4
2.0,15.0,-31.94,115.96,10.0,1010.9
2.0,9.0,-31.94,115.96,10.0,1015.3
2.0,15.0,-31.94,115.96,10.0,1014.1
2.0,9.0,-31.94,115.96,10.0,1013.6
2.0,15.0,-31.94,115.96,10.0,1010.5
2.0,9.0,-31.94,115.96,10.0,1012.2
2.0,15.0,-31.94,115.96,10.0,1012.1
2.0,9.0,-31.94,115.96,10.0,1015.2
2.0,15.0,-31.94,115.96,10.0,1011.9
2.0,9.0,-31.94,115.96,10.0,1015.0
2.0,15.0,-31.94,115.96,10.0,1012.1
2.0,9.0,-31.94,115.96,10.0,1018.7
2.0,15.0,-31.94,115.96,10.0,1015.8
2.0,9.0,-31.94,115.96,10.0,1019.5
2.0,15.0,-31.94,115.96,10.0,1015.8
2.0,9.0,-31.94,115.96,10.0,1014.4
2.0,15.0,-31.94,115.96,10.0,1011.3
2.0,9.0,-31.94,115.96,10.0,1013.3
2.0,15.0,-31.94,115.96,10.0,1010.5
2.0,9.0,-31.94,115.96,10.0,1014.2
2.0,15.0,-31.94,115.96,10.0,1015.3
2.0,9.0,-31.94,115.96,10.0,1021.9
2.0,15.0,-31.94,115.96,10.0,1019.4
2.0,9.0,-31.94,115.96,10.0,1021.8
2.0,15.0,-31.94,115.96,10.0,1018.5
2.0,9.0,-31.94,115.96,10.0,1020.6
2.0,15.0,-31.94,115.96,10.0,1016.7
2.0,9.0,-31.94,115.96,10.0,1015.7
2.0,15.0,-31.94,115.96,10.0,1011.3
2.0,9.0,-31.94,115.96,10.0,1011.7
2.0,15.0,-31.94,115.96,10.0,1011.4
2.0,9.0,-31.94,115.96,10.0,1015.2
2.0,15.0,-31.94,115.96,10.0,1013.2
2.0,9.0,-31.94,115.96,10.0,1014.9
2.0,15.0,-31.94,115.96,10.0,1012.0
