9.0,9.0,-31.94,115.96,10.0,1026.5
9.0,15.0,-31.94,115.96,10.0,1023.4
9.0,9.0,-31.94,115.96,10.0,1023.3
9.0,15.0,-31.94,115.96,10.0,1020.6
9.0,9.0,-31.94,115.96,10.0,1025.5
9.0,15.0,-31.94,115.96,10.0,1021.7
9.0,9.0,-31.94,115.96,10.0,1021.3
9.0,15.0,-31.94,115.96,10.0,1016.6
9.0,9.0,-31.94,115.96,10.0,1018.3
9.0,15.0,-31.94,115.96,10.0,1015.1
9.0,9.0,-31.94,115.96,10.0,1013.4
9.0,15.0,-31.94,115.96,10.0,1009.2
9.0,9.0,-31.94,115.96,10.0,1012.4
9.0,15.0,-31.94,115.96,10.0,1013.9
9.0,9.0,-31.94,115.96,10.0,1024.3
9.0,15.0,-31.94,115.96,10.0,1023.4
9.0,9.0,-31.94,115.96,10.0,1025.1
9.0,15.0,-31.94,115.96,10.0,1021.5
9.0,9.0,-31.94,115.96,10.0,1021.3
9.0,15.0,-31.94,115.96,10.0,1018.8
9.0,9.0,-31.94,115.96,10.0,1024.3
9.0,15.0,-31.94,115.96,10.0,1023.1
9.0,9.0,-31.94,115.96,10.0,1028.7
9.0,15.0,-31.94,115.96,10.0,1025.0
9.0,9.0,-31.94,115.96,10.0,1028.4
9.0,15.0,-31.94,115.96,10.0,1025.2
9.0,9.0,-31.94,115.96,10.0,1027.4
9.0,15.0,-31.94,115.96,10.0,1022.7
9.0,9.0,-31.94,115.96,10.0,1017.4
9.0,15.0,-31.94,115.96,10.0,1012.8
9.0,9.0,-31.94,115.96,10.0,1021.3
9.0,15.0,-31.94,115.96,10.0,1020.8
9.0,9.0,-31.94,115.96,10.0,1026.7
9.0,15.0,-31.94,115.96,10.0,1023.6
9.0,9.0,-31.94,115.96,10.0,1018.1
9.0,15.0,-31.94,115.96,10.0,1013.4
9.0,9.0,-31.94,115.96,10.0,1017.3
9.0,15.0,-31.94,115.96,10.0,1017.3
9.0,9.0,-31.94,115.96,10.0,1022.1
9.0,15.0,-31.94,115.96,10.0,1019.2
9.0,9.0,-31.94,115.96,10.0,1019.4
9.0,15.0,-31.94,115.96,10.0,1015.2
9.0,9.0,-31.94,115.96,10.0,1011.6
9.0,15.0,-31.94,115.96,10.0,1011.4
9.0,9.0,-31.94,115.96,10.0,1015.7
9.0,15.0,-31.94,115.96,10.0,1015.3
9.0,9.0,-31.94,115.96,10.0,1018.4
9.0,15.0,-31.94,115.96,10.0,1014.4
9.0,9.0,-31.94,115.96,10.0,1018.0
9.0,15.0,-31.94,115.96,10.0,1017.4
9.0,9.0,-31.94,115.96,10.0,1021.3
9.0,15.0,-31.94,115.96,10.0,1018.7
9.0,9.0,-31.94,115.96,10.0,1013.6
9.0,15.0,-31.94,115.96,10.0,1011.0
9.0,9.0,-31.94,115.96,10.0,1024.1
9.0,15.0,-31.94,115.96,10.0,1022.1
9.0,9.0,-31.94,115.96,10.0,1021.8
9.0,15.0,-31.94,115.96,10.0,1015.5
9.0,9.0,-31.94,115.96,10.0,1008.9
9.0,15.0,-31.94,115.96,10.0,1006.9
