8.0,9.0,-31.94,115.96,10.0,1032.3
8.0,15.0,-31.94,115.96,10.0,1029.1
8.0,9.0,-31.94,115.96,10.0,1026.4
8.0,15.0,-31.94,115.96,10.0,1021.4
8.0,9.0,-31.94,115.96,10.0,1016.4
8.0,15.0,-31.94,115.96,10.0,1015.3
8.0,9.0,-31.94,115.96,10.0,1016.7
8.0,15.0,-31.94,115.96,10.0,1015.3
8.0,9.0,-31.94,115.96,10.0,1020.0
8.0,15.0,-31.94,115.96,10.0,1017.4
8.0,9.0,-31.94,115.96,10.0,1013.4
8.0,15.0,-31.94,115.96,10.0,1009.1
8.0,9.0,-31.94,115.96,10.0,1013.4
8.0,15.0,-31.94,115.96,10.0,1013.1
8.0,9.0,-31.94,115.96,10.0,1015.2
8.0,15.0,-31.94,115.96,10.0,1015.7
8.0,9.0,-31.94,115.96,10.0,1021.6
8.0,15.0,-31.94,115.96,10.0,1020.2
8.0,9.0,-31.94,115.96,10.0,1024.7
8.0,15.0,-31.94,115.96,10.0,1022.2
8.0,9.0,-31.94,115.96,10.0,1020.2
8.0,15.0,-31.94,115.96,10.0,1017.2
8.0,9.0,-31.94,115.96,10.0,1026.6
8.0,15.0,-31.94,115.96,10.0,1024.7
8.0,9.0,-31.94,115.96,10.0,1027.6
8.0,15.0,-31.94,115.96,10.0,1023.8
8.0,9.0,-31.94,115.96,10.0,1020.0
8.0,15.0,-31.94,115.96,10.0,1013.8
8.0,9.0,-31.94,115.96,10.0,1013.0
8.0,15.0,-31.94,115.96,10.0,1012.9
8.0,9.0,-31.94,115.96,10.0,1018.7
8.0,15.0,-31.94,115.96,10.0,1015.4
8.0,9.0,-31.94,115.96,10.0,1003.1
8.0,15.0,-31.94,115.96,10.0,1003.1
8.0,9.0,-31.94,115.96,10.0,1021.8
8.0,15.0,-31.94,115.96,10.0,1021.6
8.0,9.0,-31.94,115.96,10.0,1024.8
8.0,15.0,-31.94,115.96,10.0,1022.1
8.0,9.0,-31.94,115.96,10.0,1021.3
8.0,15.0,-31.94,115.96,10.0,1019.1
8.0,9.0,-31.94,115.96,10.0,1019.4
8.0,15.0,-31.94,115.96,10.0,1015.0
8.0,9.0,-31.94,115.96,10.0,1022.3
8.0,15.0,-31.94,115.96,10.0,1020.8
8.0,9.0,-31.94,115.96,10.0,1025.3
8.0,15.0,-31.94,115.96,10.0,1022.4
8.0,9.0,-31.94,115.96,10.0,1026.6
8.0,15.0,-31.94,115.96,10.0,1023.5
8.0,9.0,-31.94,115.96,10.0,1025.3
8.0,15.0,-31.94,115.96,10.0,1019.6
8.0,9.0,-31.94,115.96,10.0,1013.3
8.0,15.0,-31.94,115.96,10.0,1007.7
8.0,9.0,-31.94,115.96,10.0,1003.3
8.0,15.0,-31.94,115.96,10.0,1003.5
8.0,9.0,-31.94,115.96,10.0,1011.3
8.0,15.0,-31.94,115.96,10.0,1010.6
8.0,9.0,-31.94,115.96,10.0,1016.7
8.0,15.0,-31.94,115.96,10.0,1015.2
8.0,9.0,-31.94,115.96,10.0,1018.3
8.0,15.0,-31.94,115.96,10.0,1015.2
8.0,9.0,-31.94,115.96,10.0,1012.9
8.0,15.0,-31.94,115.96,10.0,1014.1
