11.0,9.0,-31.94,115.96,10.0,1020.4
11.0,15.0,-31.94,115.96,10.0,1014.8
11.0,9.0,-31.94,115.96,10.0,1014.6
11.0,15.0,-31.94,115.96,10.0,1010.5
11.0,9.0,-31.94,115.96,10.0,1016.7
11.0,15.0,-31.94,115.96,10.0,1016.4
11.0,9.0,-31.94,115.96,10.0,1022.1
11.0,15.0,-31.94,115.96,10.0,1018.2
11.0,9.0,-31.94,115.96,10.0,1017.9
11.0,15.0,-31.94,115.96,10.0,1012.4
11.0,9.0,-31.94,115.96,10.0,1014.0
11.0,15.0,-31.94,115.96,10.0,1014.8
11.0,9.0,-31.94,115.96,10.0,1019.5
11.0,15.0,-31.94,115.96,10.0,1016.3
11.0,9.0,-31.94,115.96,10.0,1014.2
11.0,15.0,-31.94,115.96,10.0,1010.1
11.0,9.0,-31.94,115.96,10.0,1011.5
11.0,15.0,-31.94,115.96,10.0,1010.1
11.0,9.0,-31.94,115.96,10.0,1011.7
11.0,15.0,-31.94,115.96,10.0,1009.2
11.0,9.0,-31.94,115.96,10.0,1016.1
11.0,15.0,-31.94,115.96,10.0,1016.2
11.0,9.0,-31.94,115.96,10.0,1022.1
11.0,15.0,-31.94,115.96,10.0,1019.9
11.0,9.0,-31.94,115.96,10.0,1023.0
11.0,15.0,-31.94,115.96,10.0,1017.6
11.0,9.0,-31.94,115.96,10.0,1014.2
11.0,15.0,-31.94,115.96,10.0,1008.6
11.0,9.0,-31.94,115.96,10.0,1005.6
11.0,15.0,-31.94,115.96,10.0,1004.6
11.0,9.0,-31.94,115.96,10.0,1004.6
11.0,15.0,-31.94,115.96,10.0,1007.7
11.0,9.0,-31.94,115.96,10.0,1022.8
11.0,15.0,-31.94,115.96,10.0,1020.8
11.0,9.0,-31.94,115.96,10.0,1020.1
11.0,15.0,-31.94,115.96,10.0,1015.4
11.0,9.0,-31.94,115.96,10.0,1013.5
11.0,15.0,-31.94,115.96,10.0,1011.8
11.0,9.0,-31.94,115.96,10.0,1016.3
11.0,15.0,-31.94,115.96,10.0,1015.2
11.0,9.0,-31.94,115.96,10.0,1020.8
11.0,15.0,-31.94,115.96,10.0,1018.0
11.0,9.0,-31.94,115.96,10.0,1019.6
11.0,15.0,-31.94,115.96,10.0,1015.6
11.0,9.0,-31.94,115.96,10.0,1018.5
11.0,15.0,-31.94,115.96,10.0,1015.5
11.0,9.0,-31.94,115.96,10.0,1018.7
11.0,15.0,-31.94,115.96,10.0,1015.1
11.0,9.0,-31.94,115.96,10.0,1017.4
11.0,15.0,-31.94,115.96,10.0,1013.5
11.0,9.0,-31.94,115.96,10.0,1014.0
11.0,15.0,-31.94,115.96,10.0,1010.2
11.0,9.0,-31.94,115.96,10.0,1013.2
11.0,15.0,-31.94,115.96,10.0,1012.9
11.0,9.0,-31.94,115.96,10.0,1015.4
11.0,15.0,-31.94,115.96,10.0,1013.3
11.0,9.0,-31.94,115.96,10.0,1017.1
11.0,15.0,-31.94,115.96,10.0,1013.2
11.0,9.0,-31.94,115.96,10.0,1014.4
11.0,15.0,-31.94,115.96,10.0,1012.7
