12.0,9.0,-31.94,115.96,10.0,1016.4
12.0,15.0,-31.94,115.96,10.0,1013.5
12.0,9.0,-31.94,115.96,10.0,1012.6
12.0,15.0,-31.94,115.96,10.0,1008.8
12.0,9.0,-31.94,115.96,10.0,1009.1
12.0,15.0,-31.94,115.96,10.0,1008.7
12.0,9.0,-31.94,115.96,10.0,1015.3
12.0,15.0,-31.94,115.96,10.0,1012.6
12.0,9.0,-31.94,115.96,10.0,1015.2
12.0,15.0,-31.94,115.96,10.0,1013.7
12.0,9.0,-31.94,115.96,10.0,1016.8
12.0,15.0,-31.94,115.96,10.0,1013.8
12.0,9.0,-31.94,115.96,10.0,1016.4
12.0,15.0,-31.94,115.96,10.0,1015.3
12.0,9.0,-31.94,115.96,10.0,1020.1
12.0,15.0,-31.94,115.96,10.0,1015.2
12.0,9.0,-31.94,115.96,10.0,1014.6
12.0,15.0,-31.94,115.96,10.0,1011.4
12.0,9.0,-31.94,115.96,10.0,1010.7
12.0,15.0,-31.94,115.96,10.0,1009.7
12.0,9.0,-31.94,115.96,10.0,1011.5
12.0,15.0,-31.94,115.96,10.0,1007.3
12.0,9.0,-31.94,115.96,10.0,1010.1
12.0,15.0,-31.94,115.96,10.0,1011.1
12.0,9.0,-31.94,115.96,10.0,1020.5
12.0,15.0,-31.94,115.96,10.0,1017.7
12.0,9.0,-31.94,115.96,10.0,1021.4
12.0,15.0,-31.94,115.96,10.0,1016.4
12.0,9.0,-31.94,115.96,10.0,1012.1
12.0,15.0,-31.94,115.96,10.0,1009.5
12.0,9.0,-31.94,115.96,10.0,1013.9
12.0,15.0,-31.94,115.96,10.0,1010.7
12.0,9.0,-31.94,115.96,10.0,1014.2
12.0,15.0,-31.94,115.96,10.0,1010.1
12.0,9.0,-31.94,115.96,10.0,1012.8
12.0,15.0,-31.94,115.96,10.0,1012.3
12.0,9.0,-31.94,115.96,10.0,1016.6
12.0,15.0,-31.94,115.96,10.0,1013.5
12.0,9.0,-31.94,115.96,10.0,1015.2
12.0,15.0,-31.94,115.96,10.0,1010.2
12.0,9.0,-31.94,115.96,10.0,1008.0
12.0,15.0,-31.94,115.96,10.0,1001.9
12.0,9.0,-31.94,115.96,10.0,1009.9
12.0,15.0,-31.94,115.96,10.0,1008.0
12.0,9.0,-31.94,115.96,10.0,1009.1
12.0,15.0,-31.94,115.96,10.0,1005.2
12.0,9.0,-31.94,115.96,10.0,1007.0
12.0,15.0,-31.94,115.96,10.0,1004.2
12.0,9.0,-31.94,115.96,10.0,1011.2
12.0,15.0,-31.94,115.96,10.0,1007.4
12.0,9.0,-31.94,115.96,10.0,1006.6
12.0,15.0,-31.94,115.96,10.0,1003.6
12.0,9.0,-31.94,115.96,10.0,1005.9
12.0,15.0,-31.94,115.96,10.0,1006.7
12.0,9.0,-31.94,115.96,10.0,1012.1
12.0,15.0,-31.94,115.96,10.0,1010.6
12.0,9.0,-31.94,115.96,10.0,1013.7
12.0,15.0,-31.94,115.96,10.0,1010.1
12.0,9.0,-31.94,115.96,10.0,1009.0
12.0,15.0,-31.94,115.96,10.0,1007.9
12.0,9.0,-31.94,115.96,10.0,1016.1
12.0,15.0,-31.94,115.96,10.0,1012.9
