5.0,9.0,-31.94,115.96,10.0,1026.0
5.0,15.0,-31.94,115.96,10.0,1023.3
5.0,9.0,-31.94,115.96,10.0,1025.8
5.0,15.0,-31.94,115.96,10.0,1021.4
5.0,9.0,-31.94,115.96,10.0,1020.6
5.0,15.0,-31.94,115.96,10.0,1017.4
5.0,9.0,-31.94,115.96,10.0,1018.5
5.0,15.0,-31.94,115.96,10.0,1017.1
5.0,9.0,-31.94,115.96,10.0,1022.1
5.0,15.0,-31.94,115.96,10.0,1021.7
5.0,9.0,-31.94,115.96,10.0,1027.5
5.0,15.0,-31.94,115.96,10.0,1024.4
5.0,9.0,-31.94,115.96,10.0,1023.9
5.0,15.0,-31.94,115.96,10.0,1020.0
5.0,9.0,-31.94,115.96,10.0,1020.7
5.0,15.0,-31.94,115.96,10.0,1016.9
5.0,9.0,-31.94,115.96,10.0,1019.8
5.0,15.0,-31.94,115.96,10.0,1019.5
5.0,9.0,-31.94,115.96,10.0,1023.3
5.0,15.0,-31.94,115.96,10.0,1020.6
5.0,9.0,-31.94,115.96,10.0,1023.2
5.0,15.0,-31.94,115.96,10.0,1019.7
5.0,9.0,-31.94,115.96,10.0,1022.1
5.0,15.0,-31.94,115.96,10.0,1018.5
5.0,9.0,-31.94,115.96,10.0,1020.4
5.0,15.0,-31.94,115.96,10.0,1018.6
5.0,9.0,-31.94,115.96,10.0,1013.2
5.0,15.0,-31.94,115.96,10.0,1009.1
5.0,9.0,-31.94,115.96,10.0,1008.3
5.0,15.0,-31.94,115.96,10.0,1008.3
5.0,9.0,-31.94,115.96,10.0,1015.4
5.0,15.0,-31.94,115.96,10.0,1015.4
5.0,9.0,-31.94,115.96,10.0,1021.8
5.0,15.0,-31.94,115.96,10.0,1019.8
5.0,9.0,-31.94,115.96,10.0,1019.3
5.0,15.0,-31.94,115.96,10.0,1016.6
5.0,9.0,-31.94,115.96,10.0,1014.4
5.0,15.0,-31.94,115.96,10.0,1011.3
5.0,9.0,-31.94,115.96,10.0,1015.0
5.0,15.0,-31.94,115.96,10.0,1011.7
5.0,9.0,-31.94,115.96,10.0,1006.6
5.0,15.0,-31.94,115.96,10.0,1009.3
5.0,9.0,-31.94,115.96,10.0,1019.9
5.0,15.0,-31.94,115.96,10.0,1019.7
5.0,9.0,-31.94,115.96,10.0,1023.3
5.0,15.0,-31.94,115.96,10.0,1021.2
5.0,9.0,-31.94,115.96,10.0,1022.7
5.0,15.0,-31.94,115.96,10.0,1020.3
5.0,9.0,-31.94,115.96,10.0,1022.3
5.0,15.0,-31.94,115.96,10.0,1018.8
5.0,9.0,-31.94,115.96,10.0,1021.2
5.0,15.0,-31.94,115.96,10.0,1020.3
5.0,9.0,-31.94,115.96,10.0,1026.3
5.0,15.0,-31.94,115.96,10.0,1024.3
5.0,9.0,-31.94,115.96,10.0,1027.6
5.0,15.0,-31.94,115.96,10.0,1024.2
5.0,9.0,-31.94,115.96,10.0,1026.3
5.0,15.0,-31.94,115.96,10.0,1022.6
5.0,9.0,-31.94,115.96,10.0,1023.0
5.0,15.0,-31.94,115.96,10.0,1020.2
5.0,9.0,-31.94,115.96,10.0,1022.0
5.0,15.0,-31.94,115.96,10.0,1019.7
