7.0,9.0,-31.94,115.96,10.0,1013.1
7.0,15.0,-31.94,115.96,10.0,1013.1
7.0,9.0,-31.94,115.96,10.0,1022.2
7.0,15.0,-31.94,115.96,10.0,1020.9
7.0,9.0,-31.94,115.96,10.0,1022.7
7.0,15.0,-31.94,115.96,10.0,1020.1
7.0,9.0,-31.94,115.96,10.0,1024.5
7.0,15.0,-31.94,115.96,10.0,1022.1
7.0,9.0,-31.94,115.96,10.0,1016.8
7.0,15.0,-31.94,115.96,10.0,1018.9
7.0,9.0,-31.94,115.96,10.0,1024.3
7.0,15.0,-31.94,115.96,10.0,1022.2
7.0,9.0,-31.94,115.96,10.0,1018.2
7.0,15.0,-31.94,115.96,10.0,1018.3
7.0,9.0,-31.94,115.96,10.0,1027.0
7.0,15.0,-31.94,115.96,10.0,1024.9
7.0,9.0,-31.94,115.96,10.0,1027.7
7.0,15.0,-31.94,115.96,10.0,1023.4
7.0,9.0,-31.94,115.96,10.0,1020.3
7.0,15.0,-31.94,115.96,10.0,1016.3
7.0,9.0,-31.94,115.96,10.0,1011.2
7.0,15.0,-31.94,115.96,10.0,1009.9
7.0,9.0,-31.94,115.96,10.0,1017.3
7.0,15.0,-31.94,115.96,10.0,1017.9
7.0,9.0,-31.94,115.96,10.0,1024.5
7.0,15.0,-31.94,115.96,10.0,1024.2
7.0,9.0,-31.94,115.96,10.0,1025.5
7.0,15.0,-31.94,115.96,10.0,1022.4
7.0,9.0,-31.94,115.96,10.0,1018.6
7.0,15.0,-31.94,115.96,10.0,1016.1
7.0,9.0,-31.94,115.96,10.0,1019.3
7.0,15.0,-31.94,115.96,10.0,1018.3
7.0,9.0,-31.94,115.96,10.0,1022.9
7.0,15.0,-31.94,115.96,10.0,1020.0
7.0,9.0,-31.94,115.96,10.0,1018.9
7.0,15.0,-31.94,115.96,10.0,1014.0
7.0,9.0,-31.94,115.96,10.0,1016.2
7.0,15.0,-31.94,115.96,10.0,1013.0
7.0,9.0,-31.94,115.96,10.0,1011.5
7.0,15.0,-31.94,115.96,10.0,1010.8
7.0,9.0,-31.94,115.96,10.0,1014.8
7.0,15.0,-31.94,115.96,10.0,1013.5
7.0,9.0,-31.94,115.96,10.0,1018.9
7.0,15.0,-31.94,115.96,10.0,1017.4
7.0,9.0,-31.94,115.96,10.0,1017.3
7.0,15.0,-31.94,115.96,10.0,1015.7
7.0,9.0,-31.94,115.96,10.0,1020.0
7.0,15.0,-31.94,115.96,10.0,1018.1
7.0,9.0,-31.94,115.96,10.0,1021.6
7.0,15.0,-31.94,115.96,10.0,1019.0
7.0,9.0,-31.94,115.96,10.0,1017.5
7.0,15.0,-31.94,115.96,10.0,1017.8
7.0,9.0,-31.94,115.96,10.0,1016.9
7.0,15.0,-31.94,115.96,10.0,1011.9
7.0,9.0,-31.94,115.96,10.0,1009.2
7.0,15.0,-31.94,115.96,10.0,1009.4
7.0,9.0,-31.94,115.96,10.0,1017.8
7.0,15.0,-31.94,115.96,10.0,1017.9
7.0,9.0,-31.94,115.96,10.0,1024.7
7.0,15.0,-31.94,115.96,10.0,1022.8
7.0,9.0,-31.94,115.96,10.0,1014.9
7.0,15.0,-31.94,115.96,10.0,1013.1
