3.0,9.0,-31.94,115.96,10.0,1013.8
3.0,15.0,-31.94,115.96,10.0,1010.7
3.0,9.0,-31.94,115.96,10.0,1015.8
3.0,15.0,-31.94,115.96,10.0,1015.5
3.0,9.0,-31.94,115.96,10.0,1016.0
3.0,15.0,-31.94,115.96,10.0,1012.9
3.0,9.0,-31.94,115.96,10.0,1015.7
3.0,15.0,-31.94,115.96,10.0,1012.7
3.0,9.0,-31.94,115.96,10.0,1015.8
3.0,15.0,-31.94,115.96,10.0,1011.9
3.0,9.0,-31.94,115.96,10.0,1013.4
3.0,15.0,-31.94,115.96,10.0,1010.4
3.0,9.0,-31.94,115.96,10.0,1013.1
3.0,15.0,-31.94,115.96,10.0,1009.0
3.0,9.0,-31.94,115.96,10.0,1010.9
3.0,15.0,-31.94,115.96,10.0,1008.1
3.0,9.0,-31.94,115.96,10.0,1013.0
3.0,15.0,-31.94,115.96,10.0,1009.2
3.0,9.0,-31.94,115.96,10.0,1013.6
3.0,15.0,-31.94,115.96,10.0,1011.2
3.0,9.0,-31.94,115.96,10.0,1016.9
3.0,15.0,-31.94,115.96,10.0,1013.4
3.0,9.0,-31.94,115.96,10.0,1011.6
3.0,15.0,-31.94,115.96,10.0,1008.6
3.0,9.0,-31.94,115.96,10.0,1007.4
3.0,15.0,-31.94,115.96,10.0,1008.6
3.0,9.0,-31.94,115.96,10.0,1011.1
3.0,15.0,-31.94,115.96,10.0,1010.1
3.0,9.0,-31.94,115.96,10.0,1019.2
3.0,15.0,-31.94,115.96,10.0,1017.6
3.0,9.0,-31.94,115.96,10.0,1018.3
3.0,15.0,-31.94,115.96,10.0,1013.3
3.0,9.0,-31.94,115.96,10.0,1011.3
3.0,15.0,-31.94,115.96,10.0,1010.8
3.0,9.0,-31.94,115.96,10.0,1017.1
3.0,15.0,-31.94,115.96,10.0,1018.3
3.0,9.0,-31.94,115.96,10.0,1024.5
3.0,15.0,-31.94,115.96,10.0,1020.3
3.0,9.0,-31.94,115.96,10.0,1020.2
3.0,15.0,-31.94,115.96,10.0,1014.3
3.0,9.0,-31.94,115.96,10.0,1009.8
3.0,15.0,-31.94,115.96,10.0,1005.1
3.0,9.0,-31.94,115.96,10.0,1007.9
3.0,15.0,-31.94,115.96,10.0,1008.0
3.0,9.0,-31.94,115.96,10.0,1013.6
3.0,15.0,-31.94,115.96,10.0,1012.3
3.0,9.0,-31.94,115.96,10.0,1016.5
3.0,15.0,-31.94,115.96,10.0,1012.3
3.0,9.0,-31.94,115.96,10.0,1012.4
3.0,15.0,-31.94,115.96,10.0,1008.5
3.0,9.0,-31.94,115.96,10.0,1013.3
3.0,15.0,-31.94,115.96,10.0,1015.8
3.0,9.0,-31.94,115.96,10.0,1023.8
3.0,15.0,-31.94,115.96,10.0,1019.6
3.0,9.0,-31.94,115.96,10.0,1019.6
3.0,15.0,-31.94,115.96,10.0,1017.4
3.0,9.0,-31.94,115.96,10.0,1025.1
3.0,15.0,-31.94,115.96,10.0,1021.7
3.0,9.0,-31.94,115.96,10.0,1023.4
3.0,15.0,-31.94,115.96,10.0,1020.0
3.0,9.0,-31.94,115.96,10.0,1023.0
3.0,15.0,-31.94,115.96,10.0,1020.5
