4.0,9.0,-31.94,115.96,10.0,1024.0
4.0,15.0,-31.94,115.96,10.0,1020.3
4.0,9.0,-31.94,115.96,10.0,1021.7
4.0,15.0,-31.94,115.96,10.0,1018.6
4.0,9.0,-31.94,115.96,10.0,1022.7
4.0,15.0,-31.94,115.96,10.0,1020.5
4.0,9.0,-31.94,115.96,10.0,1024.9
4.0,15.0,-31.94,115.96,10.0,1020.1
4.0,9.0,-31.94,115.96,10.0,1018.2
4.0,15.0,-31.94,115.96,10.0,1013.3
4.0,9.0,-31.94,115.96,10.0,1013.1
4.0,15.0,-31.94,115.96,10.0,1011.3
4.0,9.0,-31.94,115.96,10.0,1023.7
4.0,15.0,-31.94,115.96,10.0,1021.6
4.0,9.0,-31.94,115.96,10.0,1027.6
4.0,15.0,-31.94,115.96,10.0,1024.3
4.0,9.0,-31.94,115.96,10.0,1027.6
4.0,15.0,-31.94,115.96,10.0,1023.1
4.0,9.0,-31.94,115.96,10.0,1022.7
4.0,15.0,-31.94,115.96,10.0,1018.4
4.0,9.0,-31.94,115.96,10.0,1016.7
4.0,15.0,-31.94,115.96,10.0,1015.6
4.0,9.0,-31.94,115.96,10.0,1021.6
4.0,15.0,-31.94,115.96,10.0,1019.7
4.0,9.0,-31.94,115.96,10.0,1024.3
4.0,15.0,-31.94,115.96,10.0,1019.9
4.0,9.0,-31.94,115.96,10.0,1019.4
4.0,15.0,-31.94,115.96,10.0,1015.2
4.0,9.0,-31.94,115.96,10.0,1015.8
4.0,15.0,-31.94,115.96,10.0,1011.5
4.0,9.0,-31.94,115.96,10.0,1014.8
4.0,15.0,-31.94,115.96,10.0,1011.3
4.0,9.0,-31.94,115.96,10.0,1015.3
4.0,15.0,-31.94,115.96,10.0,1013.2
4.0,9.0,-31.94,115.96,10.0,1012.8
4.0,15.0,-31.94,115.96,10.0,1010.0
4.0,9.0,-31.94,115.96,10.0,1018.5
4.0,15.0,-31.94,115.96,10.0,1017.3
4.0,9.0,-31.94,115.96,10.0,1021.7
4.0,15.0,-31.94,115.96,10.0,1017.9
4.0,9.0,-31.94,115.96,10.0,1020.2
4.0,15.0,-31.94,115.96,10.0,1016.9
4.0,9.0,-31.94,115.96,10.0,1019.8
4.0,15.0,-31.94,115.96,10.0,1017.0
4.0,9.0,-31.94,115.96,10.0,1020.7
4.0,15.0,-31.94,115.96,10.0,1017.0
4.0,9.0,-31.94,115.96,10.0,1022.4
4.0,15.0,-31.94,115.96,10.0,1019.0
4.0,9.0,-31.94,115.96,10.0,1026.8
4.0,15.0,-31.94,115.96,10.0,1023.4
4.0,9.0,-31.94,115.96,10.0,1027.7
4.0,15.0,-31.94,115.96,10.0,1024.0
4.0,9.0,-31.94,115.96,10.0,1027.1
4.0,15.0,-31.94,115.96,10.0,1023.2
4.0,9.0,-31.94,115.96,10.0,1026.3
4.0,15.0,-31.94,115.96,10.0,1022.8
4.0,9.0,-31.94,115.96,10.0,1024.2
4.0,15.0,-31.94,115.96,10.0,1020.5
4.0,9.0,-31.94,115.96,10.0,1023.0
4.0,15.0,-31.94,115.96,10.0,1020.4
