10.0,9.0,-31.94,115.96,10.0,1004.4
10.0,15.0,-31.94,115.96,10.0,1006.8
10.0,9.0,-31.94,115.96,10.0,1016.6
10.0,15.0,-31.94,115.96,10.0,1017.9
10.0,9.0,-31.94,115.96,10.0,1020.0
10.0,15.0,-31.94,115.96,10.0,1019.2
10.0,9.0,-31.94,115.96,10.0,1018.9
10.0,15.0,-31.94,115.96,10.0,1016.0
10.0,9.0,-31.94,115.96,10.0,1014.0
10.0,15.0,-31.94,115.96,10.0,1009.7
10.0,9.0,-31.94,115.96,10.0,1010.9
10.0,15.0,-31.94,115.96,10.0,1010.5
10.0,9.0,-31.94,115.96,10.0,1012.9
10.0,15.0,-31.94,115.96,10.0,1009.6
10.0,9.0,-31.94,115.96,10.0,1008.5
10.0,15.0,-31.94,115.96,10.0,1008.8
10.0,9.0,-31.94,115.96,10.0,1021.6
10.0,15.0,-31.94,115.96,10.0,1022.3
10.0,9.0,-31.94,115.96,10.0,1029.6
10.0,15.0,-31.94,115.96,10.0,1026.1
10.0,9.0,-31.94,115.96,10.0,1026.3
10.0,15.0,-31.94,115.96,10.0,1021.5
10.0,9.0,-31.94,115.96,10.0,1017.0
10.0,15.0,-31.94,115.96,10.0,1011.4
10.0,9.0,-31.94,115.96,10.0,1011.9
10.0,15.0,-31.94,115.96,10.0,1010.6
10.0,9.0,-31.94,115.96,10.0,1012.3
10.0,15.0,-31.94,115.96,10.0,1010.9
10.0,9.0,-31.94,115.96,10.0,1016.7
10.0,15.0,-31.94,115.96,10.0,1018.7
10.0,9.0,-31.94,115.96,10.0,1026.7
10.0,15.0,-31.94,115.96,10.0,1024.0
10.0,9.0,-31.94,115.96,10.0,1025.7
10.0,15.0,-31.94,115.96,10.0,1022.5
10.0,9.0,-31.94,115.96,10.0,1024.0
10.0,15.0,-31.94,115.96,10.0,1019.5
10.0,9.0,-31.94,115.96,10.0,1017.5
10.0,15.0,-31.94,115.96,10.0,1013.7
10.0,9.0,-31.94,115.96,10.0,1019.7
10.0,15.0,-31.94,115.96,10.0,1019.5
10.0,9.0,-31.94,115.96,10.0,1028.2
10.0,15.0,-31.94,115.96,10.0,1023.8
10.0,9.0,-31.94,115.96,10.0,1023.3
10.0,15.0,-31.94,115.96,10.0,1016.9
10.0,9.0,-31.94,115.96,10.0,1012.0
10.0,15.0,-31.94,115.96,10.0,1009.7
10.0,9.0,-31.94,115.96,10.0,1013.4
10.0,15.0,-31.94,115.96,10.0,1011.7
10.0,9.0,-31.94,115.96,10.0,1016.8
10.0,15.0,-31.94,115.96,10.0,1016.1
10.0,9.0,-31.94,115.96,10.0,1020.7
10.0,15.0,-31.94,115.96,10.0,1018.4
10.0,9.0,-31.94,115.96,10.0,1021.0
10.0,15.0,-31.94,115.96,10.0,1017.9
10.0,9.0,-31.94,115.96,10.0,1015.3
10.0,15.0,-31.94,115.96,10.0,1012.0
10.0,9.0,-31.94,115.96,10.0,1013.1
10.0,15.0,-31.94,115.96,10.0,1014.4
10.0,9.0,-31.94,115.96,10.0,1023.7
10.0,15.0,-31.94,115.96,10.0,1020.0
10.0,9.0,-31.94,115.96,10.0,1021.8
10.0,15.0,-31.94,115.96,10.0,1018.5
