6.0,9.0,-31.94,115.96,10.0,1022.1
6.0,15.0,-31.94,115.96,10.0,1021.4
6.0,9.0,-31.94,115.96,10.0,1025.0
6.0,15.0,-31.94,115.96,10.0,1023.1
6.0,9.0,-31.94,115.96,10.0,1027.8
6.0,15.0,-31.94,115.96,10.0,1025.3
6.0,9.0,-31.94,115.96,10.0,1029.6
6.0,15.0,-31.94,115.96,10.0,1025.8
6.0,9.0,-31.94,115.96,10.0,1027.4
6.0,15.0,-31.94,115.96,10.0,1023.6
6.0,9.0,-31.94,115.96,10.0,1024.3
6.0,15.0,-31.94,115.96,10.0,1020.7
6.0,9.0,-31.94,115.96,10.0,1026.8
6.0,15.0,-31.94,115.96,10.0,1025.4
6.0,9.0,-31.94,115.96,10.0,1030.7
6.0,15.0,-31.94,115.96,10.0,1027.2
6.0,9.0,-31.94,115.96,10.0,1029.8
6.0,15.0,-31.94,115.96,10.0,1026.3
6.0,9.0,-31.94,115.96,10.0,1026.9
6.0,15.0,-31.94,115.96,10.0,1023.8
6.0,9.0,-31.94,115.96,10.0,1023.9
6.0,15.0,-31.94,115.96,10.0,1021.2
6.0,9.0,-31.94,115.96,10.0,1021.6
6.0,15.0,-31.94,115.96,10.0,1018.5
6.0,9.0,-31.94,115.96,10.0,1016.8
6.0,15.0,-31.94,115.96,10.0,1014.5
6.0,9.0,-31.94,115.96,10.0,1019.9
6.0,15.0,-31.94,115.96,10.0,1018.6
6.0,9.0,-31.94,115.96,10.0,1024.6
6.0,15.0,-31.94,115.96,10.0,1023.6
6.0,9.0,-31.94,115.96,10.0,1027.4
6.0,15.0,-31.94,115.96,10.0,1024.6
6.0,9.0,-31.94,115.96,10.0,1029.2
6.0,15.0,-31.94,115.96,10.0,1026.1
6.0,9.0,-31.94,115.96,10.0,1027.0
6.0,15.0,-31.94,115.96,10.0,1022.8
6.0,9.0,-31.94,115.96,10.0,1023.1
6.0,15.0,-31.94,115.96,10.0,1020.2
6.0,9.0,-31.94,115.96,10.0,1019.4
6.0,15.0,-31.94,115.96,10.0,1015.9
6.0,9.0,-31.94,115.96,10.0,1017.2
6.0,15.0,-31.94,115.96,10.0,1013.8
6.0,9.0,-31.94,115.96,10.0,1005.6
6.0,15.0,-31.94,115.96,10.0,1008.7
6.0,9.0,-31.94,115.96,10.0,1019.1
6.0,15.0,-31.94,115.96,10.0,1019.5
6.0,9.0,-31.94,115.96,10.0,1025.8
6.0,15.0,-31.94,115.96,10.0,1023.5
6.0,9.0,-31.94,115.96,10.0,1028.5
6.0,15.0,-31.94,115.96,10.0,1026.0
6.0,9.0,-31.94,115.96,10.0,1028.6
6.0,15.0,-31.94,115.96,10.0,1025.9
6.0,9.0,-31.94,115.96,10.0,1029.3
6.0,15.0,-31.94,115.96,10.0,1027.3
6.0,9.0,-31.94,115.96,10.0,1033.6
6.0,15.0,-31.94,115.96,10.0,1030.5
6.0,9.0,-31.94,115.96,10.0,1031.2
6.0,15.0,-31.94,115.96,10.0,1026.1
6.0,9.0,-31.94,115.96,10.0,1018.4
6.0,15.0,-31.94,115.96,10.0,1014.3
