1.0,9.0,-31.94,115.96,10.0,1017.4
1.0,15.0,-31.94,115.96,10.0,1012.6
1.0,9.0,-31.94,115.96,10.0,1013.8
1.0,15.0,-31.94,115.96,10.0,1010.0
1.0,9.0,-31.94,115.96,10.0,1010.8
1.0,15.0,-31.94,115.96,10.0,1007.3
1.0,9.0,-31.94,115.96,10.0,1007.8
1.0,15.0,-31.94,115.96,10.0,1005.3
1.0,9.0,-31.94,115.96,10.0,1007.6
1.0,15.0,-31.94,115.96,10.0,1007.5
1.0,9.0,-31.94,115.96,10.0,1011.7
1.0,15.0,-31.94,115.96,10.0,1009.5
1.0,9.0,-31.94,115.96,10.0,1012.4
1.0,15.0,-31.94,115.96,10.0,1009.5
1.0,9.0,-31.94,115.96,10.0,1011.7
1.0,15.0,-31.94,115.96,10.0,1008.9
1.0,9.0,-31.94,115.96,10.0,1012.1
1.0,15.0,-31.94,115.96,10.0,1007.5
1.0,9.0,-31.94,115.96,10.0,1010.5
1.0,15.0,-31.94,115.96,10.0,1007.9
1.0,9.0,-31.94,115.96,10.0,1006.0
1.0,15.0,-31.94,115.96,10.0,1003.2
1.0,9.0,-31.94,115.96,10.0,1008.1
1.0,15.0,-31.94,115.96,10.0,1008.5
1.0,9.0,-31.94,115.96,10.0,1015.7
1.0,15.0,-31.94,115.96,10.0,1012.1
1.0,9.0,-31.94,115.96,10.0,1013.2
1.0,15.0,-31.94,115.96,10.0,1009.4
1.0,9.0,-31.94,115.96,10.0,1008.4
1.0,15.0,-31.94,115.96,10.0,1005.7
1.0,9.0,-31.94,115.96,10.0,1010.3
1.0,15.0,-31.94,115.96,10.0,1008.8
1.0,9.0,-31.94,115.96,10.0,1014.6
1.0,15.0,-31.94,115.96,10.0,1010.9
1.0,9.0,-31.94,115.96,10.0,1011.2
1.0,15.0,-31.94,115.96,10.0,1006.2
1.0,9.0,-31.94,115.96,10.0,1011.9
1.0,15.0,-31.94,115.96,10.0,1010.7
1.0,9.0,-31.94,115.96,10.0,1012.3
1.0,15.0,-31.94,115.96,10.0,1009.5
1.0,9.0,-31.94,115.96,10.0,1008.9
1.0,15.0,-31.94,115.96,10.0,1005.0
1.0,9.0,-31.94,115.96,10.0,1010.1
1.0,15.0,-31.94,115.96,10.0,1010.5
1.0,9.0,-31.94,115.96,10.0,1016.7
1.0,15.0,-31.94,115.96,10.0,1015.2
1.0,9.0,-31.94,115.96,10.0,1018.1
1.0,15.0,-31.94,115.96,10.0,1014.3
1.0,9.0,-31.94,115.96,10.0,1016.9
1.0,15.0,-31.94,115.96,10.0,1012.8
1.0,9.0,-31.94,115.96,10.0,1013.0
1.0,15.0,-31.94,115.96,10.0,1009.0
1.0,9.0,-31.94,115.96,10.0,1009.9
1.0,15.0,-31.94,115.96,10.0,1007.4
1.0,9.0,-31.94,115.96,10.0,1008.8
1.0,15.0,-31.94,115.96,10.0,1004.2
1.0,9.0,-31.94,115.96,10.0,1011.2
1.0,15.0,-31.94,115.96,10.0,1010.3
1.0,9.0,-31.94,115.96,10.0,1017.3
1.0,15.0,-31.94,115.96,10.0,1014.3
1.0,9.0,-31.94,115.96,10.0,1014.7
1.0,15.0,-31.94,115.96,10.0,1011.7
