6.0,9.0,-42.88,147.32,21.0,75.0
6.0,15.0,-42.88,147.32,21.0,54.0
6.0,9.0,-42.88,147.32,21.0,78.0
6.0,15.0,-42.88,147.32,21.0,54.0
6.0,9.0,-42.88,147.32,21.0,73.0
6.0,15.0,-42.88,147.32,21.0,57.0
6.0,9.0,-42.88,147.32,21.0,73.0
6.0,15.0,-42.88,147.32,21.0,65.0
6.0,9.0,-42.88,147.32,21.0,82.0
6.0,15.0,-42.88,147.32,21.0,56.0
6.0,9.0,-42.88,147.32,21.0,64.0
6.0,15.0,-42.88,147.32,21.0,52.0
6.0,9.0,-42.88,147.32,21.0,80.0
6.0,15.0,-42.88,147.32,21.0,52.0
6.0,9.0,-42.88,147.32,21.0,69.0
6.0,15.0,-42.88,147.32,21.0,58.0
6.0,9.0,-42.88,147.32,21.0,73.0
6.0,15.0,-42.88,147.32,21.0,59.0
6.0,9.0,-42.88,147.32,21.0,82.0
6.0,15.0,-42.88,147.32,21.0,55.0
6.0,9.0,-42.88,147.32,21.0,65.0
6.0,15.0,-42.88,147.32,21.0,52.0
6.0,9.0,-42.88,147.32,21.0,61.0
6.0,15.0,-42.88,147.32,21.0,55.0
6.0,9.0,-42.88,147.32,21.0,76.0
6.0,15.0,-42.88,147.32,21.0,59.0
6.0,9.0,-42.88,147.32,21.0,79.0
6.0,15.0,-42.88,147.32,21.0,56.0
6.0,9.0,-42.88,147.32,21.0,71.0
6.0,15.0,-42.88,147.32,21.0,54.0
6.0,9.0,-42.88,147.32,21.0,78.0
6.0,15.0,-42.88,147.32,21.0,48.0
6.0,9.0,-42.88,147.32,21.0,77.0
6.0,15.0,-42.88,147.32,21.0,48.0
6.0,9.0,-42.88,147.32,21.0,47.0
6.0,15.0,-42.88,147.32,21.0,43.0
6.0,9.0,-42.88,147.32,21.0,60.0
6.0,15.0,-42.88,147.32,21.0,43.0
6.0,9.0,-42.88,147.32,21.0,57.0
6.0,15.0,-42.88,147.32,21.0,41.0
6.0,9.0,-42.88,147.32,21.0,61.0
6.0,15.0,-42.88,147.32,21.0,42.0
6.0,9.0,-42.88,147.32,21.0,84.0
6.0,15.0,-42.88,147.32,21.0,48.0
6.0,9.0,-42.88,147.32,21.0,67.0
6.0,15.0,-42.88,147.32,21.0,64.0
6.0,9.0,-42.88,147.32,21.0,63.0
6.0,15.0,-42.88,147.32,21.0,52.0
6.0,9.0,-42.88,147.32,21.0,75.0
6.0,15.0,-42.88,147.32,21.0,67.0
6.0,9.0,-42.88,147.32,21.0,77.0
6.0,15.0,-42.88,147.32,21.0,60.0
6.0,9.0,-42.88,147.32,21.0,83.0
6.0,15.0,-42.88,147.32,21.0,54.0
6.0,9.0,-42.88,147.32,21.0,78.0
6.0,15.0,-42.88,147.32,21.0,51.0
6.0,9.0,-42.88,147.32,21.0,76.0
6.0,15.0,-42.88,147.32,21.0,65.0
6.0,9.0,-42.88,147.32,21.0,53.0
6.0,15.0,-42.88,147.32,21.0,51.0
