4.0,9.0,-42.88,147.32,21.0,48.0
4.0,15.0,-42.88,147.32,21.0,34.0
4.0,9.0,-42.88,147.32,21.0,54.0
4.0,15.0,-42.88,147.32,21.0,47.0
4.0,9.0,-42.88,147.32,21.0,65.0
4.0,15.0,-42.88,147.32,21.0,41.0
4.0,9.0,-42.88,147.32,21.0,67.0
4.0,15.0,-42.88,147.32,21.0,45.0
4.0,9.0,-42.88,147.32,21.0,64.0
4.0,15.0,-42.88,147.32,21.0,30.0
4.0,9.0,-42.88,147.32,21.0,46.0
4.0,15.0,-42.88,147.32,21.0,33.0
4.0,9.0,-42.88,147.32,21.0,63.0
4.0,15.0,-42.88,147.32,21.0,24.0
4.0,9.0,-42.88,147.32,21.0,56.0
4.0,15.0,-42.88,147.32,21.0,34.0
4.0,9.0,-42.88,147.32,21.0,79.0
4.0,15.0,-42.88,147.32,21.0,89.0
4.0,9.0,-42.88,147.32,21.0,61.0
4.0,15.0,-42.88,147.32,21.0,44.0
4.0,9.0,-42.88,147.32,21.0,94.0
4.0,15.0,-42.88,147.32,21.0,79.0
4.0,9.0,-42.88,147.32,21.0,72.0
4.0,15.0,-42.88,147.32,21.0,48.0
4.0,9.0,-42.88,147.32,21.0,72.0
4.0,15.0,-42.88,147.32,21.0,46.0
4.0,9.0,-42.88,147.32,21.0,44.0
4.0,15.0,-42.88,147.32,21.0,42.0
4.0,9.0,-42.88,147.32,21.0,63.0
4.0,15.0,-42.88,147.32,21.0,40.0
4.0,9.0,-42.88,147.32,21.0,56.0
4.0,15.0,-42.88,147.32,21.0,53.0
4.0,9.0,-42.88,147.32,21.0,62.0
4.0,15.0,-42.88,147.32,21.0,32.0
4.0,9.0,-42.88,147.32,21.0,65.0
4.0,15.0,-42.88,147.32,21.0,40.0
4.0,9.0,-42.88,147.32,21.0,68.0
4.0,15.0,-42.88,147.32,21.0,35.0
4.0,9.0,-42.88,147.32,21.0,67.0
4.0,15.0,-42.88,147.32,21.0,48.0
4.0,9.0,-42.88,147.32,21.0,59.0
4.0,15.0,-42.88,147.32,21.0,46.0
4.0,9.0,-42.88,147.32,21.0,68.0
4.0,15.0,-42.88,147.32,21.0,90.0
4.0,9.0,-42.88,147.32,21.0,87.0
4.0,15.0,-42.88,147.32,21.0,73.0
4.0,9.0,-42.88,147.32,21.0,93.0
4.0,15.0,-42.88,147.32,21.0,73.0
4.0,9.0,-42.88,147.32,21.0,87.0
4.0,15.0,-42.88,147.32,21.0,75.0
4.0,9.0,-42.88,147.32,21.0,57.0
4.0,15.0,-42.88,147.32,21.0,58.0
4.0,9.0,-42.88,147.32,21.0,70.0
4.0,15.0,-42.88,147.32,21.0,52.0
4.0,9.0,-42.88,147.32,21.0,61.0
4.0,15.0,-42.88,147.32,21.0,34.0
4.0,9.0,-42.88,147.32,21.0,50.0
4.0,15.0,-42.88,147.32,21.0,49.0
4.0,9.0,-42.88,147.32,21.0,74.0
4.0,15.0,-42.88,147.32,21.0,43.0
