8.0,9.0,-42.88,147.32,21.0,67.0
8.0,15.0,-42.88,147.32,21.0,64.0
8.0,9.0,-42.88,147.32,21.0,60.0
8.0,15.0,-42.88,147.32,21.0,48.0
8.0,9.0,-42.88,147.32,21.0,68.0
8.0,15.0,-42.88,147.32,21.0,70.0
8.0,9.0,-42.88,147.32,21.0,91.0
8.0,15.0,-42.88,147.32,21.0,62.0
8.0,9.0,-42.88,147.32,21.0,81.0
8.0,15.0,-42.88,147.32,21.0,52.0
8.0,9.0,-42.88,147.32,21.0,75.0
8.0,15.0,-42.88,147.32,21.0,46.0
8.0,9.0,-42.88,147.32,21.0,80.0
8.0,15.0,-42.88,147.32,21.0,48.0
8.0,9.0,-42.88,147.32,21.0,75.0
8.0,15.0,-42.88,147.32,21.0,51.0
8.0,9.0,-42.88,147.32,21.0,75.0
8.0,15.0,-42.88,147.32,21.0,35.0
8.0,9.0,-42.88,147.32,21.0,57.0
8.0,15.0,-42.88,147.32,21.0,35.0
8.0,9.0,-42.88,147.32,21.0,71.0
8.0,15.0,-42.88,147.32,21.0,53.0
8.0,9.0,-42.88,147.32,21.0,61.0
8.0,15.0,-42.88,147.32,21.0,39.0
8.0,9.0,-42.88,147.32,21.0,68.0
8.0,15.0,-42.88,147.32,21.0,61.0
8.0,9.0,-42.88,147.32,21.0,51.0
8.0,15.0,-42.88,147.32,21.0,43.0
8.0,9.0,-42.88,147.32,21.0,63.0
8.0,15.0,-42.88,147.32,21.0,54.0
8.0,9.0,-42.88,147.32,21.0,49.0
8.0,15.0,-42.88,147.32,21.0,34.0
8.0,9.0,-42.88,147.32,21.0,77.0
8.0,15.0,-42.88,147.32,21.0,64.0
8.0,9.0,-42.88,147.32,21.0,76.0
8.0,15.0,-42.88,147.32,21.0,53.0
8.0,9.0,-42.88,147.32,21.0,45.0
8.0,15.0,-42.88,147.32,21.0,60.0
8.0,9.0,-42.88,147.32,21.0,66.0
8.0,15.0,-42.88,147.32,21.0,55.0
8.0,9.0,-42.88,147.32,21.0,53.0
8.0,15.0,-42.88,147.32,21.0,47.0
8.0,9.0,-42.88,147.32,21.0,55.0
8.0,15.0,-42.88,147.32,21.0,33.0
8.0,9.0,-42.88,147.32,21.0,59.0
8.0,15.0,-42.88,147.32,21.0,46.0
8.0,9.0,-42.88,147.32,21.0,65.0
8.0,15.0,-42.88,147.32,21.0,44.0
8.0,9.0,-42.88,147.32,21.0,68.0
8.0,15.0,-42.88,147.32,21.0,74.0
8.0,9.0,-42.88,147.32,21.0,57.0
8.0,15.0,-42.88,147.32,21.0,44.0
8.0,9.0,-42.88,147.32,21.0,54.0
8.0,15.0,-42.88,147.32,21.0,45.0
8.0,9.0,-42.88,147.32,21.0,43.0
8.0,15.0,-42.88,147.32,21.0,38.0
8.0,9.0,-42.88,147.32,21.0,61.0
8.0,15.0,-42.88,147.32,21.0,51.0
8.0,9.0,-42.88,147.32,21.0,71.0
8.0,15.0,-42.88,147.32,21.0,59.0
8.0,9.0,-42.88,147.32,21.0,78.0
8.0,15.0,-42.88,147.32,21.0,54.0
