10.0,9.0,-42.88,147.32,21.0,92.0
10.0,15.0,-42.88,147.32,21.0,56.0
10.0,9.0,-42.88,147.32,21.0,55.0
10.0,15.0,-42.88,147.32,21.0,47.0
10.0,9.0,-42.88,147.32,21.0,78.0
10.0,15.0,-42.88,147.32,21.0,38.0
10.0,9.0,-42.88,147.32,21.0,48.0
10.0,15.0,-42.88,147.32,21.0,51.0
10.0,9.0,-42.88,147.32,21.0,65.0
10.0,15.0,-42.88,147.32,21.0,84.0
10.0,9.0,-42.88,147.32,21.0,47.0
10.0,15.0,-42.88,147.32,21.0,44.0
10.0,9.0,-42.88,147.32,21.0,53.0
10.0,15.0,-42.88,147.32,21.0,26.0
10.0,9.0,-42.88,147.32,21.0,50.0
10.0,15.0,-42.88,147.32,21.0,32.0
10.0,9.0,-42.88,147.32,21.0,47.0
10.0,15.0,-42.88,147.32,21.0,44.0
10.0,9.0,-42.88,147.32,21.0,79.0
10.0,15.0,-42.88,147.32,21.0,45.0
10.0,9.0,-42.88,147.32,21.0,39.0
10.0,15.0,-42.88,147.32,21.0,46.0
10.0,9.0,-42.88,147.32,21.0,66.0
10.0,15.0,-42.88,147.32,21.0,58.0
10.0,9.0,-42.88,147.32,21.0,57.0
10.0,15.0,-42.88,147.32,21.0,41.0
10.0,9.0,-42.88,147.32,21.0,60.0
10.0,15.0,-42.88,147.32,21.0,46.0
10.0,9.0,-42.88,147.32,21.0,44.0
10.0,15.0,-42.88,147.32,21.0,22.0
10.0,9.0,-42.88,147.32,21.0,78.0
10.0,15.0,-42.88,147.32,21.0,91.0
10.0,9.0,-42.88,147.32,21.0,60.0
10.0,15.0,-42.88,147.32,21.0,35.0
10.0,9.0,-42.88,147.32,21.0,69.0
10.0,15.0,-42.88,147.32,21.0,42.0
10.0,9.0,-42.88,147.32,21.0,57.0
10.0,15.0,-42.88,147.32,21.0,42.0
10.0,9.0,-42.88,147.32,21.0,55.0
10.0,15.0,-42.88,147.32,21.0,34.0
10.0,9.0,-42.88,147.32,21.0,66.0
10.0,15.0,-42.88,147.32,21.0,45.0
10.0,9.0,-42.88,147.32,21.0,73.0
10.0,15.0,-42.88,147.32,21.0,57.0
10.0,9.0,-42.88,147.32,21.0,61.0
10.0,15.0,-42.88,147.32,21.0,57.0
10.0,9.0,-42.88,147.32,21.0,57.0
10.0,15.0,-42.88,147.32,21.0,65.0
10.0,9.0,-42.88,147.32,21.0,51.0
10.0,15.0,-42.88,147.32,21.0,34.0
10.0,9.0,-42.88,147.32,21.0,45.0
10.0,15.0,-42.88,147.32,21.0,31.0
10.0,9.0,-42.88,147.32,21.0,47.0
10.0,15.0,-42.88,147.32,21.0,49.0
10.0,9.0,-42.88,147.32,21.0,63.0
10.0,15.0,-42.88,147.32,21.0,42.0
10.0,9.0,-42.88,147.32,21.0,55.0
10.0,15.0,-42.88,147.32,21.0,48.0
10.0,9.0,-42.88,147.32,21.0,68.0
10.0,15.0,-42.88,147.32,21.0,27.0
10.0,9.0,-42.88,147.32,21.0,53.0
10.0,15.0,-42.88,147.32,21.0,97.0
