7.0,9.0,-42.88,147.32,21.0,83.0
7.0,15.0,-42.88,147.32,21.0,48.0
7.0,9.0,-42.88,147.32,21.0,82.0
7.0,15.0,-42.88,147.32,21.0,50.0
7.0,9.0,-42.88,147.32,21.0,90.0
7.0,15.0,-42.88,147.32,21.0,55.0
7.0,9.0,-42.88,147.32,21.0,87.0
7.0,15.0,-42.88,147.32,21.0,70.0
7.0,9.0,-42.88,147.32,21.0,77.0
7.0,15.0,-42.88,147.32,21.0,56.0
7.0,9.0,-42.88,147.32,21.0,63.0
7.0,15.0,-42.88,147.32,21.0,58.0
7.0,9.0,-42.88,147.32,21.0,81.0
7.0,15.0,-42.88,147.32,21.0,64.0
7.0,9.0,-42.88,147.32,21.0,94.0
7.0,15.0,-42.88,147.32,21.0,58.0
7.0,9.0,-42.88,147.32,21.0,85.0
7.0,15.0,-42.88,147.32,21.0,48.0
7.0,9.0,-42.88,147.32,21.0,77.0
7.0,15.0,-42.88,147.32,21.0,50.0
7.0,9.0,-42.88,147.32,21.0,80.0
7.0,15.0,-42.88,147.32,21.0,55.0
7.0,9.0,-42.88,147.32,21.0,83.0
7.0,15.0,-42.88,147.32,21.0,49.0
7.0,9.0,-42.88,147.32,21.0,80.0
7.0,15.0,-42.88,147.32,21.0,55.0
7.0,9.0,-42.88,147.32,21.0,79.0
7.0,15.0,-42.88,147.32,21.0,61.0
7.0,9.0,-42.88,147.32,21.0,66.0
7.0,15.0,-42.88,147.32,21.0,47.0
7.0,9.0,-42.88,147.32,21.0,78.0
7.0,15.0,-42.88,147.32,21.0,46.0
7.0,9.0,-42.88,147.32,21.0,59.0
7.0,15.0,-42.88,147.32,21.0,75.0
7.0,9.0,-42.88,147.32,21.0,91.0
7.0,15.0,-42.88,147.32,21.0,68.0
7.0,9.0,-42.88,147.32,21.0,88.0
7.0,15.0,-42.88,147.32,21.0,43.0
7.0,9.0,-42.88,147.32,21.0,64.0
7.0,15.0,-42.88,147.32,21.0,76.0
7.0,9.0,-42.88,147.32,21.0,84.0
7.0,15.0,-42.88,147.32,21.0,49.0
7.0,9.0,-42.88,147.32,21.0,67.0
7.0,15.0,-42.88,147.32,21.0,53.0
7.0,9.0,-42.88,147.32,21.0,73.0
7.0,15.0,-42.88,147.32,21.0,86.0
7.0,9.0,-42.88,147.32,21.0,52.0
7.0,15.0,-42.88,147.32,21.0,39.0
7.0,9.0,-42.88,147.32,21.0,91.0
7.0,15.0,-42.88,147.32,21.0,46.0
7.0,9.0,-42.88,147.32,21.0,73.0
7.0,15.0,-42.88,147.32,21.0,64.0
7.0,9.0,-42.88,147.32,21.0,76.0
7.0,15.0,-42.88,147.32,21.0,55.0
7.0,9.0,-42.88,147.32,21.0,65.0
7.0,15.0,-42.88,147.32,21.0,48.0
7.0,9.0,-42.88,147.32,21.0,63.0
7.0,15.0,-42.88,147.32,21.0,49.0
7.0,9.0,-42.88,147.32,21.0,59.0
7.0,15.0,-42.88,147.32,21.0,55.0
7.0,9.0,-42.88,147.32,21.0,74.0
7.0,15.0,-42.88,147.32,21.0,55.0
