11.0,9.0,-42.88,147.32,21.0,56.0
11.0,15.0,-42.88,147.32,21.0,28.0
11.0,9.0,-42.88,147.32,21.0,53.0
11.0,15.0,-42.88,147.32,21.0,60.0
11.0,9.0,-42.88,147.32,21.0,56.0
11.0,15.0,-42.88,147.32,21.0,48.0
11.0,9.0,-42.88,147.32,21.0,45.0
11.0,15.0,-42.88,147.32,21.0,23.0
11.0,9.0,-42.88,147.32,21.0,50.0
11.0,15.0,-42.88,147.32,21.0,52.0
11.0,9.0,-42.88,147.32,21.0,69.0
11.0,15.0,-42.88,147.32,21.0,64.0
11.0,9.0,-42.88,147.32,21.0,45.0
11.0,15.0,-42.88,147.32,21.0,46.0
11.0,9.0,-42.88,147.32,21.0,45.0
11.0,15.0,-42.88,147.32,21.0,26.0
11.0,9.0,-42.88,147.32,21.0,47.0
11.0,15.0,-42.88,147.32,21.0,43.0
11.0,9.0,-42.88,147.32,21.0,53.0
11.0,15.0,-42.88,147.32,21.0,60.0
11.0,9.0,-42.88,147.32,21.0,75.0
11.0,15.0,-42.88,147.32,21.0,60.0
11.0,9.0,-42.88,147.32,21.0,77.0
11.0,15.0,-42.88,147.32,21.0,72.0
11.0,9.0,-42.88,147.32,21.0,87.0
11.0,15.0,-42.88,147.32,21.0,91.0
11.0,9.0,-42.88,147.32,21.0,63.0
11.0,15.0,-42.88,147.32,21.0,69.0
11.0,9.0,-42.88,147.32,21.0,62.0
11.0,15.0,-42.88,147.32,21.0,50.0
11.0,9.0,-42.88,147.32,21.0,76.0
11.0,15.0,-42.88,147.32,21.0,67.0
11.0,9.0,-42.88,147.32,21.0,60.0
11.0,15.0,-42.88,147.32,21.0,18.0
11.0,9.0,-42.88,147.32,21.0,41.0
11.0,15.0,-42.88,147.32,21.0,26.0
11.0,9.0,-42.88,147.32,21.0,51.0
11.0,15.0,-42.88,147.32,21.0,35.0
11.0,9.0,-42.88,147.32,21.0,55.0
11.0,15.0,-42.88,147.32,21.0,38.0
11.0,9.0,-42.88,147.32,21.0,74.0
11.0,15.0,-42.88,147.32,21.0,51.0
11.0,9.0,-42.88,147.32,21.0,40.0
11.0,15.0,-42.88,147.32,21.0,48.0
11.0,9.0,-42.88,147.32,21.0,82.0
11.0,15.0,-42.88,147.32,21.0,69.0
11.0,9.0,-42.88,147.32,21.0,57.0
11.0,15.0,-42.88,147.32,21.0,54.0
11.0,9.0,-42.88,147.32,21.0,47.0
11.0,15.0,-42.88,147.32,21.0,39.0
11.0,9.0,-42.88,147.32,21.0,57.0
11.0,15.0,-42.88,147.32,21.0,49.0
11.0,9.0,-42.88,147.32,21.0,56.0
11.0,15.0,-42.88,147.32,21.0,55.0
11.0,9.0,-42.88,147.32,21.0,51.0
11.0,15.0,-42.88,147.32,21.0,59.0
11.0,9.0,-42.88,147.32,21.0,63.0
11.0,15.0,-42.88,147.32,21.0,65.0
11.0,9.0,-42.88,147.32,21.0,78.0
11.0,15.0,-42.88,147.32,21.0,59.0
