9.0,9.0,-42.88,147.32,21.0,79.0
9.0,15.0,-42.88,147.32,21.0,34.0
9.0,9.0,-42.88,147.32,21.0,79.0
9.0,15.0,-42.88,147.32,21.0,54.0
9.0,9.0,-42.88,147.32,21.0,81.0
9.0,15.0,-42.88,147.32,21.0,73.0
9.0,9.0,-42.88,147.32,21.0,59.0
9.0,15.0,-42.88,147.32,21.0,45.0
9.0,9.0,-42.88,147.32,21.0,55.0
9.0,15.0,-42.88,147.32,21.0,37.0
9.0,9.0,-42.88,147.32,21.0,50.0
9.0,15.0,-42.88,147.32,21.0,36.0
9.0,9.0,-42.88,147.32,21.0,66.0
9.0,15.0,-42.88,147.32,21.0,43.0
9.0,9.0,-42.88,147.32,21.0,58.0
9.0,15.0,-42.88,147.32,21.0,42.0
9.0,9.0,-42.88,147.32,21.0,78.0
9.0,15.0,-42.88,147.32,21.0,56.0
9.0,9.0,-42.88,147.32,21.0,86.0
9.0,15.0,-42.88,147.32,21.0,67.0
9.0,9.0,-42.88,147.32,21.0,59.0
9.0,15.0,-42.88,147.32,21.0,67.0
9.0,9.0,-42.88,147.32,21.0,56.0
9.0,15.0,-42.88,147.32,21.0,57.0
9.0,9.0,-42.88,147.32,21.0,66.0
9.0,15.0,-42.88,147.32,21.0,53.0
9.0,9.0,-42.88,147.32,21.0,66.0
9.0,15.0,-42.88,147.32,21.0,66.0
9.0,9.0,-42.88,147.32,21.0,93.0
9.0,15.0,-42.88,147.32,21.0,83.0
9.0,9.0,-42.88,147.32,21.0,48.0
9.0,15.0,-42.88,147.32,21.0,42.0
9.0,9.0,-42.88,147.32,21.0,55.0
9.0,15.0,-42.88,147.32,21.0,36.0
9.0,9.0,-42.88,147.32,21.0,99.0
9.0,15.0,-42.88,147.32,21.0,100.0
9.0,9.0,-42.88,147.32,21.0,99.0
9.0,15.0,-42.88,147.32,21.0,71.0
9.0,9.0,-42.88,147.32,21.0,73.0
9.0,15.0,-42.88,147.32,21.0,36.0
9.0,9.0,-42.88,147.32,21.0,73.0
9.0,15.0,-42.88,147.32,21.0,62.0
9.0,9.0,-42.88,147.32,21.0,70.0
9.0,15.0,-42.88,147.32,21.0,70.0
9.0,9.0,-42.88,147.32,21.0,69.0
9.0,15.0,-42.88,147.32,21.0,61.0
9.0,9.0,-42.88,147.32,21.0,61.0
9.0,15.0,-42.88,147.32,21.0,49.0
9.0,9.0,-42.88,147.32,21.0,54.0
9.0,15.0,-42.88,147.32,21.0,30.0
9.0,9.0,-42.88,147.32,21.0,56.0
9.0,15.0,-42.88,147.32,21.0,44.0
9.0,9.0,-42.88,147.32,21.0,70.0
9.0,15.0,-42.88,147.32,21.0,48.0
9.0,9.0,-42.88,147.32,21.0,46.0
9.0,15.0,-42.88,147.32,21.0,48.0
9.0,9.0,-42.88,147.32,21.0,81.0
9.0,15.0,-42.88,147.32,21.0,77.0
9.0,9.0,-42.88,147.32,21.0,93.0
9.0,15.0,-42.88,147.32,21.0,80.0
