1.0,9.0,-42.88,147.32,21.0,89.0
1.0,15.0,-42.88,147.32,21.0,90.0
1.0,9.0,-42.88,147.32,21.0,61.0
1.0,15.0,-42.88,147.32,21.0,67.0
1.0,9.0,-42.88,147.32,21.0,61.0
1.0,15.0,-42.88,147.32,21.0,73.0
1.0,9.0,-42.88,147.32,21.0,64.0
1.0,15.0,-42.88,147.32,21.0,60.0
1.0,9.0,-42.88,147.32,21.0,66.0
1.0,15.0,-42.88,147.32,21.0,66.0
1.0,9.0,-42.88,147.32,21.0,68.0
1.0,15.0,-42.88,147.32,21.0,64.0
1.0,9.0,-42.88,147.32,21.0,63.0
1.0,15.0,-42.88,147.32,21.0,50.0
1.0,9.0,-42.88,147.32,21.0,47.0
1.0,15.0,-42.88,147.32,21.0,25.0
1.0,9.0,-42.88,147.32,21.0,51.0
1.0,15.0,-42.88,147.32,21.0,59.0
1.0,9.0,-42.88,147.32,21.0,51.0
1.0,15.0,-42.88,147.32,21.0,39.0
1.0,9.0,-42.88,147.32,21.0,29.0
1.0,15.0,-42.88,147.32,21.0,31.0
1.0,9.0,-42.88,147.32,21.0,52.0
1.0,15.0,-42.88,147.32,21.0,39.0
1.0,9.0,-42.88,147.32,21.0,66.0
1.0,15.0,-42.88,147.32,21.0,45.0
1.0,9.0,-42.88,147.32,21.0,52.0
1.0,15.0,-42.88,147.32,21.0,43.0
1.0,9.0,-42.88,147.32,21.0,48.0
1.0,15.0,-42.88,147.32,21.0,40.0
1.0,9.0,-42.88,147.32,21.0,51.0
1.0,15.0,-42.88,147.32,21.0,42.0
1.0,9.0,-42.88,147.32,21.0,50.0
1.0,15.0,-42.88,147.32,21.0,51.0
1.0,9.0,-42.88,147.32,21.0,43.0
1.0,15.0,-42.88,147.32,21.0,35.0
1.0,9.0,-42.88,147.32,21.0,42.0
1.0,15.0,-42.88,147.32,21.0,43.0
1.0,9.0,-42.88,147.32,21.0,92.0
1.0,15.0,-42.88,147.32,21.0,91.0
1.0,9.0,-42.88,147.32,21.0,100.0
1.0,15.0,-42.88,147.32,21.0,97.0
1.0,9.0,-42.88,147.32,21.0,98.0
1.0,15.0,-42.88,147.32,21.0,98.0
1.0,9.0,-42.88,147.32,21.0,72.0
1.0,15.0,-42.88,147.32,21.0,48.0
1.0,9.0,-42.88,147.32,21.0,43.0
1.0,15.0,-42.88,147.32,21.0,27.0
1.0,9.0,-42.88,147.32,21.0,46.0
1.0,15.0,-42.88,147.32,21.0,38.0
1.0,9.0,-42.88,147.32,21.0,48.0
1.0,15.0,-42.88,147.32,21.0,41.0
1.0,9.0,-42.88,147.32,21.0,49.0
1.0,15.0,-42.88,147.32,21.0,31.0
1.0,9.0,-42.88,147.32,21.0,58.0
1.0,15.0,-42.88,147.32,21.0,37.0
1.0,9.0,-42.88,147.32,21.0,54.0
1.0,15.0,-42.88,147.32,21.0,49.0
1.0,9.0,-42.88,147.32,21.0,56.0
1.0,15.0,-42.88,147.32,21.0,47.0
1.0,9.0,-42.88,147.32,21.0,51.0
1.0,15.0,-42.88,147.32,21.0,23.0
