5.0,9.0,-42.88,147.32,21.0,65.0
5.0,15.0,-42.88,147.32,21.0,50.0
5.0,9.0,-42.88,147.32,21.0,64.0
5.0,15.0,-42.88,147.32,21.0,49.0
5.0,9.0,-42.88,147.32,21.0,68.0
5.0,15.0,-42.88,147.32,21.0,53.0
5.0,9.0,-42.88,147.32,21.0,70.0
5.0,15.0,-42.88,147.32,21.0,49.0
5.0,9.0,-42.88,147.32,21.0,80.0
5.0,15.0,-42.88,147.32,21.0,51.0
5.0,9.0,-42.88,147.32,21.0,68.0
5.0,15.0,-42.88,147.32,21.0,62.0
5.0,9.0,-42.88,147.32,21.0,65.0
5.0,15.0,-42.88,147.32,21.0,69.0
5.0,9.0,-42.88,147.32,21.0,65.0
5.0,15.0,-42.88,147.32,21.0,54.0
5.0,9.0,-42.88,147.32,21.0,77.0
5.0,15.0,-42.88,147.32,21.0,74.0
5.0,9.0,-42.88,147.32,21.0,87.0
5.0,15.0,-42.88,147.32,21.0,69.0
5.0,9.0,-42.88,147.32,21.0,76.0
5.0,15.0,-42.88,147.32,21.0,74.0
5.0,9.0,-42.88,147.32,21.0,78.0
5.0,15.0,-42.88,147.32,21.0,77.0
5.0,9.0,-42.88,147.32,21.0,95.0
5.0,15.0,-42.88,147.32,21.0,71.0
5.0,9.0,-42.88,147.32,21.0,84.0
5.0,15.0,-42.88,147.32,21.0,73.0
5.0,9.0,-42.88,147.32,21.0,93.0
5.0,15.0,-42.88,147.32,21.0,68.0
5.0,9.0,-42.88,147.32,21.0,75.0
5.0,15.0,-42.88,147.32,21.0,42.0
5.0,9.0,-42.88,147.32,21.0,77.0
5.0,15.0,-42.88,147.32,21.0,61.0
5.0,9.0,-42.88,147.32,21.0,75.0
5.0,15.0,-42.88,147.32,21.0,77.0
5.0,9.0,-42.88,147.32,21.0,83.0
5.0,15.0,-42.88,147.32,21.0,57.0
5.0,9.0,-42.88,147.32,21.0,74.0
5.0,15.0,-42.88,147.32,21.0,82.0
5.0,9.0,-42.88,147.32,21.0,94.0
5.0,15.0,-42.88,147.32,21.0,72.0
5.0,9.0,-42.88,147.32,21.0,75.0
5.0,15.0,-42.88,147.32,21.0,44.0
5.0,9.0,-42.88,147.32,21.0,68.0
5.0,15.0,-42.88,147.32,21.0,89.0
5.0,9.0,-42.88,147.32,21.0,88.0
5.0,15.0,-42.88,147.32,21.0,49.0
5.0,9.0,-42.88,147.32,21.0,70.0
5.0,15.0,-42.88,147.32,21.0,60.0
5.0,9.0,-42.88,147.32,21.0,57.0
5.0,15.0,-42.88,147.32,21.0,46.0
5.0,9.0,-42.88,147.32,21.0,76.0
5.0,15.0,-42.88,147.32,21.0,63.0
5.0,9.0,-42.88,147.32,21.0,81.0
5.0,15.0,-42.88,147.32,21.0,69.0
5.0,9.0,-42.88,147.32,21.0,65.0
5.0,15.0,-42.88,147.32,21.0,50.0
5.0,9.0,-42.88,147.32,21.0,74.0
5.0,15.0,-42.88,147.32,21.0,62.0
5.0,9.0,-42.88,147.32,21.0,73.0
5.0,15.0,-42.88,147.32,21.0,55.0
