2.0,9.0,-42.88,147.32,21.0,53.0
2.0,15.0,-42.88,147.32,21.0,41.0
2.0,9.0,-42.88,147.32,21.0,53.0
2.0,15.0,-42.88,147.32,21.0,30.0
2.0,9.0,-42.88,147.32,21.0,64.0
2.0,15.0,-42.88,147.32,21.0,42.0
2.0,9.0,-42.88,147.32,21.0,47.0
2.0,15.0,-42.88,147.32,21.0,28.0
2.0,9.0,-42.88,147.32,21.0,56.0
2.0,15.0,-42.88,147.32,21.0,47.0
2.0,9.0,-42.88,147.32,21.0,39.0
2.0,15.0,-42.88,147.32,21.0,26.0
2.0,9.0,-42.88,147.32,21.0,49.0
2.0,15.0,-42.88,147.32,21.0,43.0
2.0,9.0,-42.88,147.32,21.0,55.0
2.0,15.0,-42.88,147.32,21.0,50.0
2.0,9.0,-42.88,147.32,21.0,73.0
2.0,15.0,-42.88,147.32,21.0,56.0
2.0,9.0,-42.88,147.32,21.0,60.0
2.0,15.0,-42.88,147.32,21.0,41.0
2.0,9.0,-42.88,147.32,21.0,35.0
2.0,15.0,-42.88,147.32,21.0,36.0
2.0,9.0,-42.88,147.32,21.0,41.0
2.0,15.0,-42.88,147.32,21.0,32.0
2.0,9.0,-42.88,147.32,21.0,52.0
2.0,15.0,-42.88,147.32,21.0,46.0
2.0,9.0,-42.88,147.32,21.0,52.0
2.0,15.0,-42.88,147.32,21.0,39.0
2.0,9.0,-42.88,147.32,21.0,58.0
2.0,15.0,-42.88,147.32,21.0,15.0
2.0,9.0,-42.88,147.32,21.0,46.0
2.0,15.0,-42.88,147.32,21.0,29.0
2.0,9.0,-42.88,147.32,21.0,52.0
2.0,15.0,-42.88,147.32,21.0,34.0
2.0,9.0,-42.88,147.32,21.0,50.0
2.0,15.0,-42.88,147.32,21.0,37.0
2.0,9.0,-42.88,147.32,21.0,56.0
2.0,15.0,-42.88,147.32,21.0,44.0
2.0,9.0,-42.88,147.32,21.0,82.0
2.0,15.0,-42.88,147.32,21.0,84.0
2.0,9.0,-42.88,147.32,21.0,60.0
2.0,15.0,-42.88,147.32,21.0,33.0
2.0,9.0,-42.88,147.32,21.0,77.0
2.0,15.0,-42.88,147.32,21.0,29.0
2.0,9.0,-42.88,147.32,21.0,43.0
2.0,15.0,-42.88,147.32,21.0,32.0
2.0,9.0,-42.88,147.32,21.0,51.0
2.0,15.0,-42.88,147.32,21.0,41.0
2.0,9.0,-42.88,147.32,21.0,54.0
2.0,15.0,-42.88,147.32,21.0,44.0
2.0,9.0,-42.88,147.32,21.0,62.0
2.0,15.0,-42.88,147.32,21.0,45.0
2.0,9.0,-42.88,147.32,21.0,69.0
2.0,15.0,-42.88,147.32,21.0,29.0
2.0,9.0,-42.88,147.32,21.0,57.0
2.0,15.0,-42.88,147.32,21.0,32.0
