3.0,9.0,-42.88,147.32,21.0,73.0
3.0,15.0,-42.88,147.32,21.0,55.0
3.0,9.0,-42.88,147.32,21.0,87.0
3.0,15.0,-42.88,147.32,21.0,78.0
3.0,9.0,-42.88,147.32,21.0,62.0
3.0,15.0,-42.88,147.32,21.0,52.0
3.0,9.0,-42.88,147.32,21.0,69.0
3.0,15.0,-42.88,147.32,21.0,34.0
3.0,9.0,-42.88,147.32,21.0,80.0
3.0,15.0,-42.88,147.32,21.0,57.0
3.0,9.0,-42.88,147.32,21.0,61.0
3.0,15.0,-42.88,147.32,21.0,63.0
3.0,9.0,-42.88,147.32,21.0,70.0
3.0,15.0,-42.88,147.32,21.0,48.0
3.0,9.0,-42.88,147.32,21.0,70.0
3.0,15.0,-42.88,147.32,21.0,43.0
3.0,9.0,-42.88,147.32,21.0,63.0
3.0,15.0,-42.88,147.32,21.0,43.0
3.0,9.0,-42.88,147.32,21.0,67.0
3.0,15.0,-42.88,147.32,21.0,66.0
3.0,9.0,-42.88,147.32,21.0,88.0
3.0,15.0,-42.88,147.32,21.0,71.0
3.0,9.0,-42.88,147.32,21.0,94.0
3.0,15.0,-42.88,147.32,21.0,72.0
3.0,9.0,-42.88,147.32,21.0,84.0
3.0,15.0,-42.88,147.32,21.0,62.0
3.0,9.0,-42.88,147.32,21.0,76.0
3.0,15.0,-42.88,147.32,21.0,52.0
3.0,9.0,-42.88,147.32,21.0,52.0
3.0,15.0,-42.88,147.32,21.0,27.0
3.0,9.0,-42.88,147.32,21.0,69.0
3.0,15.0,-42.88,147.32,21.0,33.0
3.0,9.0,-42.88,147.32,21.0,56.0
3.0,15.0,-42.88,147.32,21.0,43.0
3.0,9.0,-42.88,147.32,21.0,69.0
3.0,15.0,-42.88,147.32,21.0,27.0
3.0,9.0,-42.88,147.32,21.0,48.0
3.0,15.0,-42.88,147.32,21.0,18.0
3.0,9.0,-42.88,147.32,21.0,76.0
3.0,15.0,-42.88,147.32,21.0,58.0
3.0,9.0,-42.88,147.32,21.0,91.0
3.0,15.0,-42.88,147.32,21.0,89.0
3.0,9.0,-42.88,147.32,21.0,87.0
3.0,15.0,-42.88,147.32,21.0,61.0
3.0,9.0,-42.88,147.32,21.0,96.0
3.0,15.0,-42.88,147.32,21.0,70.0
3.0,9.0,-42.88,147.32,21.0,81.0
3.0,15.0,-42.88,147.32,21.0,57.0
3.0,9.0,-42.88,147.32,21.0,72.0
3.0,15.0,-42.88,147.32,21.0,56.0
3.0,9.0,-42.88,147.32,21.0,84.0
3.0,15.0,-42.88,147.32,21.0,62.0
3.0,9.0,-42.88,147.32,21.0,75.0
3.0,15.0,-42.88,147.32,21.0,62.0
3.0,9.0,-42.88,147.32,21.0,51.0
3.0,15.0,-42.88,147.32,21.0,36.0
3.0,9.0,-42.88,147.32,21.0,48.0
3.0,15.0,-42.88,147.32,21.0,30.0
3.0,9.0,-42.88,147.32,21.0,62.0
3.0,15.0,-42.88,147.32,21.0,36.0
3.0,9.0,-42.88,147.32,21.0,75.0
3.0,15.0,-42.88,147.32,21.0,43.0
