12.0,9.0,-42.88,147.32,21.0,78.0
12.0,15.0,-42.88,147.32,21.0,67.0
12.0,9.0,-42.88,147.32,21.0,56.0
12.0,15.0,-42.88,147.32,21.0,24.0
12.0,9.0,-42.88,147.32,21.0,50.0
12.0,15.0,-42.88,147.32,21.0,41.0
12.0,9.0,-42.88,147.32,21.0,59.0
12.0,15.0,-42.88,147.32,21.0,30.0
12.0,9.0,-42.88,147.32,21.0,42.0
12.0,15.0,-42.88,147.32,21.0,32.0
12.0,9.0,-42.88,147.32,21.0,68.0
12.0,15.0,-42.88,147.32,21.0,42.0
12.0,9.0,-42.88,147.32,21.0,50.0
12.0,15.0,-42.88,147.32,21.0,33.0
12.0,9.0,-42.88,147.32,21.0,83.0
12.0,15.0,-42.88,147.32,21.0,39.0
12.0,9.0,-42.88,147.32,21.0,50.0
12.0,15.0,-42.88,147.32,21.0,40.0
12.0,9.0,-42.88,147.32,21.0,50.0
12.0,15.0,-42.88,147.32,21.0,48.0
12.0,9.0,-42.88,147.32,21.0,71.0
12.0,15.0,-42.88,147.32,21.0,52.0
12.0,9.0,-42.88,147.32,21.0,52.0
12.0,15.0,-42.88,147.32,21.0,24.0
12.0,9.0,-42.88,147.32,21.0,32.0
12.0,15.0,-42.88,147.32,21.0,18.0
12.0,9.0,-42.88,147.32,21.0,38.0
12.0,15.0,-42.88,147.32,21.0,28.0
12.0,9.0,-42.88,147.32,21.0,37.0
12.0,15.0,-42.88,147.32,21.0,38.0
12.0,9.0,-42.88,147.32,21.0,61.0
12.0,15.0,-42.88,147.32,21.0,50.0
12.0,9.0,-42.88,147.32,21.0,61.0
12.0,15.0,-42.88,147.32,21.0,55.0
12.0,9.0,-42.88,147.32,21.0,48.0
12.0,15.0,-42.88,147.32,21.0,33.0
12.0,9.0,-42.88,147.32,21.0,53.0
12.0,15.0,-42.88,147.32,21.0,27.0
12.0,9.0,-42.88,147.32,21.0,39.0
12.0,15.0,-42.88,147.32,21.0,30.0
12.0,9.0,-42.88,147.32,21.0,37.0
12.0,15.0,-42.88,147.32,21.0,30.0
12.0,9.0,-42.88,147.32,21.0,50.0
12.0,15.0,-42.88,147.32,21.0,60.0
12.0,9.0,-42.88,147.32,21.0,58.0
12.0,15.0,-42.88,147.32,21.0,73.0
12.0,9.0,-42.88,147.32,21.0,72.0
12.0,15.0,-42.88,147.32,21.0,69.0
12.0,9.0,-42.88,147.32,21.0,60.0
12.0,15.0,-42.88,147.32,21.0,76.0
12.0,9.0,-42.88,147.32,21.0,59.0
12.0,15.0,-42.88,147.32,21.0,48.0
12.0,9.0,-42.88,147.32,21.0,61.0
12.0,15.0,-42.88,147.32,21.0,45.0
12.0,9.0,-42.88,147.32,21.0,94.0
12.0,15.0,-42.88,147.32,21.0,92.0
12.0,9.0,-42.88,147.32,21.0,96.0
12.0,15.0,-42.88,147.32,21.0,89.0
12.0,9.0,-42.88,147.32,21.0,81.0
12.0,15.0,-42.88,147.32,21.0,72.0
12.0,9.0,-42.88,147.32,21.0,66.0
12.0,15.0,-42.88,147.32,21.0,49.0
