7.0,3.0,-12.46,130.84,41.0,19.8
7.0,12.0,-12.46,130.84,41.0,30.7
7.0,9.0,-12.46,130.84,41.0,21.8
7.0,15.0,-12.46,130.84,41.0,30.1
7.0,3.0,-12.46,130.84,41.0,20.7
7.0,12.0,-12.46,130.84,41.0,32.1
7.0,9.0,-12.46,130.84,41.0,23.4
7.0,15.0,-12.46,130.84,41.0,31.6
7.0,3.0,-12.46,130.84,41.0,22.5
7.0,12.0,-12.46,130.84,41.0,33.6
7.0,9.0,-12.46,130.84,41.0,26.3
7.0,15.0,-12.46,130.84,41.0,32.1
7.0,3.0,-12.46,130.84,41.0,24.0
7.0,12.0,-12.46,130.84,41.0,33.6
7.0,9.0,-12.46,130.84,41.0,27.2
7.0,15.0,-12.46,130.84,41.0,31.6
7.0,3.0,-12.46,130.84,41.0,23.5
7.0,12.0,-12.46,130.84,41.0,32.3
7.0,9.0,-12.46,130.84,41.0,27.0
7.0,15.0,-12.46,130.84,41.0,31.4
7.0,3.0,-12.46,130.84,41.0,23.6
7.0,12.0,-12.46,130.84,41.0,31.7
7.0,9.0,-12.46,130.84,41.0,27.1
7.0,15.0,-12.46,130.84,41.0,30.4
7.0,3.0,-12.46,130.84,41.0,21.4
7.0,12.0,-12.46,130.84,41.0,30.6
7.0,9.0,-12.46,130.84,41.0,25.3
7.0,15.0,-12.46,130.84,41.0,29.4
7.0,3.0,-12.46,130.84,41.0,21.3
7.0,12.0,-12.46,130.84,41.0,30.8
7.0,9.0,-12.46,130.84,41.0,26.5
7.0,15.0,-12.46,130.84,41.0,30.2
7.0,3.0,-12.46,130.84,41.0,20.7
7.0,12.0,-12.46,130.84,41.0,31.7
7.0,9.0,-12.46,130.84,41.0,26.2
7.0,15.0,-12.46,130.84,41.0,30.6
7.0,3.0,-12.46,130.84,41.0,21.8
7.0,12.0,-12.46,130.84,41.0,32.6
7.0,9.0,-12.46,130.84,41.0,25.2
7.0,15.0,-12.46,130.84,41.0,31.4
7.0,3.0,-12.46,130.84,41.0,22.8
7.0,12.0,-12.46,130.84,41.0,33.3
7.0,9.0,-12.46,130.84,41.0,25.4
7.0,15.0,-12.46,130.84,41.0,33.2
7.0,3.0,-12.46,130.84,41.0,23.4
7.0,12.0,-12.46,130.84,41.0,33.1
7.0,9.0,-12.46,130.84,41.0,25.9
7.0,15.0,-12.46,130.84,41.0,32.6
7.0,3.0,-12.46,130.84,41.0,21.8
7.0,12.0,-12.46,130.84,41.0,33.1
7.0,9.0,-12.46,130.84,41.0,25.5
7.0,15.0,-12.46,130.84,41.0,32.9
7.0,3.0,-12.46,130.84,41.0,20.1
7.0,12.0,-12.46,130.84,41.0,33.2
7.0,9.0,-12.46,130.84,41.0,24.6
7.0,15.0,-12.46,130.84,41.0,32.7
7.0,3.0,-12.46,130.84,41.0,18.5
7.0,12.0,-12.46,130.84,41.0,32.8
7.0,9.0,-12.46,130.84,41.0,23.8
7.0,15.0,-12.46,130.84,41.0,31.6
7.0,3.0,-12.46,130.84,41.0,20.1
7.0,12.0,-12.46,130.84,41.0,32.4
7.0,9.0,-12.46,130.84,41.0,25.5
7.0,15.0,-12.46,130.84,41.0,31.5
7.0,3.0,-12.46,130.84,41.0,20.5
7.0,12.0,-12.46,130.84,41.0,32.5
7.0,9.0,-12.46,130.84,41.0,25.7
7.0,15.0,-12.46,130.84,41.0,31.4
7.0,3.0,-12.46,130.84,41.0,21.0
7.0,12.0,-12.46,130.84,41.0,34.2
7.0,9.0,-12.46,130.84,41.0,25.8
7.0,15.0,-12.46,130.84,41.0,33.6
7.0,3.0,-12.46,130.84,41.0,21.9
7.0,12.0,-12.46,130.84,41.0,34.0
7.0,9.0,-12.46,130.84,41.0,25.3
7.0,15.0,-12.46,130.84,41.0,33.0
7.0,3.0,-12.46,130.84,41.0,19.1
7.0,12.0,-12.46,130.84,41.0,33.1
7.0,9.0,-12.46,130.84,41.0,23.5
7.0,15.0,-12.46,130.84,41.0,31.6
7.0,3.0,-12.46,130.84,41.0,19.4
7.0,12.0,-12.46,130.84,41.0,32.5
7.0,9.0,-12.46,130.84,41.0,23.4
7.0,15.0,-12.46,130.84,41.0,31.3
7.0,3.0,-12.46,130.84,41.0,18.9
7.0,12.0,-12.46,130.84,41.0,32.1
7.0,9.0,-12.46,130.84,41.0,22.5
7.0,15.0,-12.46,130.84,41.0,30.9
7.0,3.0,-12.46,130.84,41.0,20.6
7.0,12.0,-12.46,130.84,41.0,34.2
7.0,9.0,-12.46,130.84,41.0,25.0
7.0,15.0,-12.46,130.84,41.0,33.3
7.0,3.0,-12.46,130.84,41.0,20.1
7.0,12.0,-12.46,130.84,41.0,34.0
7.0,9.0,-12.46,130.84,41.0,24.5
7.0,15.0,-12.46,130.84,41.0,33.3
7.0,3.0,-12.46,130.84,41.0,20.6
7.0,12.0,-12.46,130.84,41.0,33.7
7.0,9.0,-12.46,130.84,41.0,25.5
7.0,15.0,-12.46,130.84,41.0,32.9
7.0,3.0,-12.46,130.84,41.0,22.6
7.0,12.0,-12.46,130.84,41.0,32.9
7.0,9.0,-12.46,130.84,41.0,26.3
7.0,15.0,-12.46,130.84,41.0,32.5
7.0,3.0,-12.46,130.84,41.0,20.9
7.0,12.0,-12.46,130.84,41.0,33.5
7.0,9.0,-12.46,130.84,41.0,25.2
7.0,15.0,-12.46,130.84,41.0,32.8
7.0,3.0,-12.46,130.84,41.0,21.0
7.0,12.0,-12.46,130.84,41.0,32.8
7.0,9.0,-12.46,130.84,41.0,25.1
7.0,15.0,-12.46,130.84,41.0,31.6
7.0,3.0,-12.46,130.84,41.0,20.7
7.0,12.0,-12.46,130.84,41.0,30.4
7.0,9.0,-12.46,130.84,41.0,24.9
7.0,15.0,-12.46,130.84,41.0,29.5
7.0,3.0,-12.46,130.84,41.0,19.3
7.0,12.0,-12.46,130.84,41.0,30.7
7.0,9.0,-12.46,130.84,41.0,25.4
7.0,15.0,-12.46,130.84,41.0,29.7
7.0,3.0,-12.46,130.84,41.0,20.4
7.0,12.0,-12.46,130.84,41.0,32.2
7.0,9.0,-12.46,130.84,41.0,25.9
7.0,15.0,-12.46,130.84,41.0,30.3
