11.0,3.0,-12.46,130.84,41.0,26.7
11.0,12.0,-12.46,130.84,41.0,34.3
11.0,9.0,-12.46,130.84,41.0,30.0
11.0,15.0,-12.46,130.84,41.0,26.7
11.0,3.0,-12.46,130.84,41.0,25.6
11.0,12.0,-12.46,130.84,41.0,34.6
11.0,9.0,-12.46,130.84,41.0,29.7
11.0,15.0,-12.46,130.84,41.0,32.8
11.0,3.0,-12.46,130.84,41.0,24.4
11.0,12.0,-12.46,130.84,41.0,35.5
11.0,9.0,-12.46,130.84,41.0,30.7
11.0,15.0,-12.46,130.84,41.0,34.0
11.0,3.0,-12.46,130.84,41.0,25.9
11.0,12.0,-12.46,130.84,41.0,34.1
11.0,9.0,-12.46,130.84,41.0,31.3
11.0,15.0,-12.46,130.84,41.0,33.7
11.0,3.0,-12.46,130.84,41.0,27.1
11.0,12.0,-12.46,130.84,41.0,34.2
11.0,9.0,-12.46,130.84,41.0,31.5
11.0,15.0,-12.46,130.84,41.0,33.8
11.0,3.0,-12.46,130.84,41.0,22.7
11.0,12.0,-12.46,130.84,41.0,31.4
11.0,9.0,-12.46,130.84,41.0,30.4
11.0,15.0,-12.46,130.84,41.0,25.9
11.0,3.0,-12.46,130.84,41.0,25.3
11.0,12.0,-12.46,130.84,41.0,33.8
11.0,9.0,-12.46,130.84,41.0,31.2
11.0,15.0,-12.46,130.84,41.0,33.1
11.0,3.0,-12.46,130.84,41.0,28.8
11.0,12.0,-12.46,130.84,41.0,33.8
11.0,9.0,-12.46,130.84,41.0,31.0
11.0,15.0,-12.46,130.84,41.0,33.2
11.0,3.0,-12.46,130.84,41.0,28.7
11.0,12.0,-12.46,130.84,41.0,33.8
11.0,9.0,-12.46,130.84,41.0,30.9
11.0,15.0,-12.46,130.84,41.0,33.0
11.0,3.0,-12.46,130.84,41.0,28.7
11.0,12.0,-12.46,130.84,41.0,34.9
11.0,9.0,-12.46,130.84,41.0,31.2
11.0,15.0,-12.46,130.84,41.0,28.5
11.0,3.0,-12.46,130.84,41.0,27.1
11.0,12.0,-12.46,130.84,41.0,34.7
11.0,9.0,-12.46,130.84,41.0,30.7
11.0,15.0,-12.46,130.84,41.0,33.3
11.0,3.0,-12.46,130.84,41.0,26.8
11.0,12.0,-12.46,130.84,41.0,34.7
11.0,9.0,-12.46,130.84,41.0,31.7
11.0,15.0,-12.46,130.84,41.0,34.1
11.0,3.0,-12.46,130.84,41.0,28.6
11.0,12.0,-12.46,130.84,41.0,34.8
11.0,9.0,-12.46,130.84,41.0,31.0
11.0,15.0,-12.46,130.84,41.0,34.4
11.0,3.0,-12.46,130.84,41.0,26.7
11.0,12.0,-12.46,130.84,41.0,34.0
11.0,9.0,-12.46,130.84,41.0,26.7
11.0,15.0,-12.46,130.84,41.0,33.3
11.0,3.0,-12.46,130.84,41.0,25.4
11.0,12.0,-12.46,130.84,41.0,34.9
11.0,9.0,-12.46,130.84,41.0,30.6
11.0,15.0,-12.46,130.84,41.0,31.8
11.0,3.0,-12.46,130.84,41.0,25.7
11.0,12.0,-12.46,130.84,41.0,35.2
11.0,9.0,-12.46,130.84,41.0,31.5
11.0,15.0,-12.46,130.84,41.0,33.7
11.0,3.0,-12.46,130.84,41.0,26.2
11.0,12.0,-12.46,130.84,41.0,34.3
11.0,9.0,-12.46,130.84,41.0,31.1
11.0,15.0,-12.46,130.84,41.0,32.4
11.0,3.0,-12.46,130.84,41.0,22.5
11.0,12.0,-12.46,130.84,41.0,34.0
11.0,9.0,-12.46,130.84,41.0,29.9
11.0,15.0,-12.46,130.84,41.0,32.8
11.0,3.0,-12.46,130.84,41.0,23.9
11.0,12.0,-12.46,130.84,41.0,33.4
11.0,9.0,-12.46,130.84,41.0,30.6
11.0,15.0,-12.46,130.84,41.0,32.2
11.0,3.0,-12.46,130.84,41.0,21.2
11.0,12.0,-12.46,130.84,41.0,32.7
11.0,9.0,-12.46,130.84,41.0,24.3
11.0,15.0,-12.46,130.84,41.0,32.0
11.0,3.0,-12.46,130.84,41.0,24.3
11.0,12.0,-12.46,130.84,41.0,31.9
11.0,9.0,-12.46,130.84,41.0,25.2
11.0,15.0,-12.46,130.84,41.0,31.0
11.0,3.0,-12.46,130.84,41.0,24.7
11.0,12.0,-12.46,130.84,41.0,32.0
11.0,9.0,-12.46,130.84,41.0,30.1
11.0,15.0,-12.46,130.84,41.0,26.7
11.0,3.0,-12.46,130.84,41.0,22.8
11.0,12.0,-12.46,130.84,41.0,30.3
11.0,9.0,-12.46,130.84,41.0,24.8
11.0,15.0,-12.46,130.84,41.0,28.7
11.0,3.0,-12.46,130.84,41.0,24.0
11.0,12.0,-12.46,130.84,41.0,33.4
11.0,9.0,-12.46,130.84,41.0,29.1
11.0,15.0,-12.46,130.84,41.0,33.0
11.0,3.0,-12.46,130.84,41.0,25.2
11.0,12.0,-12.46,130.84,41.0,33.9
11.0,9.0,-12.46,130.84,41.0,30.3
11.0,15.0,-12.46,130.84,41.0,31.7
11.0,3.0,-12.46,130.84,41.0,24.0
11.0,12.0,-12.46,130.84,41.0,31.8
11.0,9.0,-12.46,130.84,41.0,24.7
11.0,15.0,-12.46,130.84,41.0,30.7
11.0,3.0,-12.46,130.84,41.0,24.6
11.0,12.0,-12.46,130.84,41.0,34.2
11.0,9.0,-12.46,130.84,41.0,30.2
11.0,15.0,-12.46,130.84,41.0,33.3
11.0,3.0,-12.46,130.84,41.0,27.7
11.0,12.0,-12.46,130.84,41.0,32.4
11.0,9.0,-12.46,130.84,41.0,30.2
11.0,15.0,-12.46,130.84,41.0,27.5
11.0,3.0,-12.46,130.84,41.0,25.8
11.0,12.0,-12.46,130.84,41.0,35.1
11.0,9.0,-12.46,130.84,41.0,31.7
11.0,15.0,-12.46,130.84,41.0,33.4
11.0,3.0,-12.46,130.84,41.0,22.6
11.0,12.0,-12.46,130.84,41.0,34.0
11.0,9.0,-12.46,130.84,41.0,31.3
11.0,15.0,-12.46,130.84,41.0,32.7
