8.0,3.0,-12.46,130.84,41.0,17.6
8.0,12.0,-12.46,130.84,41.0,31.4
8.0,9.0,-12.46,130.84,41.0,24.4
8.0,15.0,-12.46,130.84,41.0,30.3
8.0,3.0,-12.46,130.84,41.0,18.7
8.0,12.0,-12.46,130.84,41.0,32.6
8.0,9.0,-12.46,130.84,41.0,25.1
8.0,15.0,-12.46,130.84,41.0,30.8
8.0,3.0,-12.46,130.84,41.0,22.1
8.0,12.0,-12.46,130.84,41.0,31.6
8.0,9.0,-12.46,130.84,41.0,24.3
8.0,15.0,-12.46,130.84,41.0,30.7
8.0,3.0,-12.46,130.84,41.0,18.8
8.0,12.0,-12.46,130.84,41.0,30.6
8.0,9.0,-12.46,130.84,41.0,20.5
8.0,15.0,-12.46,130.84,41.0,29.3
8.0,3.0,-12.46,130.84,41.0,13.3
8.0,12.0,-12.46,130.84,41.0,29.4
8.0,9.0,-12.46,130.84,41.0,19.7
8.0,15.0,-12.46,130.84,41.0,29.0
8.0,3.0,-12.46,130.84,41.0,14.8
8.0,12.0,-12.46,130.84,41.0,29.8
8.0,9.0,-12.46,130.84,41.0,21.0
8.0,15.0,-12.46,130.84,41.0,27.9
8.0,3.0,-12.46,130.84,41.0,15.3
8.0,12.0,-12.46,130.84,41.0,30.0
8.0,9.0,-12.46,130.84,41.0,22.5
8.0,15.0,-12.46,130.84,41.0,28.1
8.0,3.0,-12.46,130.84,41.0,18.7
8.0,12.0,-12.46,130.84,41.0,32.2
8.0,9.0,-12.46,130.84,41.0,23.0
8.0,15.0,-12.46,130.84,41.0,30.8
8.0,3.0,-12.46,130.84,41.0,21.0
8.0,12.0,-12.46,130.84,41.0,32.9
8.0,9.0,-12.46,130.84,41.0,25.6
8.0,15.0,-12.46,130.84,41.0,30.6
8.0,3.0,-12.46,130.84,41.0,20.5
8.0,12.0,-12.46,130.84,41.0,32.7
8.0,9.0,-12.46,130.84,41.0,26.0
8.0,15.0,-12.46,130.84,41.0,30.8
8.0,3.0,-12.46,130.84,41.0,20.9
8.0,12.0,-12.46,130.84,41.0,34.1
8.0,9.0,-12.46,130.84,41.0,26.1
8.0,15.0,-12.46,130.84,41.0,30.0
8.0,3.0,-12.46,130.84,41.0,20.1
8.0,12.0,-12.46,130.84,41.0,34.6
8.0,9.0,-12.46,130.84,41.0,26.2
8.0,15.0,-12.46,130.84,41.0,33.8
8.0,3.0,-12.46,130.84,41.0,19.8
8.0,12.0,-12.46,130.84,41.0,34.3
8.0,9.0,-12.46,130.84,41.0,26.5
8.0,15.0,-12.46,130.84,41.0,32.3
8.0,3.0,-12.46,130.84,41.0,20.7
8.0,12.0,-12.46,130.84,41.0,34.4
8.0,9.0,-12.46,130.84,41.0,26.7
8.0,15.0,-12.46,130.84,41.0,33.7
8.0,3.0,-12.46,130.84,41.0,19.7
8.0,12.0,-12.46,130.84,41.0,34.1
8.0,9.0,-12.46,130.84,41.0,26.4
8.0,15.0,-12.46,130.84,41.0,33.4
8.0,3.0,-12.46,130.84,41.0,17.7
8.0,12.0,-12.46,130.84,41.0,34.2
8.0,9.0,-12.46,130.84,41.0,24.3
8.0,15.0,-12.46,130.84,41.0,32.0
8.0,3.0,-12.46,130.84,41.0,18.1
8.0,12.0,-12.46,130.84,41.0,32.9
8.0,9.0,-12.46,130.84,41.0,26.6
8.0,15.0,-12.46,130.84,41.0,30.1
8.0,3.0,-12.46,130.84,41.0,20.3
8.0,12.0,-12.46,130.84,41.0,31.5
8.0,9.0,-12.46,130.84,41.0,26.4
8.0,15.0,-12.46,130.84,41.0,30.6
8.0,3.0,-12.46,130.84,41.0,22.2
8.0,12.0,-12.46,130.84,41.0,30.2
8.0,9.0,-12.46,130.84,41.0,26.0
8.0,15.0,-12.46,130.84,41.0,28.0
8.0,3.0,-12.46,130.84,41.0,22.6
8.0,12.0,-12.46,130.84,41.0,33.4
8.0,9.0,-12.46,130.84,41.0,27.2
8.0,15.0,-12.46,130.84,41.0,33.3
8.0,3.0,-12.46,130.84,41.0,21.8
8.0,12.0,-12.46,130.84,41.0,32.3
8.0,9.0,-12.46,130.84,41.0,26.4
8.0,15.0,-12.46,130.84,41.0,31.5
8.0,3.0,-12.46,130.84,41.0,22.7
8.0,12.0,-12.46,130.84,41.0,31.5
8.0,9.0,-12.46,130.84,41.0,25.6
8.0,15.0,-12.46,130.84,41.0,30.3
8.0,3.0,-12.46,130.84,41.0,21.6
8.0,12.0,-12.46,130.84,41.0,31.1
8.0,9.0,-12.46,130.84,41.0,27.0
8.0,15.0,-12.46,130.84,41.0,30.1
8.0,3.0,-12.46,130.84,41.0,21.5
8.0,12.0,-12.46,130.84,41.0,32.1
8.0,9.0,-12.46,130.84,41.0,28.0
8.0,15.0,-12.46,130.84,41.0,31.8
8.0,3.0,-12.46,130.84,41.0,22.5
8.0,12.0,-12.46,130.84,41.0,34.2
8.0,9.0,-12.46,130.84,41.0,27.5
8.0,15.0,-12.46,130.84,41.0,32.4
8.0,3.0,-12.46,130.84,41.0,24.7
8.0,12.0,-12.46,130.84,41.0,34.0
8.0,9.0,-12.46,130.84,41.0,27.1
8.0,15.0,-12.46,130.84,41.0,32.5
8.0,3.0,-12.46,130.84,41.0,23.6
8.0,12.0,-12.46,130.84,41.0,33.9
8.0,9.0,-12.46,130.84,41.0,27.8
8.0,15.0,-12.46,130.84,41.0,33.0
8.0,3.0,-12.46,130.84,41.0,19.9
8.0,12.0,-12.46,130.84,41.0,32.6
8.0,9.0,-12.46,130.84,41.0,26.7
8.0,15.0,-12.46,130.84,41.0,30.3
8.0,3.0,-12.46,130.84,41.0,19.6
8.0,12.0,-12.46,130.84,41.0,32.4
8.0,9.0,-12.46,130.84,41.0,26.4
8.0,15.0,-12.46,130.84,41.0,30.9
8.0,3.0,-12.46,130.84,41.0,23.0
8.0,12.0,-12.46,130.84,41.0,34.0
8.0,9.0,-12.46,130.84,41.0,27.7
8.0,15.0,-12.46,130.84,41.0,32.9
8.0,3.0,-12.46,130.84,41.0,23.9
8.0,12.0,-12.46,130.84,41.0,34.8
8.0,9.0,-12.46,130.84,41.0,27.5
8.0,15.0,-12.46,130.84,41.0,32.5
