4.0,3.0,-12.46,130.84,41.0,23.3
4.0,12.0,-12.46,130.84,41.0,32.9
4.0,9.0,-12.46,130.84,41.0,28.3
4.0,15.0,-12.46,130.84,41.0,32.7
4.0,3.0,-12.46,130.84,41.0,25.8
4.0,12.0,-12.46,130.84,41.0,33.1
4.0,9.0,-12.46,130.84,41.0,27.6
4.0,15.0,-12.46,130.84,41.0,32.1
4.0,3.0,-12.46,130.84,41.0,23.9
4.0,12.0,-12.46,130.84,41.0,34.1
4.0,9.0,-12.46,130.84,41.0,27.7
4.0,15.0,-12.46,130.84,41.0,34.0
4.0,3.0,-12.46,130.84,41.0,25.4
4.0,12.0,-12.46,130.84,41.0,33.4
4.0,9.0,-12.46,130.84,41.0,27.7
4.0,15.0,-12.46,130.84,41.0,32.7
4.0,3.0,-12.46,130.84,41.0,26.0
4.0,12.0,-12.46,130.84,41.0,32.6
4.0,9.0,-12.46,130.84,41.0,29.6
4.0,15.0,-12.46,130.84,41.0,32.0
4.0,3.0,-12.46,130.84,41.0,23.6
4.0,12.0,-12.46,130.84,41.0,33.6
4.0,9.0,-12.46,130.84,41.0,26.8
4.0,15.0,-12.46,130.84,41.0,31.7
4.0,3.0,-12.46,130.84,41.0,24.1
4.0,12.0,-12.46,130.84,41.0,33.3
4.0,9.0,-12.46,130.84,41.0,27.5
4.0,15.0,-12.46,130.84,41.0,33.0
4.0,3.0,-12.46,130.84,41.0,25.9
4.0,12.0,-12.46,130.84,41.0,34.2
4.0,9.0,-12.46,130.84,41.0,29.4
4.0,15.0,-12.46,130.84,41.0,33.7
4.0,3.0,-12.46,130.84,41.0,25.5
4.0,12.0,-12.46,130.84,41.0,33.6
4.0,9.0,-12.46,130.84,41.0,28.0
4.0,15.0,-12.46,130.84,41.0,31.8
4.0,3.0,-12.46,130.84,41.0,25.1
4.0,12.0,-12.46,130.84,41.0,31.8
4.0,9.0,-12.46,130.84,41.0,26.6
4.0,15.0,-12.46,130.84,41.0,31.5
4.0,3.0,-12.46,130.84,41.0,20.6
4.0,12.0,-12.46,130.84,41.0,21.9
4.0,9.0,-12.46,130.84,41.0,21.1
4.0,15.0,-12.46,130.84,41.0,19.0
4.0,3.0,-12.46,130.84,41.0,18.0
4.0,12.0,-12.46,130.84,41.0,27.9
4.0,9.0,-12.46,130.84,41.0,21.8
4.0,15.0,-12.46,130.84,41.0,25.9
4.0,3.0,-12.46,130.84,41.0,21.6
4.0,12.0,-12.46,130.84,41.0,31.7
4.0,9.0,-12.46,130.84,41.0,27.7
4.0,15.0,-12.46,130.84,41.0,31.4
4.0,3.0,-12.46,130.84,41.0,24.3
4.0,12.0,-12.46,130.84,41.0,32.7
4.0,9.0,-12.46,130.84,41.0,27.6
4.0,15.0,-12.46,130.84,41.0,32.1
4.0,3.0,-12.46,130.84,41.0,25.1
4.0,12.0,-12.46,130.84,41.0,32.6
4.0,9.0,-12.46,130.84,41.0,27.2
4.0,15.0,-12.46,130.84,41.0,32.4
4.0,3.0,-12.46,130.84,41.0,25.0
4.0,12.0,-12.46,130.84,41.0,33.1
4.0,9.0,-12.46,130.84,41.0,28.2
4.0,15.0,-12.46,130.84,41.0,32.6
4.0,3.0,-12.46,130.84,41.0,25.6
4.0,12.0,-12.46,130.84,41.0,33.0
4.0,9.0,-12.46,130.84,41.0,29.3
4.0,15.0,-12.46,130.84,41.0,32.5
4.0,3.0,-12.46,130.84,41.0,24.6
4.0,12.0,-12.46,130.84,41.0,33.1
4.0,9.0,-12.46,130.84,41.0,27.5
4.0,15.0,-12.46,130.84,41.0,32.3
4.0,3.0,-12.46,130.84,41.0,25.2
4.0,12.0,-12.46,130.84,41.0,33.5
4.0,9.0,-12.46,130.84,41.0,28.9
4.0,15.0,-12.46,130.84,41.0,33.1
4.0,3.0,-12.46,130.84,41.0,24.7
4.0,12.0,-12.46,130.84,41.0,33.7
4.0,9.0,-12.46,130.84,41.0,27.7
4.0,15.0,-12.46,130.84,41.0,33.1
4.0,3.0,-12.46,130.84,41.0,25.2
4.0,12.0,-12.46,130.84,41.0,33.4
4.0,9.0,-12.46,130.84,41.0,28.9
4.0,15.0,-12.46,130.84,41.0,31.8
4.0,3.0,-12.46,130.84,41.0,23.8
4.0,12.0,-12.46,130.84,41.0,33.4
4.0,9.0,-12.46,130.84,41.0,29.4
4.0,15.0,-12.46,130.84,41.0,32.9
4.0,3.0,-12.46,130.84,41.0,24.3
4.0,12.0,-12.46,130.84,41.0,33.6
4.0,9.0,-12.46,130.84,41.0,27.9
4.0,15.0,-12.46,130.84,41.0,32.9
4.0,3.0,-12.46,130.84,41.0,24.4
4.0,12.0,-12.46,130.84,41.0,34.1
4.0,9.0,-12.46,130.84,41.0,28.3
4.0,15.0,-12.46,130.84,41.0,33.9
4.0,3.0,-12.46,130.84,41.0,24.1
4.0,12.0,-12.46,130.84,41.0,33.7
4.0,9.0,-12.46,130.84,41.0,28.6
4.0,15.0,-12.46,130.84,41.0,32.8
4.0,3.0,-12.46,130.84,41.0,25.4
4.0,12.0,-12.46,130.84,41.0,29.2
4.0,9.0,-12.46,130.84,41.0,26.8
4.0,15.0,-12.46,130.84,41.0,28.9
4.0,3.0,-12.46,130.84,41.0,24.4
4.0,12.0,-12.46,130.84,41.0,27.4
4.0,9.0,-12.46,130.84,41.0,25.5
4.0,15.0,-12.46,130.84,41.0,25.9
4.0,3.0,-12.46,130.84,41.0,23.9
4.0,12.0,-12.46,130.84,41.0,27.2
4.0,9.0,-12.46,130.84,41.0,24.8
4.0,15.0,-12.46,130.84,41.0,26.9
4.0,3.0,-12.46,130.84,41.0,22.4
4.0,12.0,-12.46,130.84,41.0,31.2
4.0,9.0,-12.46,130.84,41.0,25.6
4.0,15.0,-12.46,130.84,41.0,30.8
4.0,3.0,-12.46,130.84,41.0,21.6
4.0,12.0,-12.46,130.84,41.0,32.1
4.0,9.0,-12.46,130.84,41.0,25.8
4.0,15.0,-12.46,130.84,41.0,31.6
