3.0,3.0,-12.46,130.84,41.0,24.6
3.0,12.0,-12.46,130.84,41.0,34.4
3.0,9.0,-12.46,130.84,41.0,28.3
3.0,15.0,-12.46,130.84,41.0,32.2
3.0,3.0,-12.46,130.84,41.0,26.0
3.0,12.0,-12.46,130.84,41.0,34.6
3.0,9.0,-12.46,130.84,41.0,30.1
3.0,15.0,-12.46,130.84,41.0,33.7
3.0,3.0,-12.46,130.84,41.0,25.5
3.0,12.0,-12.46,130.84,41.0,34.7
3.0,9.0,-12.46,130.84,41.0,30.4
3.0,15.0,-12.46,130.84,41.0,32.3
3.0,3.0,-12.46,130.84,41.0,20.9
3.0,12.0,-12.46,130.84,41.0,32.0
3.0,9.0,-12.46,130.84,41.0,27.8
3.0,15.0,-12.46,130.84,41.0,31.5
3.0,3.0,-12.46,130.84,41.0,24.5
3.0,12.0,-12.46,130.84,41.0,28.4
3.0,9.0,-12.46,130.84,41.0,24.8
3.0,15.0,-12.46,130.84,41.0,27.9
3.0,3.0,-12.46,130.84,41.0,24.8
3.0,12.0,-12.46,130.84,41.0,30.0
3.0,9.0,-12.46,130.84,41.0,25.9
3.0,15.0,-12.46,130.84,41.0,26.8
3.0,3.0,-12.46,130.84,41.0,24.8
3.0,12.0,-12.46,130.84,41.0,32.6
3.0,9.0,-12.46,130.84,41.0,28.8
3.0,15.0,-12.46,130.84,41.0,29.7
3.0,3.0,-12.46,130.84,41.0,25.7
3.0,12.0,-12.46,130.84,41.0,32.2
3.0,9.0,-12.46,130.84,41.0,28.9
3.0,15.0,-12.46,130.84,41.0,24.4
3.0,3.0,-12.46,130.84,41.0,23.8
3.0,12.0,-12.46,130.84,41.0,32.0
3.0,9.0,-12.46,130.84,41.0,27.9
3.0,15.0,-12.46,130.84,41.0,27.3
3.0,3.0,-12.46,130.84,41.0,25.7
3.0,12.0,-12.46,130.84,41.0,32.4
3.0,9.0,-12.46,130.84,41.0,27.3
3.0,15.0,-12.46,130.84,41.0,32.0
3.0,3.0,-12.46,130.84,41.0,25.6
3.0,12.0,-12.46,130.84,41.0,32.4
3.0,9.0,-12.46,130.84,41.0,28.9
3.0,15.0,-12.46,130.84,41.0,31.2
3.0,3.0,-12.46,130.84,41.0,24.3
3.0,12.0,-12.46,130.84,41.0,32.8
3.0,9.0,-12.46,130.84,41.0,28.1
3.0,15.0,-12.46,130.84,41.0,32.6
3.0,3.0,-12.46,130.84,41.0,27.3
3.0,12.0,-12.46,130.84,41.0,32.1
3.0,9.0,-12.46,130.84,41.0,29.7
3.0,15.0,-12.46,130.84,41.0,30.6
3.0,3.0,-12.46,130.84,41.0,25.1
3.0,12.0,-12.46,130.84,41.0,33.5
3.0,9.0,-12.46,130.84,41.0,29.1
3.0,15.0,-12.46,130.84,41.0,31.8
3.0,3.0,-12.46,130.84,41.0,25.8
3.0,12.0,-12.46,130.84,41.0,31.9
3.0,9.0,-12.46,130.84,41.0,28.0
3.0,15.0,-12.46,130.84,41.0,31.7
3.0,3.0,-12.46,130.84,41.0,25.4
3.0,12.0,-12.46,130.84,41.0,31.9
3.0,9.0,-12.46,130.84,41.0,28.8
3.0,15.0,-12.46,130.84,41.0,31.8
3.0,3.0,-12.46,130.84,41.0,22.4
3.0,12.0,-12.46,130.84,41.0,33.9
3.0,9.0,-12.46,130.84,41.0,27.9
3.0,15.0,-12.46,130.84,41.0,31.5
3.0,3.0,-12.46,130.84,41.0,23.3
3.0,12.0,-12.46,130.84,41.0,32.6
3.0,9.0,-12.46,130.84,41.0,27.3
3.0,15.0,-12.46,130.84,41.0,31.9
3.0,3.0,-12.46,130.84,41.0,25.1
3.0,12.0,-12.46,130.84,41.0,32.2
3.0,9.0,-12.46,130.84,41.0,28.0
3.0,15.0,-12.46,130.84,41.0,31.2
3.0,3.0,-12.46,130.84,41.0,24.1
3.0,12.0,-12.46,130.84,41.0,29.3
3.0,9.0,-12.46,130.84,41.0,24.1
3.0,15.0,-12.46,130.84,41.0,28.5
3.0,3.0,-12.46,130.84,41.0,23.5
3.0,12.0,-12.46,130.84,41.0,30.6
3.0,9.0,-12.46,130.84,41.0,26.5
3.0,15.0,-12.46,130.84,41.0,30.1
3.0,3.0,-12.46,130.84,41.0,25.0
3.0,12.0,-12.46,130.84,41.0,30.2
3.0,9.0,-12.46,130.84,41.0,27.6
3.0,15.0,-12.46,130.84,41.0,27.4
3.0,3.0,-12.46,130.84,41.0,24.9
3.0,12.0,-12.46,130.84,41.0,31.9
3.0,9.0,-12.46,130.84,41.0,27.6
3.0,15.0,-12.46,130.84,41.0,30.3
3.0,3.0,-12.46,130.84,41.0,24.5
3.0,12.0,-12.46,130.84,41.0,32.3
3.0,9.0,-12.46,130.84,41.0,28.0
3.0,15.0,-12.46,130.84,41.0,27.5
3.0,3.0,-12.46,130.84,41.0,24.0
3.0,12.0,-12.46,130.84,41.0,30.4
3.0,9.0,-12.46,130.84,41.0,26.7
3.0,15.0,-12.46,130.84,41.0,27.7
3.0,3.0,-12.46,130.84,41.0,24.9
3.0,12.0,-12.46,130.84,41.0,31.4
3.0,9.0,-12.46,130.84,41.0,27.6
3.0,15.0,-12.46,130.84,41.0,30.1
3.0,3.0,-12.46,130.84,41.0,26.9
3.0,12.0,-12.46,130.84,41.0,32.2
3.0,9.0,-12.46,130.84,41.0,28.2
3.0,15.0,-12.46,130.84,41.0,28.9
3.0,3.0,-12.46,130.84,41.0,27.5
3.0,12.0,-12.46,130.84,41.0,33.4
3.0,9.0,-12.46,130.84,41.0,29.9
3.0,15.0,-12.46,130.84,41.0,32.7
3.0,3.0,-12.46,130.84,41.0,27.9
3.0,12.0,-12.46,130.84,41.0,33.6
3.0,9.0,-12.46,130.84,41.0,30.1
3.0,15.0,-12.46,130.84,41.0,32.6
3.0,3.0,-12.46,130.84,41.0,22.4
3.0,12.0,-12.46,130.84,41.0,32.3
3.0,9.0,-12.46,130.84,41.0,28.2
3.0,15.0,-12.46,130.84,41.0,31.7
3.0,3.0,-12.46,130.84,41.0,23.0
3.0,12.0,-12.46,130.84,41.0,31.4
3.0,9.0,-12.46,130.84,41.0,25.8
3.0,15.0,-12.46,130.84,41.0,30.9
