6.0,3.0,-12.46,130.84,41.0,21.9
6.0,12.0,-12.46,130.84,41.0,31.6
6.0,9.0,-12.46,130.84,41.0,23.5
6.0,15.0,-12.46,130.84,41.0,31.3
6.0,3.0,-12.46,130.84,41.0,21.6
6.0,12.0,-12.46,130.84,41.0,32.0
6.0,9.0,-12.46,130.84,41.0,24.4
6.0,15.0,-12.46,130.84,41.0,31.2
6.0,3.0,-12.46,130.84,41.0,22.7
6.0,12.0,-12.46,130.84,41.0,31.6
6.0,9.0,-12.46,130.84,41.0,24.0
6.0,15.0,-12.46,130.84,41.0,30.9
6.0,3.0,-12.46,130.84,41.0,22.4
6.0,12.0,-12.46,130.84,41.0,31.4
6.0,9.0,-12.46,130.84,41.0,25.8
6.0,15.0,-12.46,130.84,41.0,30.8
6.0,3.0,-12.46,130.84,41.0,23.3
6.0,12.0,-12.46,130.84,41.0,32.4
6.0,9.0,-12.46,130.84,41.0,25.6
6.0,15.0,-12.46,130.84,41.0,32.1
6.0,3.0,-12.46,130.84,41.0,20.6
6.0,12.0,-12.46,130.84,41.0,31.8
6.0,9.0,-12.46,130.84,41.0,24.2
6.0,15.0,-12.46,130.84,41.0,31.0
6.0,3.0,-12.46,130.84,41.0,20.0
6.0,12.0,-12.46,130.84,41.0,30.4
6.0,9.0,-12.46,130.84,41.0,23.4
6.0,15.0,-12.46,130.84,41.0,30.1
6.0,3.0,-12.46,130.84,41.0,19.2
6.0,12.0,-12.46,130.84,41.0,29.4
6.0,9.0,-12.46,130.84,41.0,23.3
6.0,15.0,-12.46,130.84,41.0,28.8
6.0,3.0,-12.46,130.84,41.0,20.6
6.0,12.0,-12.46,130.84,41.0,29.4
6.0,9.0,-12.46,130.84,41.0,21.6
6.0,15.0,-12.46,130.84,41.0,28.5
6.0,3.0,-12.46,130.84,41.0,18.7
6.0,12.0,-12.46,130.84,41.0,29.4
6.0,9.0,-12.46,130.84,41.0,20.9
6.0,15.0,-12.46,130.84,41.0,28.5
6.0,3.0,-12.46,130.84,41.0,19.0
6.0,12.0,-12.46,130.84,41.0,29.4
6.0,9.0,-12.46,130.84,41.0,21.8
6.0,15.0,-12.46,130.84,41.0,28.6
6.0,3.0,-12.46,130.84,41.0,17.2
6.0,12.0,-12.46,130.84,41.0,29.1
6.0,9.0,-12.46,130.84,41.0,20.9
6.0,15.0,-12.46,130.84,41.0,28.5
6.0,3.0,-12.46,130.84,41.0,18.3
6.0,12.0,-12.46,130.84,41.0,29.8
6.0,9.0,-12.46,130.84,41.0,21.9
6.0,15.0,-12.46,130.84,41.0,29.4
6.0,3.0,-12.46,130.84,41.0,16.9
6.0,12.0,-12.46,130.84,41.0,30.3
6.0,9.0,-12.46,130.84,41.0,21.8
6.0,15.0,-12.46,130.84,41.0,28.7
6.0,3.0,-12.46,130.84,41.0,19.0
6.0,12.0,-12.46,130.84,41.0,30.9
6.0,9.0,-12.46,130.84,41.0,22.9
6.0,15.0,-12.46,130.84,41.0,30.2
6.0,3.0,-12.46,130.84,41.0,18.9
6.0,12.0,-12.46,130.84,41.0,31.1
6.0,9.0,-12.46,130.84,41.0,21.8
6.0,15.0,-12.46,130.84,41.0,30.5
6.0,3.0,-12.46,130.84,41.0,20.2
6.0,12.0,-12.46,130.84,41.0,32.1
6.0,9.0,-12.46,130.84,41.0,23.9
6.0,15.0,-12.46,130.84,41.0,31.2
6.0,3.0,-12.46,130.84,41.0,20.0
6.0,12.0,-12.46,130.84,41.0,33.1
6.0,9.0,-12.46,130.84,41.0,24.2
6.0,15.0,-12.46,130.84,41.0,32.7
6.0,3.0,-12.46,130.84,41.0,21.9
6.0,12.0,-12.46,130.84,41.0,33.0
6.0,9.0,-12.46,130.84,41.0,25.1
6.0,15.0,-12.46,130.84,41.0,32.7
6.0,3.0,-12.46,130.84,41.0,19.3
6.0,12.0,-12.46,130.84,41.0,33.4
6.0,9.0,-12.46,130.84,41.0,24.5
6.0,15.0,-12.46,130.84,41.0,32.3
6.0,3.0,-12.46,130.84,41.0,21.2
6.0,12.0,-12.46,130.84,41.0,32.6
6.0,9.0,-12.46,130.84,41.0,24.8
6.0,15.0,-12.46,130.84,41.0,32.0
6.0,3.0,-12.46,130.84,41.0,20.7
6.0,12.0,-12.46,130.84,41.0,32.8
6.0,9.0,-12.46,130.84,41.0,24.8
6.0,15.0,-12.46,130.84,41.0,32.1
6.0,3.0,-12.46,130.84,41.0,19.5
6.0,12.0,-12.46,130.84,41.0,31.8
6.0,9.0,-12.46,130.84,41.0,24.8
6.0,15.0,-12.46,130.84,41.0,29.2
6.0,3.0,-12.46,130.84,41.0,20.2
6.0,12.0,-12.46,130.84,41.0,31.7
6.0,9.0,-12.46,130.84,41.0,25.4
6.0,15.0,-12.46,130.84,41.0,31.0
6.0,3.0,-12.46,130.84,41.0,19.3
6.0,12.0,-12.46,130.84,41.0,30.7
6.0,9.0,-12.46,130.84,41.0,24.6
6.0,15.0,-12.46,130.84,41.0,29.0
6.0,3.0,-12.46,130.84,41.0,18.4
6.0,12.0,-12.46,130.84,41.0,31.4
6.0,9.0,-12.46,130.84,41.0,24.6
6.0,15.0,-12.46,130.84,41.0,31.0
6.0,3.0,-12.46,130.84,41.0,18.7
6.0,12.0,-12.46,130.84,41.0,30.7
6.0,9.0,-12.46,130.84,41.0,23.3
6.0,15.0,-12.46,130.84,41.0,30.2
6.0,3.0,-12.46,130.84,41.0,19.5
6.0,12.0,-12.46,130.84,41.0,30.3
6.0,9.0,-12.46,130.84,41.0,25.3
6.0,15.0,-12.46,130.84,41.0,28.0
6.0,3.0,-12.46,130.84,41.0,19.1
6.0,12.0,-12.46,130.84,41.0,32.3
6.0,9.0,-12.46,130.84,41.0,24.1
6.0,15.0,-12.46,130.84,41.0,31.0
6.0,3.0,-12.46,130.84,41.0,22.6
6.0,12.0,-12.46,130.84,41.0,31.9
6.0,9.0,-12.46,130.84,41.0,24.4
6.0,15.0,-12.46,130.84,41.0,31.5
