1.0,3.0,-12.46,130.84,41.0,23.2
1.0,12.0,-12.46,130.84,41.0,31.7
1.0,9.0,-12.46,130.84,41.0,25.1
1.0,15.0,-12.46,130.84,41.0,31.1
1.0,3.0,-12.46,130.84,41.0,23.5
1.0,12.0,-12.46,130.84,41.0,30.4
1.0,9.0,-12.46,130.84,41.0,24.3
1.0,15.0,-12.46,130.84,41.0,28.9
1.0,3.0,-12.46,130.84,41.0,24.3
1.0,12.0,-12.46,130.84,41.0,29.3
1.0,9.0,-12.46,130.84,41.0,26.0
1.0,15.0,-12.46,130.84,41.0,28.1
1.0,3.0,-12.46,130.84,41.0,24.7
1.0,12.0,-12.46,130.84,41.0,32.3
1.0,9.0,-12.46,130.84,41.0,29.3
1.0,15.0,-12.46,130.84,41.0,31.2
1.0,3.0,-12.46,130.84,41.0,25.5
1.0,12.0,-12.46,130.84,41.0,32.0
1.0,9.0,-12.46,130.84,41.0,25.5
1.0,15.0,-12.46,130.84,41.0,28.8
1.0,3.0,-12.46,130.84,41.0,25.3
1.0,12.0,-12.46,130.84,41.0,32.0
1.0,9.0,-12.46,130.84,41.0,29.9
1.0,15.0,-12.46,130.84,41.0,30.8
1.0,3.0,-12.46,130.84,41.0,27.5
1.0,12.0,-12.46,130.84,41.0,32.4
1.0,9.0,-12.46,130.84,41.0,29.9
1.0,15.0,-12.46,130.84,41.0,31.4
1.0,3.0,-12.46,130.84,41.0,28.1
1.0,12.0,-12.46,130.84,41.0,32.7
1.0,9.0,-12.46,130.84,41.0,30.0
1.0,15.0,-12.46,130.84,41.0,32.1
1.0,3.0,-12.46,130.84,41.0,28.2
1.0,12.0,-12.46,130.84,41.0,32.4
1.0,9.0,-12.46,130.84,41.0,29.8
1.0,15.0,-12.46,130.84,41.0,31.9
1.0,3.0,-12.46,130.84,41.0,27.8
1.0,12.0,-12.46,130.84,41.0,32.8
1.0,9.0,-12.46,130.84,41.0,30.2
1.0,15.0,-12.46,130.84,41.0,31.9
1.0,3.0,-12.46,130.84,41.0,27.8
1.0,12.0,-12.46,130.84,41.0,31.8
1.0,9.0,-12.46,130.84,41.0,30.1
1.0,15.0,-12.46,130.84,41.0,29.9
1.0,3.0,-12.46,130.84,41.0,25.7
1.0,12.0,-12.46,130.84,41.0,32.8
1.0,9.0,-12.46,130.84,41.0,29.6
1.0,15.0,-12.46,130.84,41.0,31.2
1.0,3.0,-12.46,130.84,41.0,27.6
1.0,12.0,-12.46,130.84,41.0,32.4
1.0,9.0,-12.46,130.84,41.0,30.8
1.0,15.0,-12.46,130.84,41.0,31.5
1.0,3.0,-12.46,130.84,41.0,27.2
1.0,12.0,-12.46,130.84,41.0,33.2
1.0,9.0,-12.46,130.84,41.0,30.5
1.0,15.0,-12.46,130.84,41.0,31.6
1.0,3.0,-12.46,130.84,41.0,28.0
1.0,12.0,-12.46,130.84,41.0,32.9
1.0,9.0,-12.46,130.84,41.0,30.1
1.0,15.0,-12.46,130.84,41.0,31.6
1.0,3.0,-12.46,130.84,41.0,27.6
1.0,12.0,-12.46,130.84,41.0,33.0
1.0,9.0,-12.46,130.84,41.0,29.8
1.0,15.0,-12.46,130.84,41.0,30.8
1.0,3.0,-12.46,130.84,41.0,24.9
1.0,12.0,-12.46,130.84,41.0,33.3
1.0,9.0,-12.46,130.84,41.0,29.2
1.0,15.0,-12.46,130.84,41.0,32.7
1.0,3.0,-12.46,130.84,41.0,27.1
1.0,12.0,-12.46,130.84,41.0,32.8
1.0,9.0,-12.46,130.84,41.0,30.4
1.0,15.0,-12.46,130.84,41.0,29.4
1.0,3.0,-12.46,130.84,41.0,24.8
1.0,12.0,-12.46,130.84,41.0,32.6
1.0,9.0,-12.46,130.84,41.0,27.9
1.0,15.0,-12.46,130.84,41.0,31.3
1.0,3.0,-12.46,130.84,41.0,23.8
1.0,12.0,-12.46,130.84,41.0,28.9
1.0,9.0,-12.46,130.84,41.0,26.1
1.0,15.0,-12.46,130.84,41.0,28.5
1.0,3.0,-12.46,130.84,41.0,24.0
1.0,12.0,-12.46,130.84,41.0,31.1
1.0,9.0,-12.46,130.84,41.0,24.4
1.0,15.0,-12.46,130.84,41.0,29.4
1.0,3.0,-12.46,130.84,41.0,24.4
1.0,12.0,-12.46,130.84,41.0,32.8
1.0,9.0,-12.46,130.84,41.0,29.4
1.0,15.0,-12.46,130.84,41.0,32.2
1.0,3.0,-12.46,130.84,41.0,24.7
1.0,12.0,-12.46,130.84,41.0,30.5
1.0,9.0,-12.46,130.84,41.0,27.5
1.0,15.0,-12.46,130.84,41.0,27.0
1.0,3.0,-12.46,130.84,41.0,22.5
1.0,12.0,-12.46,130.84,41.0,28.4
1.0,9.0,-12.46,130.84,41.0,24.5
1.0,15.0,-12.46,130.84,41.0,25.5
1.0,3.0,-12.46,130.84,41.0,24.1
1.0,12.0,-12.46,130.84,41.0,31.0
1.0,9.0,-12.46,130.84,41.0,28.1
1.0,15.0,-12.46,130.84,41.0,29.8
1.0,3.0,-12.46,130.84,41.0,25.0
1.0,12.0,-12.46,130.84,41.0,32.3
1.0,9.0,-12.46,130.84,41.0,29.1
1.0,15.0,-12.46,130.84,41.0,31.7
1.0,3.0,-12.46,130.84,41.0,25.7
1.0,12.0,-12.46,130.84,41.0,31.5
1.0,9.0,-12.46,130.84,41.0,29.0
1.0,15.0,-12.46,130.84,41.0,27.3
1.0,3.0,-12.46,130.84,41.0,25.0
1.0,12.0,-12.46,130.84,41.0,34.1
1.0,9.0,-12.46,130.84,41.0,28.3
1.0,15.0,-12.46,130.84,41.0,31.5
1.0,3.0,-12.46,130.84,41.0,22.7
1.0,12.0,-12.46,130.84,41.0,33.3
1.0,9.0,-12.46,130.84,41.0,27.9
1.0,15.0,-12.46,130.84,41.0,30.7
1.0,3.0,-12.46,130.84,41.0,24.2
1.0,12.0,-12.46,130.84,41.0,32.5
1.0,9.0,-12.46,130.84,41.0,25.0
1.0,15.0,-12.46,130.84,41.0,31.6
1.0,3.0,-12.46,130.84,41.0,24.9
1.0,12.0,-12.46,130.84,41.0,32.3
1.0,9.0,-12.46,130.84,41.0,28.4
1.0,15.0,-12.46,130.84,41.0,31.8
