10.0,3.0,-12.46,130.84,41.0,23.4
10.0,12.0,-12.46,130.84,41.0,33.8
10.0,9.0,-12.46,130.84,41.0,29.9
10.0,15.0,-12.46,130.84,41.0,32.0
10.0,3.0,-12.46,130.84,41.0,24.9
10.0,12.0,-12.46,130.84,41.0,33.7
10.0,9.0,-12.46,130.84,41.0,30.2
10.0,15.0,-12.46,130.84,41.0,33.0
10.0,3.0,-12.46,130.84,41.0,25.6
10.0,12.0,-12.46,130.84,41.0,34.1
10.0,9.0,-12.46,130.84,41.0,29.7
10.0,15.0,-12.46,130.84,41.0,27.9
10.0,3.0,-12.46,130.84,41.0,23.2
10.0,12.0,-12.46,130.84,41.0,34.4
10.0,9.0,-12.46,130.84,41.0,27.0
10.0,15.0,-12.46,130.84,41.0,32.6
10.0,3.0,-12.46,130.84,41.0,23.7
10.0,12.0,-12.46,130.84,41.0,34.7
10.0,9.0,-12.46,130.84,41.0,26.6
10.0,15.0,-12.46,130.84,41.0,34.0
10.0,3.0,-12.46,130.84,41.0,24.8
10.0,12.0,-12.46,130.84,41.0,35.8
10.0,9.0,-12.46,130.84,41.0,28.7
10.0,15.0,-12.46,130.84,41.0,35.4
10.0,3.0,-12.46,130.84,41.0,26.3
10.0,12.0,-12.46,130.84,41.0,36.2
10.0,9.0,-12.46,130.84,41.0,29.9
10.0,15.0,-12.46,130.84,41.0,34.9
10.0,3.0,-12.46,130.84,41.0,25.7
10.0,12.0,-12.46,130.84,41.0,37.5
10.0,9.0,-12.46,130.84,41.0,30.1
10.0,15.0,-12.46,130.84,41.0,36.8
10.0,3.0,-12.46,130.84,41.0,22.8
10.0,12.0,-12.46,130.84,41.0,34.3
10.0,9.0,-12.46,130.84,41.0,29.4
10.0,15.0,-12.46,130.84,41.0,33.5
10.0,3.0,-12.46,130.84,41.0,24.4
10.0,12.0,-12.46,130.84,41.0,33.6
10.0,9.0,-12.46,130.84,41.0,30.1
10.0,15.0,-12.46,130.84,41.0,31.6
10.0,3.0,-12.46,130.84,41.0,24.4
10.0,12.0,-12.46,130.84,41.0,33.2
10.0,9.0,-12.46,130.84,41.0,29.7
10.0,15.0,-12.46,130.84,41.0,32.7
10.0,3.0,-12.46,130.84,41.0,24.6
10.0,12.0,-12.46,130.84,41.0,34.2
10.0,9.0,-12.46,130.84,41.0,30.0
10.0,15.0,-12.46,130.84,41.0,33.7
10.0,3.0,-12.46,130.84,41.0,23.5
10.0,12.0,-12.46,130.84,41.0,33.2
10.0,9.0,-12.46,130.84,41.0,30.0
10.0,15.0,-12.46,130.84,41.0,31.8
10.0,3.0,-12.46,130.84,41.0,25.4
10.0,12.0,-12.46,130.84,41.0,33.2
10.0,9.0,-12.46,130.84,41.0,29.5
10.0,15.0,-12.46,130.84,41.0,32.8
10.0,3.0,-12.46,130.84,41.0,24.7
10.0,12.0,-12.46,130.84,41.0,33.2
10.0,9.0,-12.46,130.84,41.0,31.0
10.0,15.0,-12.46,130.84,41.0,32.2
10.0,3.0,-12.46,130.84,41.0,24.3
10.0,12.0,-12.46,130.84,41.0,33.8
10.0,9.0,-12.46,130.84,41.0,29.9
10.0,15.0,-12.46,130.84,41.0,31.8
10.0,3.0,-12.46,130.84,41.0,25.1
10.0,12.0,-12.46,130.84,41.0,35.2
10.0,9.0,-12.46,130.84,41.0,30.1
10.0,15.0,-12.46,130.84,41.0,34.7
10.0,3.0,-12.46,130.84,41.0,26.3
10.0,12.0,-12.46,130.84,41.0,34.0
10.0,9.0,-12.46,130.84,41.0,30.3
10.0,15.0,-12.46,130.84,41.0,33.0
10.0,3.0,-12.46,130.84,41.0,25.9
10.0,12.0,-12.46,130.84,41.0,34.7
10.0,9.0,-12.46,130.84,41.0,30.6
10.0,15.0,-12.46,130.84,41.0,29.6
10.0,3.0,-12.46,130.84,41.0,25.1
10.0,12.0,-12.46,130.84,41.0,32.6
10.0,9.0,-12.46,130.84,41.0,29.6
10.0,15.0,-12.46,130.84,41.0,25.8
10.0,3.0,-12.46,130.84,41.0,24.3
10.0,12.0,-12.46,130.84,41.0,34.5
10.0,9.0,-12.46,130.84,41.0,30.0
10.0,15.0,-12.46,130.84,41.0,34.1
10.0,3.0,-12.46,130.84,41.0,24.0
10.0,12.0,-12.46,130.84,41.0,26.7
10.0,9.0,-12.46,130.84,41.0,24.5
10.0,15.0,-12.46,130.84,41.0,25.9
10.0,3.0,-12.46,130.84,41.0,23.1
10.0,12.0,-12.46,130.84,41.0,33.3
10.0,9.0,-12.46,130.84,41.0,26.3
10.0,15.0,-12.46,130.84,41.0,32.4
10.0,3.0,-12.46,130.84,41.0,25.0
10.0,12.0,-12.46,130.84,41.0,34.9
10.0,9.0,-12.46,130.84,41.0,29.3
10.0,15.0,-12.46,130.84,41.0,33.6
10.0,3.0,-12.46,130.84,41.0,24.8
10.0,12.0,-12.46,130.84,41.0,33.3
10.0,9.0,-12.46,130.84,41.0,27.9
10.0,15.0,-12.46,130.84,41.0,31.8
10.0,3.0,-12.46,130.84,41.0,23.0
10.0,12.0,-12.46,130.84,41.0,32.6
10.0,9.0,-12.46,130.84,41.0,27.9
10.0,15.0,-12.46,130.84,41.0,30.0
10.0,3.0,-12.46,130.84,41.0,23.5
10.0,12.0,-12.46,130.84,41.0,32.3
10.0,9.0,-12.46,130.84,41.0,29.2
10.0,15.0,-12.46,130.84,41.0,31.7
10.0,3.0,-12.46,130.84,41.0,25.8
10.0,12.0,-12.46,130.84,41.0,32.7
10.0,9.0,-12.46,130.84,41.0,30.1
10.0,15.0,-12.46,130.84,41.0,30.4
10.0,3.0,-12.46,130.84,41.0,25.3
10.0,12.0,-12.46,130.84,41.0,33.8
10.0,9.0,-12.46,130.84,41.0,30.0
10.0,15.0,-12.46,130.84,41.0,32.8
10.0,3.0,-12.46,130.84,41.0,25.5
10.0,12.0,-12.46,130.84,41.0,33.7
10.0,9.0,-12.46,130.84,41.0,30.8
10.0,15.0,-12.46,130.84,41.0,32.8
10.0,3.0,-12.46,130.84,41.0,25.7
10.0,12.0,-12.46,130.84,41.0,33.7
10.0,9.0,-12.46,130.84,41.0,30.6
10.0,15.0,-12.46,130.84,41.0,33.0
