2.0,3.0,-12.46,130.84,41.0,24.9
2.0,12.0,-12.46,130.84,41.0,32.8
2.0,9.0,-12.46,130.84,41.0,26.8
2.0,15.0,-12.46,130.84,41.0,31.5
2.0,3.0,-12.46,130.84,41.0,25.1
2.0,12.0,-12.46,130.84,41.0,32.1
2.0,9.0,-12.46,130.84,41.0,28.2
2.0,15.0,-12.46,130.84,41.0,31.7
2.0,3.0,-12.46,130.84,41.0,25.6
2.0,12.0,-12.46,130.84,41.0,30.2
2.0,9.0,-12.46,130.84,41.0,28.5
2.0,15.0,-12.46,130.84,41.0,28.7
2.0,3.0,-12.46,130.84,41.0,25.8
2.0,12.0,-12.46,130.84,41.0,27.5
2.0,9.0,-12.46,130.84,41.0,26.8
2.0,15.0,-12.46,130.84,41.0,25.2
2.0,3.0,-12.46,130.84,41.0,23.7
2.0,12.0,-12.46,130.84,41.0,28.4
2.0,9.0,-12.46,130.84,41.0,25.9
2.0,15.0,-12.46,130.84,41.0,27.4
2.0,3.0,-12.46,130.84,41.0,23.8
2.0,12.0,-12.46,130.84,41.0,30.0
2.0,9.0,-12.46,130.84,41.0,27.6
2.0,15.0,-12.46,130.84,41.0,26.3
2.0,3.0,-12.46,130.84,41.0,24.8
2.0,12.0,-12.46,130.84,41.0,32.1
2.0,9.0,-12.46,130.84,41.0,29.6
2.0,15.0,-12.46,130.84,41.0,29.8
2.0,3.0,-12.46,130.84,41.0,26.0
2.0,12.0,-12.46,130.84,41.0,31.5
2.0,9.0,-12.46,130.84,41.0,28.8
2.0,15.0,-12.46,130.84,41.0,24.7
2.0,3.0,-12.46,130.84,41.0,23.3
2.0,12.0,-12.46,130.84,41.0,28.2
2.0,9.0,-12.46,130.84,41.0,25.4
2.0,15.0,-12.46,130.84,41.0,27.4
2.0,3.0,-12.46,130.84,41.0,23.4
2.0,12.0,-12.46,130.84,41.0,29.1
2.0,9.0,-12.46,130.84,41.0,24.9
2.0,15.0,-12.46,130.84,41.0,26.3
2.0,3.0,-12.46,130.84,41.0,24.7
2.0,12.0,-12.46,130.84,41.0,30.6
2.0,9.0,-12.46,130.84,41.0,28.7
2.0,15.0,-12.46,130.84,41.0,29.4
2.0,3.0,-12.46,130.84,41.0,24.0
2.0,12.0,-12.46,130.84,41.0,29.0
2.0,9.0,-12.46,130.84,41.0,24.4
2.0,15.0,-12.46,130.84,41.0,28.7
2.0,3.0,-12.46,130.84,41.0,23.6
2.0,12.0,-12.46,130.84,41.0,29.9
2.0,9.0,-12.46,130.84,41.0,26.7
2.0,15.0,-12.46,130.84,41.0,29.4
2.0,3.0,-12.46,130.84,41.0,24.4
2.0,12.0,-12.46,130.84,41.0,31.5
2.0,9.0,-12.46,130.84,41.0,28.9
2.0,15.0,-12.46,130.84,41.0,30.6
2.0,3.0,-12.46,130.84,41.0,26.7
2.0,12.0,-12.46,130.84,41.0,31.9
2.0,9.0,-12.46,130.84,41.0,29.2
2.0,15.0,-12.46,130.84,41.0,31.2
2.0,3.0,-12.46,130.84,41.0,26.8
2.0,12.0,-12.46,130.84,41.0,32.0
2.0,9.0,-12.46,130.84,41.0,29.1
2.0,15.0,-12.46,130.84,41.0,30.9
2.0,3.0,-12.46,130.84,41.0,26.6
2.0,12.0,-12.46,130.84,41.0,32.5
2.0,9.0,-12.46,130.84,41.0,29.3
2.0,15.0,-12.46,130.84,41.0,31.9
2.0,3.0,-12.46,130.84,41.0,27.3
2.0,12.0,-12.46,130.84,41.0,32.5
2.0,9.0,-12.46,130.84,41.0,28.4
2.0,15.0,-12.46,130.84,41.0,31.6
2.0,3.0,-12.46,130.84,41.0,25.2
2.0,12.0,-12.46,130.84,41.0,31.9
2.0,9.0,-12.46,130.84,41.0,28.7
2.0,15.0,-12.46,130.84,41.0,31.5
2.0,3.0,-12.46,130.84,41.0,23.7
2.0,12.0,-12.46,130.84,41.0,33.2
2.0,9.0,-12.46,130.84,41.0,27.6
2.0,15.0,-12.46,130.84,41.0,31.4
2.0,3.0,-12.46,130.84,41.0,25.9
2.0,12.0,-12.46,130.84,41.0,34.4
2.0,9.0,-12.46,130.84,41.0,29.0
2.0,15.0,-12.46,130.84,41.0,33.9
2.0,3.0,-12.46,130.84,41.0,25.1
2.0,12.0,-12.46,130.84,41.0,34.0
2.0,9.0,-12.46,130.84,41.0,29.2
2.0,15.0,-12.46,130.84,41.0,33.2
2.0,3.0,-12.46,130.84,41.0,26.0
2.0,12.0,-12.46,130.84,41.0,34.7
2.0,9.0,-12.46,130.84,41.0,29.3
2.0,15.0,-12.46,130.84,41.0,33.3
2.0,3.0,-12.46,130.84,41.0,28.3
2.0,12.0,-12.46,130.84,41.0,32.1
2.0,9.0,-12.46,130.84,41.0,29.4
2.0,15.0,-12.46,130.84,41.0,30.6
2.0,3.0,-12.46,130.84,41.0,25.3
2.0,12.0,-12.46,130.84,41.0,31.3
2.0,9.0,-12.46,130.84,41.0,28.4
2.0,15.0,-12.46,130.84,41.0,29.9
2.0,3.0,-12.46,130.84,41.0,25.7
2.0,12.0,-12.46,130.84,41.0,33.3
2.0,9.0,-12.46,130.84,41.0,27.3
2.0,15.0,-12.46,130.84,41.0,32.7
2.0,3.0,-12.46,130.84,41.0,24.2
2.0,12.0,-12.46,130.84,41.0,33.7
2.0,9.0,-12.46,130.84,41.0,28.0
2.0,15.0,-12.46,130.84,41.0,32.5
2.0,3.0,-12.46,130.84,41.0,23.9
2.0,12.0,-12.46,130.84,41.0,33.1
2.0,9.0,-12.46,130.84,41.0,28.3
2.0,15.0,-12.46,130.84,41.0,32.0
