9.0,3.0,-12.46,130.84,41.0,23.8
9.0,12.0,-12.46,130.84,41.0,31.7
9.0,9.0,-12.46,130.84,41.0,28.2
9.0,15.0,-12.46,130.84,41.0,30.6
9.0,3.0,-12.46,130.84,41.0,25.9
9.0,12.0,-12.46,130.84,41.0,32.1
9.0,9.0,-12.46,130.84,41.0,28.5
9.0,15.0,-12.46,130.84,41.0,31.3
9.0,3.0,-12.46,130.84,41.0,25.0
9.0,12.0,-12.46,130.84,41.0,32.8
9.0,9.0,-12.46,130.84,41.0,28.5
9.0,15.0,-12.46,130.84,41.0,31.5
9.0,3.0,-12.46,130.84,41.0,25.6
9.0,12.0,-12.46,130.84,41.0,33.1
9.0,9.0,-12.46,130.84,41.0,28.5
9.0,15.0,-12.46,130.84,41.0,31.4
9.0,3.0,-12.46,130.84,41.0,23.4
9.0,12.0,-12.46,130.84,41.0,35.0
9.0,9.0,-12.46,130.84,41.0,28.3
9.0,15.0,-12.46,130.84,41.0,33.3
9.0,3.0,-12.46,130.84,41.0,24.0
9.0,12.0,-12.46,130.84,41.0,35.2
9.0,9.0,-12.46,130.84,41.0,29.2
9.0,15.0,-12.46,130.84,41.0,31.9
9.0,3.0,-12.46,130.84,41.0,22.8
9.0,12.0,-12.46,130.84,41.0,33.0
9.0,9.0,-12.46,130.84,41.0,28.5
9.0,15.0,-12.46,130.84,41.0,31.4
9.0,3.0,-12.46,130.84,41.0,23.9
9.0,12.0,-12.46,130.84,41.0,33.9
9.0,9.0,-12.46,130.84,41.0,28.7
9.0,15.0,-12.46,130.84,41.0,32.3
9.0,3.0,-12.46,130.84,41.0,22.9
9.0,12.0,-12.46,130.84,41.0,32.8
9.0,9.0,-12.46,130.84,41.0,28.9
9.0,15.0,-12.46,130.84,41.0,31.7
9.0,3.0,-12.46,130.84,41.0,23.4
9.0,12.0,-12.46,130.84,41.0,32.4
9.0,9.0,-12.46,130.84,41.0,28.9
9.0,15.0,-12.46,130.84,41.0,30.2
9.0,3.0,-12.46,130.84,41.0,23.8
9.0,12.0,-12.46,130.84,41.0,33.9
9.0,9.0,-12.46,130.84,41.0,29.8
9.0,15.0,-12.46,130.84,41.0,32.3
9.0,3.0,-12.46,130.84,41.0,26.0
9.0,12.0,-12.46,130.84,41.0,33.6
9.0,9.0,-12.46,130.84,41.0,28.8
9.0,15.0,-12.46,130.84,41.0,32.0
9.0,3.0,-12.46,130.84,41.0,24.8
9.0,12.0,-12.46,130.84,41.0,33.0
9.0,9.0,-12.46,130.84,41.0,28.9
9.0,15.0,-12.46,130.84,41.0,32.4
9.0,3.0,-12.46,130.84,41.0,23.8
9.0,12.0,-12.46,130.84,41.0,33.1
9.0,9.0,-12.46,130.84,41.0,28.9
9.0,15.0,-12.46,130.84,41.0,31.8
9.0,3.0,-12.46,130.84,41.0,24.6
9.0,12.0,-12.46,130.84,41.0,32.9
9.0,9.0,-12.46,130.84,41.0,29.3
9.0,15.0,-12.46,130.84,41.0,31.7
9.0,3.0,-12.46,130.84,41.0,24.8
9.0,12.0,-12.46,130.84,41.0,32.9
9.0,9.0,-12.46,130.84,41.0,29.6
9.0,15.0,-12.46,130.84,41.0,31.7
9.0,3.0,-12.46,130.84,41.0,23.5
9.0,12.0,-12.46,130.84,41.0,34.0
9.0,9.0,-12.46,130.84,41.0,28.2
9.0,15.0,-12.46,130.84,41.0,32.7
9.0,3.0,-12.46,130.84,41.0,25.2
9.0,12.0,-12.46,130.84,41.0,30.1
9.0,9.0,-12.46,130.84,41.0,26.7
9.0,15.0,-12.46,130.84,41.0,24.9
9.0,3.0,-12.46,130.84,41.0,22.8
9.0,12.0,-12.46,130.84,41.0,30.8
9.0,9.0,-12.46,130.84,41.0,25.0
9.0,15.0,-12.46,130.84,41.0,29.2
9.0,3.0,-12.46,130.84,41.0,23.8
9.0,12.0,-12.46,130.84,41.0,32.8
9.0,9.0,-12.46,130.84,41.0,28.6
9.0,15.0,-12.46,130.84,41.0,32.1
9.0,3.0,-12.46,130.84,41.0,25.1
9.0,12.0,-12.46,130.84,41.0,33.3
9.0,9.0,-12.46,130.84,41.0,29.6
9.0,15.0,-12.46,130.84,41.0,32.1
9.0,3.0,-12.46,130.84,41.0,25.0
9.0,12.0,-12.46,130.84,41.0,35.5
9.0,9.0,-12.46,130.84,41.0,28.1
9.0,15.0,-12.46,130.84,41.0,34.3
9.0,3.0,-12.46,130.84,41.0,26.1
9.0,12.0,-12.46,130.84,41.0,31.8
9.0,9.0,-12.46,130.84,41.0,28.9
9.0,15.0,-12.46,130.84,41.0,29.6
9.0,3.0,-12.46,130.84,41.0,24.5
9.0,12.0,-12.46,130.84,41.0,33.0
9.0,9.0,-12.46,130.84,41.0,29.0
9.0,15.0,-12.46,130.84,41.0,32.3
9.0,3.0,-12.46,130.84,41.0,26.5
9.0,12.0,-12.46,130.84,41.0,33.3
9.0,9.0,-12.46,130.84,41.0,29.4
9.0,15.0,-12.46,130.84,41.0,32.6
9.0,3.0,-12.46,130.84,41.0,26.2
9.0,12.0,-12.46,130.84,41.0,34.1
9.0,9.0,-12.46,130.84,41.0,30.5
9.0,15.0,-12.46,130.84,41.0,32.4
9.0,3.0,-12.46,130.84,41.0,26.4
9.0,12.0,-12.46,130.84,41.0,33.4
9.0,9.0,-12.46,130.84,41.0,29.9
9.0,15.0,-12.46,130.84,41.0,32.9
9.0,3.0,-12.46,130.84,41.0,25.4
9.0,12.0,-12.46,130.84,41.0,34.7
9.0,9.0,-12.46,130.84,41.0,29.3
9.0,15.0,-12.46,130.84,41.0,34.0
9.0,3.0,-12.46,130.84,41.0,25.5
9.0,12.0,-12.46,130.84,41.0,34.3
9.0,9.0,-12.46,130.84,41.0,29.9
9.0,15.0,-12.46,130.84,41.0,30.8
9.0,3.0,-12.46,130.84,41.0,25.9
9.0,12.0,-12.46,130.84,41.0,32.8
9.0,9.0,-12.46,130.84,41.0,29.2
9.0,15.0,-12.46,130.84,41.0,29.8
