12.0,3.0,-12.46,130.84,41.0,25.5
12.0,12.0,-12.46,130.84,41.0,33.5
12.0,9.0,-12.46,130.84,41.0,27.6
12.0,15.0,-12.46,130.84,41.0,33.3
12.0,3.0,-12.46,130.84,41.0,25.3
12.0,12.0,-12.46,130.84,41.0,34.1
12.0,9.0,-12.46,130.84,41.0,28.8
12.0,15.0,-12.46,130.84,41.0,33.9
12.0,3.0,-12.46,130.84,41.0,25.9
12.0,12.0,-12.46,130.84,41.0,33.5
12.0,9.0,-12.46,130.84,41.0,29.4
12.0,15.0,-12.46,130.84,41.0,30.7
12.0,3.0,-12.46,130.84,41.0,25.8
12.0,12.0,-12.46,130.84,41.0,35.2
12.0,9.0,-12.46,130.84,41.0,30.2
12.0,15.0,-12.46,130.84,41.0,34.0
12.0,3.0,-12.46,130.84,41.0,25.9
12.0,12.0,-12.46,130.84,41.0,33.6
12.0,9.0,-12.46,130.84,41.0,30.7
12.0,15.0,-12.46,130.84,41.0,30.0
12.0,3.0,-12.46,130.84,41.0,25.5
12.0,12.0,-12.46,130.84,41.0,33.8
12.0,9.0,-12.46,130.84,41.0,31.0
12.0,15.0,-12.46,130.84,41.0,33.3
12.0,3.0,-12.46,130.84,41.0,25.4
12.0,12.0,-12.46,130.84,41.0,33.6
12.0,9.0,-12.46,130.84,41.0,31.0
12.0,15.0,-12.46,130.84,41.0,32.6
12.0,3.0,-12.46,130.84,41.0,25.9
12.0,12.0,-12.46,130.84,41.0,34.2
12.0,9.0,-12.46,130.84,41.0,30.1
12.0,15.0,-12.46,130.84,41.0,33.3
12.0,3.0,-12.46,130.84,41.0,25.7
12.0,12.0,-12.46,130.84,41.0,34.5
12.0,9.0,-12.46,130.84,41.0,31.3
12.0,15.0,-12.46,130.84,41.0,33.3
12.0,3.0,-12.46,130.84,41.0,25.5
12.0,12.0,-12.46,130.84,41.0,34.6
12.0,9.0,-12.46,130.84,41.0,30.6
12.0,15.0,-12.46,130.84,41.0,33.1
12.0,3.0,-12.46,130.84,41.0,27.9
12.0,12.0,-12.46,130.84,41.0,34.0
12.0,9.0,-12.46,130.84,41.0,31.7
12.0,15.0,-12.46,130.84,41.0,30.5
12.0,3.0,-12.46,130.84,41.0,24.9
12.0,12.0,-12.46,130.84,41.0,34.5
12.0,9.0,-12.46,130.84,41.0,29.6
12.0,15.0,-12.46,130.84,41.0,32.8
12.0,3.0,-12.46,130.84,41.0,26.6
12.0,12.0,-12.46,130.84,41.0,34.2
12.0,9.0,-12.46,130.84,41.0,30.9
12.0,15.0,-12.46,130.84,41.0,33.6
12.0,3.0,-12.46,130.84,41.0,24.5
12.0,12.0,-12.46,130.84,41.0,33.4
12.0,9.0,-12.46,130.84,41.0,29.2
12.0,15.0,-12.46,130.84,41.0,32.6
12.0,3.0,-12.46,130.84,41.0,24.5
12.0,12.0,-12.46,130.84,41.0,31.8
12.0,9.0,-12.46,130.84,41.0,30.3
12.0,15.0,-12.46,130.84,41.0,31.1
12.0,3.0,-12.46,130.84,41.0,25.3
12.0,12.0,-12.46,130.84,41.0,33.6
12.0,9.0,-12.46,130.84,41.0,30.9
12.0,15.0,-12.46,130.84,41.0,32.9
12.0,3.0,-12.46,130.84,41.0,23.2
12.0,12.0,-12.46,130.84,41.0,31.6
12.0,9.0,-12.46,130.84,41.0,27.2
12.0,15.0,-12.46,130.84,41.0,29.4
12.0,3.0,-12.46,130.84,41.0,25.4
12.0,12.0,-12.46,130.84,41.0,31.6
12.0,9.0,-12.46,130.84,41.0,27.7
12.0,15.0,-12.46,130.84,41.0,28.8
12.0,3.0,-12.46,130.84,41.0,24.9
12.0,12.0,-12.46,130.84,41.0,30.5
12.0,9.0,-12.46,130.84,41.0,25.8
12.0,15.0,-12.46,130.84,41.0,28.0
12.0,3.0,-12.46,130.84,41.0,25.0
12.0,12.0,-12.46,130.84,41.0,28.9
12.0,9.0,-12.46,130.84,41.0,27.9
12.0,15.0,-12.46,130.84,41.0,27.3
12.0,3.0,-12.46,130.84,41.0,23.8
12.0,12.0,-12.46,130.84,41.0,31.1
12.0,9.0,-12.46,130.84,41.0,24.3
12.0,15.0,-12.46,130.84,41.0,30.9
12.0,3.0,-12.46,130.84,41.0,23.8
12.0,12.0,-12.46,130.84,41.0,27.5
12.0,9.0,-12.46,130.84,41.0,24.5
12.0,15.0,-12.46,130.84,41.0,24.8
12.0,3.0,-12.46,130.84,41.0,23.3
12.0,12.0,-12.46,130.84,41.0,33.5
12.0,9.0,-12.46,130.84,41.0,27.5
12.0,15.0,-12.46,130.84,41.0,33.1
12.0,3.0,-12.46,130.84,41.0,26.2
12.0,12.0,-12.46,130.84,41.0,33.2
12.0,9.0,-12.46,130.84,41.0,29.5
12.0,15.0,-12.46,130.84,41.0,31.0
12.0,3.0,-12.46,130.84,41.0,25.6
12.0,12.0,-12.46,130.84,41.0,33.2
12.0,9.0,-12.46,130.84,41.0,29.4
12.0,15.0,-12.46,130.84,41.0,32.5
12.0,3.0,-12.46,130.84,41.0,25.4
12.0,12.0,-12.46,130.84,41.0,33.4
12.0,9.0,-12.46,130.84,41.0,28.0
12.0,15.0,-12.46,130.84,41.0,32.3
12.0,3.0,-12.46,130.84,41.0,24.4
12.0,12.0,-12.46,130.84,41.0,31.6
12.0,9.0,-12.46,130.84,41.0,28.8
12.0,15.0,-12.46,130.84,41.0,28.9
12.0,3.0,-12.46,130.84,41.0,23.9
12.0,12.0,-12.46,130.84,41.0,28.7
12.0,9.0,-12.46,130.84,41.0,25.0
12.0,15.0,-12.46,130.84,41.0,27.5
12.0,3.0,-12.46,130.84,41.0,25.2
12.0,12.0,-12.46,130.84,41.0,31.7
12.0,9.0,-12.46,130.84,41.0,26.9
12.0,15.0,-12.46,130.84,41.0,30.6
12.0,3.0,-12.46,130.84,41.0,26.3
12.0,12.0,-12.46,130.84,41.0,30.9
12.0,9.0,-12.46,130.84,41.0,29.6
12.0,15.0,-12.46,130.84,41.0,24.1
12.0,3.0,-12.46,130.84,41.0,23.7
12.0,12.0,-12.46,130.84,41.0,32.3
12.0,9.0,-12.46,130.84,41.0,29.2
12.0,15.0,-12.46,130.84,41.0,31.4
