5.0,3.0,-12.46,130.84,41.0,22.1
5.0,12.0,-12.46,130.84,41.0,32.3
5.0,9.0,-12.46,130.84,41.0,27.2
5.0,15.0,-12.46,130.84,41.0,30.9
5.0,3.0,-12.46,130.84,41.0,22.2
5.0,12.0,-12.46,130.84,41.0,33.1
5.0,9.0,-12.46,130.84,41.0,27.3
5.0,15.0,-12.46,130.84,41.0,30.7
5.0,3.0,-12.46,130.84,41.0,23.6
5.0,12.0,-12.46,130.84,41.0,32.7
5.0,9.0,-12.46,130.84,41.0,27.8
5.0,15.0,-12.46,130.84,41.0,31.6
5.0,3.0,-12.46,130.84,41.0,24.3
5.0,12.0,-12.46,130.84,41.0,32.7
5.0,9.0,-12.46,130.84,41.0,26.9
5.0,15.0,-12.46,130.84,41.0,31.9
5.0,3.0,-12.46,130.84,41.0,22.9
5.0,12.0,-12.46,130.84,41.0,33.4
5.0,9.0,-12.46,130.84,41.0,27.3
5.0,15.0,-12.46,130.84,41.0,32.7
5.0,3.0,-12.46,130.84,41.0,23.1
5.0,12.0,-12.46,130.84,41.0,33.5
5.0,9.0,-12.46,130.84,41.0,27.8
5.0,15.0,-12.46,130.84,41.0,32.7
5.0,3.0,-12.46,130.84,41.0,23.9
5.0,12.0,-12.46,130.84,41.0,33.7
5.0,9.0,-12.46,130.84,41.0,28.2
5.0,15.0,-12.46,130.84,41.0,33.1
5.0,3.0,-12.46,130.84,41.0,22.4
5.0,12.0,-12.46,130.84,41.0,33.0
5.0,9.0,-12.46,130.84,41.0,26.2
5.0,15.0,-12.46,130.84,41.0,32.7
5.0,3.0,-12.46,130.84,41.0,22.4
5.0,12.0,-12.46,130.84,41.0,33.2
5.0,9.0,-12.46,130.84,41.0,25.8
5.0,15.0,-12.46,130.84,41.0,32.8
5.0,3.0,-12.46,130.84,41.0,21.3
5.0,12.0,-12.46,130.84,41.0,32.6
5.0,9.0,-12.46,130.84,41.0,25.0
5.0,15.0,-12.46,130.84,41.0,32.0
5.0,3.0,-12.46,130.84,41.0,20.4
5.0,12.0,-12.46,130.84,41.0,32.3
5.0,9.0,-12.46,130.84,41.0,25.1
5.0,15.0,-12.46,130.84,41.0,31.4
5.0,3.0,-12.46,130.84,41.0,21.4
5.0,12.0,-12.46,130.84,41.0,32.4
5.0,9.0,-12.46,130.84,41.0,26.6
5.0,15.0,-12.46,130.84,41.0,31.4
5.0,3.0,-12.46,130.84,41.0,22.8
5.0,12.0,-12.46,130.84,41.0,31.8
5.0,9.0,-12.46,130.84,41.0,26.9
5.0,15.0,-12.46,130.84,41.0,29.9
5.0,3.0,-12.46,130.84,41.0,23.0
5.0,12.0,-12.46,130.84,41.0,32.7
5.0,9.0,-12.46,130.84,41.0,26.0
5.0,15.0,-12.46,130.84,41.0,32.5
5.0,3.0,-12.46,130.84,41.0,20.5
5.0,12.0,-12.46,130.84,41.0,31.4
5.0,9.0,-12.46,130.84,41.0,25.2
5.0,15.0,-12.46,130.84,41.0,30.6
5.0,3.0,-12.46,130.84,41.0,22.1
5.0,12.0,-12.46,130.84,41.0,31.8
5.0,9.0,-12.46,130.84,41.0,25.5
5.0,15.0,-12.46,130.84,41.0,31.3
5.0,3.0,-12.46,130.84,41.0,22.2
5.0,12.0,-12.46,130.84,41.0,32.4
5.0,9.0,-12.46,130.84,41.0,26.5
5.0,15.0,-12.46,130.84,41.0,30.8
5.0,3.0,-12.46,130.84,41.0,24.0
5.0,12.0,-12.46,130.84,41.0,33.5
5.0,9.0,-12.46,130.84,41.0,26.4
5.0,15.0,-12.46,130.84,41.0,32.8
5.0,3.0,-12.46,130.84,41.0,23.5
5.0,12.0,-12.46,130.84,41.0,34.7
5.0,9.0,-12.46,130.84,41.0,27.2
5.0,15.0,-12.46,130.84,41.0,33.5
5.0,3.0,-12.46,130.84,41.0,21.7
5.0,12.0,-12.46,130.84,41.0,33.9
5.0,9.0,-12.46,130.84,41.0,27.1
5.0,15.0,-12.46,130.84,41.0,31.2
5.0,3.0,-12.46,130.84,41.0,22.3
5.0,12.0,-12.46,130.84,41.0,34.1
5.0,9.0,-12.46,130.84,41.0,26.3
5.0,15.0,-12.46,130.84,41.0,32.3
5.0,3.0,-12.46,130.84,41.0,23.6
5.0,12.0,-12.46,130.84,41.0,33.2
5.0,9.0,-12.46,130.84,41.0,27.5
5.0,15.0,-12.46,130.84,41.0,31.1
5.0,3.0,-12.46,130.84,41.0,24.0
5.0,12.0,-12.46,130.84,41.0,34.5
5.0,9.0,-12.46,130.84,41.0,28.7
5.0,15.0,-12.46,130.84,41.0,34.0
5.0,3.0,-12.46,130.84,41.0,22.5
5.0,12.0,-12.46,130.84,41.0,34.2
5.0,9.0,-12.46,130.84,41.0,28.5
5.0,15.0,-12.46,130.84,41.0,33.3
5.0,3.0,-12.46,130.84,41.0,22.4
5.0,12.0,-12.46,130.84,41.0,33.1
5.0,9.0,-12.46,130.84,41.0,27.2
5.0,15.0,-12.46,130.84,41.0,32.8
5.0,3.0,-12.46,130.84,41.0,24.3
5.0,12.0,-12.46,130.84,41.0,31.9
5.0,9.0,-12.46,130.84,41.0,27.1
5.0,15.0,-12.46,130.84,41.0,31.3
5.0,3.0,-12.46,130.84,41.0,23.5
5.0,12.0,-12.46,130.84,41.0,33.3
5.0,9.0,-12.46,130.84,41.0,26.9
5.0,15.0,-12.46,130.84,41.0,32.7
5.0,3.0,-12.46,130.84,41.0,22.4
5.0,12.0,-12.46,130.84,41.0,32.2
5.0,9.0,-12.46,130.84,41.0,26.5
5.0,15.0,-12.46,130.84,41.0,31.6
5.0,3.0,-12.46,130.84,41.0,24.1
5.0,12.0,-12.46,130.84,41.0,32.6
5.0,9.0,-12.46,130.84,41.0,27.5
5.0,15.0,-12.46,130.84,41.0,32.3
5.0,3.0,-12.46,130.84,41.0,22.5
5.0,12.0,-12.46,130.84,41.0,32.3
5.0,9.0,-12.46,130.84,41.0,25.3
5.0,15.0,-12.46,130.84,41.0,31.7
5.0,3.0,-12.46,130.84,41.0,20.4
5.0,12.0,-12.46,130.84,41.0,31.4
5.0,9.0,-12.46,130.84,41.0,23.1
5.0,15.0,-12.46,130.84,41.0,31.2
