5.0,9.0,-42.88,147.32,21.0,1003.6
5.0,15.0,-42.88,147.32,21.0,1004.1
5.0,9.0,-42.88,147.32,21.0,1009.7
5.0,15.0,-42.88,147.32,21.0,1014.3
5.0,9.0,-42.88,147.32,21.0,1026.3
5.0,15.0,-42.88,147.32,21.0,1026.5
5.0,9.0,-42.88,147.32,21.0,1029.6
5.0,15.0,-42.88,147.32,21.0,1027.0
5.0,9.0,-42.88,147.32,21.0,1027.5
5.0,15.0,-42.88,147.32,21.0,1022.9
5.0,9.0,-42.88,147.32,21.0,1011.6
5.0,15.0,-42.88,147.32,21.0,1007.0
5.0,9.0,-42.88,147.32,21.0,1018.2
5.0,15.0,-42.88,147.32,21.0,1019.7
5.0,9.0,-42.88,147.32,21.0,1028.2
5.0,15.0,-42.88,147.32,21.0,1027.8
5.0,9.0,-42.88,147.32,21.0,1029.4
5.0,15.0,-42.88,147.32,21.0,1026.9
5.0,9.0,-42.88,147.32,21.0,1025.3
5.0,15.0,-42.88,147.32,21.0,1021.6
5.0,9.0,-42.88,147.32,21.0,1022.9
5.0,15.0,-42.88,147.32,21.0,1023.6
5.0,9.0,-42.88,147.32,21.0,1027.7
5.0,15.0,-42.88,147.32,21.0,1024.7
5.0,9.0,-42.88,147.32,21.0,1022.5
5.0,15.0,-42.88,147.32,21.0,1021.9
5.0,9.0,-42.88,147.32,21.0,1026.9
5.0,15.0,-42.88,147.32,21.0,1025.2
5.0,9.0,-42.88,147.32,21.0,1024.8
5.0,15.0,-42.88,147.32,21.0,1022.9
5.0,9.0,-42.88,147.32,21.0,1022.3
5.0,15.0,-42.88,147.32,21.0,1019.2
5.0,9.0,-42.88,147.32,21.0,1021.8
5.0,15.0,-42.88,147.32,21.0,1020.9
5.0,9.0,-42.88,147.32,21.0,1028.3
5.0,15.0,-42.88,147.32,21.0,1029.4
5.0,9.0,-42.88,147.32,21.0,1030.5
5.0,15.0,-42.88,147.32,21.0,1027.5
5.0,9.0,-42.88,147.32,21.0,1024.1
5.0,15.0,-42.88,147.32,21.0,1020.7
5.0,9.0,-42.88,147.32,21.0,1017.3
5.0,15.0,-42.88,147.32,21.0,1015.3
5.0,9.0,-42.88,147.32,21.0,1018.3
5.0,15.0,-42.88,147.32,21.0,1016.2
5.0,9.0,-42.88,147.32,21.0,1014.3
5.0,15.0,-42.88,147.32,21.0,1010.6
5.0,9.0,-42.88,147.32,21.0,1005.8
5.0,15.0,-42.88,147.32,21.0,1007.7
5.0,9.0,-42.88,147.32,21.0,1012.7
5.0,15.0,-42.88,147.32,21.0,1008.4
5.0,9.0,-42.88,147.32,21.0,1017.6
5.0,15.0,-42.88,147.32,21.0,1016.6
5.0,9.0,-42.88,147.32,21.0,1012.4
5.0,15.0,-42.88,147.32,21.0,1006.3
5.0,9.0,-42.88,147.32,21.0,1000.5
5.0,15.0,-42.88,147.32,21.0,1000.4
5.0,9.0,-42.88,147.32,21.0,1010.9
5.0,15.0,-42.88,147.32,21.0,1011.6
5.0,9.0,-42.88,147.32,21.0,1012.0
5.0,15.0,-42.88,147.32,21.0,1017.8
5.0,9.0,-42.88,147.32,21.0,1029.0
5.0,15.0,-42.88,147.32,21.0,1028.4
