8.0,9.0,-42.88,147.32,21.0,1008.2
8.0,15.0,-42.88,147.32,21.0,1003.4
8.0,9.0,-42.88,147.32,21.0,1014.8
8.0,15.0,-42.88,147.32,21.0,1015.2
8.0,9.0,-42.88,147.32,21.0,1024.5
8.0,15.0,-42.88,147.32,21.0,1026.4
8.0,9.0,-42.88,147.32,21.0,1033.7
8.0,15.0,-42.88,147.32,21.0,1032.7
8.0,9.0,-42.88,147.32,21.0,1033.2
8.0,15.0,-42.88,147.32,21.0,1030.7
8.0,9.0,-42.88,147.32,21.0,1030.3
8.0,15.0,-42.88,147.32,21.0,1027.9
8.0,9.0,-42.88,147.32,21.0,1028.9
8.0,15.0,-42.88,147.32,21.0,1026.2
8.0,9.0,-42.88,147.32,21.0,1023.6
8.0,15.0,-42.88,147.32,21.0,1019.0
8.0,9.0,-42.88,147.32,21.0,1012.4
8.0,15.0,-42.88,147.32,21.0,1003.0
8.0,9.0,-42.88,147.32,21.0,999.4
8.0,15.0,-42.88,147.32,21.0,999.0
8.0,9.0,-42.88,147.32,21.0,1005.0
8.0,15.0,-42.88,147.32,21.0,1008.9
8.0,9.0,-42.88,147.32,21.0,1010.2
8.0,15.0,-42.88,147.32,21.0,1005.4
8.0,9.0,-42.88,147.32,21.0,1009.5
8.0,15.0,-42.88,147.32,21.0,1005.1
8.0,9.0,-42.88,147.32,21.0,1016.5
8.0,15.0,-42.88,147.32,21.0,1015.0
8.0,9.0,-42.88,147.32,21.0,1023.6
8.0,15.0,-42.88,147.32,21.0,1022.6
8.0,9.0,-42.88,147.32,21.0,1018.8
8.0,15.0,-42.88,147.32,21.0,1013.3
8.0,9.0,-42.88,147.32,21.0,1019.1
8.0,15.0,-42.88,147.32,21.0,1021.2
8.0,9.0,-42.88,147.32,21.0,1018.5
8.0,15.0,-42.88,147.32,21.0,1012.3
8.0,9.0,-42.88,147.32,21.0,1003.9
8.0,15.0,-42.88,147.32,21.0,998.5
8.0,9.0,-42.88,147.32,21.0,1000.6
8.0,15.0,-42.88,147.32,21.0,999.7
8.0,9.0,-42.88,147.32,21.0,1005.2
8.0,15.0,-42.88,147.32,21.0,1005.6
8.0,9.0,-42.88,147.32,21.0,1010.2
8.0,15.0,-42.88,147.32,21.0,1009.3
8.0,9.0,-42.88,147.32,21.0,1014.2
8.0,15.0,-42.88,147.32,21.0,1012.9
8.0,9.0,-42.88,147.32,21.0,1013.3
8.0,15.0,-42.88,147.32,21.0,1009.8
8.0,9.0,-42.88,147.32,21.0,1011.4
8.0,15.0,-42.88,147.32,21.0,1011.7
8.0,9.0,-42.88,147.32,21.0,1012.8
8.0,15.0,-42.88,147.32,21.0,1011.1
8.0,9.0,-42.88,147.32,21.0,1010.6
8.0,15.0,-42.88,147.32,21.0,1007.0
8.0,9.0,-42.88,147.32,21.0,1015.9
8.0,15.0,-42.88,147.32,21.0,1016.4
8.0,9.0,-42.88,147.32,21.0,1024.6
8.0,15.0,-42.88,147.32,21.0,1023.0
8.0,9.0,-42.88,147.32,21.0,1023.2
8.0,15.0,-42.88,147.32,21.0,1018.6
8.0,9.0,-42.88,147.32,21.0,1008.6
8.0,15.0,-42.88,147.32,21.0,1005.6
