9.0,9.0,-42.88,147.32,21.0,1011.8
9.0,15.0,-42.88,147.32,21.0,1012.1
9.0,9.0,-42.88,147.32,21.0,1016.0
9.0,15.0,-42.88,147.32,21.0,1012.2
9.0,9.0,-42.88,147.32,21.0,1005.6
9.0,15.0,-42.88,147.32,21.0,1002.8
9.0,9.0,-42.88,147.32,21.0,1009.8
9.0,15.0,-42.88,147.32,21.0,1010.5
9.0,9.0,-42.88,147.32,21.0,1020.2
9.0,15.0,-42.88,147.32,21.0,1020.3
9.0,9.0,-42.88,147.32,21.0,1020.3
9.0,15.0,-42.88,147.32,21.0,1021.7
9.0,9.0,-42.88,147.32,21.0,1032.2
9.0,15.0,-42.88,147.32,21.0,1027.5
9.0,9.0,-42.88,147.32,21.0,1019.8
9.0,15.0,-42.88,147.32,21.0,1015.1
9.0,9.0,-42.88,147.32,21.0,1012.7
9.0,15.0,-42.88,147.32,21.0,1008.0
9.0,9.0,-42.88,147.32,21.0,1010.3
9.0,15.0,-42.88,147.32,21.0,1010.5
9.0,9.0,-42.88,147.32,21.0,1010.4
9.0,15.0,-42.88,147.32,21.0,1010.7
9.0,9.0,-42.88,147.32,21.0,1019.6
9.0,15.0,-42.88,147.32,21.0,1020.3
9.0,9.0,-42.88,147.32,21.0,1027.0
9.0,15.0,-42.88,147.32,21.0,1023.2
9.0,9.0,-42.88,147.32,21.0,1016.9
9.0,15.0,-42.88,147.32,21.0,1011.7
9.0,9.0,-42.88,147.32,21.0,1002.8
9.0,15.0,-42.88,147.32,21.0,1003.6
9.0,9.0,-42.88,147.32,21.0,1011.9
9.0,15.0,-42.88,147.32,21.0,1010.3
9.0,9.0,-42.88,147.32,21.0,1013.9
9.0,15.0,-42.88,147.32,21.0,1011.3
9.0,9.0,-42.88,147.32,21.0,1009.2
9.0,15.0,-42.88,147.32,21.0,1005.7
9.0,9.0,-42.88,147.32,21.0,1007.5
9.0,15.0,-42.88,147.32,21.0,1007.4
9.0,9.0,-42.88,147.32,21.0,1013.0
9.0,15.0,-42.88,147.32,21.0,1010.4
9.0,9.0,-42.88,147.32,21.0,1013.9
9.0,15.0,-42.88,147.32,21.0,1011.5
9.0,9.0,-42.88,147.32,21.0,1015.5
9.0,15.0,-42.88,147.32,21.0,1015.0
9.0,9.0,-42.88,147.32,21.0,1017.7
9.0,15.0,-42.88,147.32,21.0,1014.2
9.0,9.0,-42.88,147.32,21.0,1010.3
9.0,15.0,-42.88,147.32,21.0,1005.1
9.0,9.0,-42.88,147.32,21.0,1003.0
9.0,15.0,-42.88,147.32,21.0,1005.0
9.0,9.0,-42.88,147.32,21.0,1010.7
9.0,15.0,-42.88,147.32,21.0,1007.3
9.0,9.0,-42.88,147.32,21.0,1008.2
9.0,15.0,-42.88,147.32,21.0,1006.1
9.0,9.0,-42.88,147.32,21.0,1009.8
9.0,15.0,-42.88,147.32,21.0,1006.2
9.0,9.0,-42.88,147.32,21.0,997.8
9.0,15.0,-42.88,147.32,21.0,994.1
9.0,9.0,-42.88,147.32,21.0,989.5
9.0,15.0,-42.88,147.32,21.0,987.4
