2.0,9.0,-42.88,147.32,21.0,1012.9
2.0,15.0,-42.88,147.32,21.0,1010.1
2.0,9.0,-42.88,147.32,21.0,1005.4
2.0,15.0,-42.88,147.32,21.0,1007.0
2.0,9.0,-42.88,147.32,21.0,1007.2
2.0,15.0,-42.88,147.32,21.0,1007.1
2.0,9.0,-42.88,147.32,21.0,1006.4
2.0,15.0,-42.88,147.32,21.0,1004.3
2.0,9.0,-42.88,147.32,21.0,1003.5
2.0,15.0,-42.88,147.32,21.0,1001.2
2.0,9.0,-42.88,147.32,21.0,1014.8
2.0,15.0,-42.88,147.32,21.0,1016.1
2.0,9.0,-42.88,147.32,21.0,1028.2
2.0,15.0,-42.88,147.32,21.0,1027.9
2.0,9.0,-42.88,147.32,21.0,1027.4
2.0,15.0,-42.88,147.32,21.0,1018.8
2.0,9.0,-42.88,147.32,21.0,1003.9
2.0,15.0,-42.88,147.32,21.0,1008.9
2.0,9.0,-42.88,147.32,21.0,1012.0
2.0,15.0,-42.88,147.32,21.0,1008.0
2.0,9.0,-42.88,147.32,21.0,1002.0
2.0,15.0,-42.88,147.32,21.0,1000.2
2.0,9.0,-42.88,147.32,21.0,997.5
2.0,15.0,-42.88,147.32,21.0,994.3
2.0,9.0,-42.88,147.32,21.0,999.3
2.0,15.0,-42.88,147.32,21.0,1004.7
2.0,9.0,-42.88,147.32,21.0,1016.5
2.0,15.0,-42.88,147.32,21.0,1015.8
2.0,9.0,-42.88,147.32,21.0,1009.0
2.0,15.0,-42.88,147.32,21.0,999.8
2.0,9.0,-42.88,147.32,21.0,1009.3
2.0,15.0,-42.88,147.32,21.0,1006.5
2.0,9.0,-42.88,147.32,21.0,1003.2
2.0,15.0,-42.88,147.32,21.0,1000.1
2.0,9.0,-42.88,147.32,21.0,1006.3
2.0,15.0,-42.88,147.32,21.0,1005.1
2.0,9.0,-42.88,147.32,21.0,1003.3
2.0,15.0,-42.88,147.32,21.0,1003.8
2.0,9.0,-42.88,147.32,21.0,1008.0
2.0,15.0,-42.88,147.32,21.0,1008.3
2.0,9.0,-42.88,147.32,21.0,1017.3
2.0,15.0,-42.88,147.32,21.0,1016.7
2.0,9.0,-42.88,147.32,21.0,1016.3
2.0,15.0,-42.88,147.32,21.0,1011.5
2.0,9.0,-42.88,147.32,21.0,1008.6
2.0,15.0,-42.88,147.32,21.0,1011.0
2.0,9.0,-42.88,147.32,21.0,1020.6
2.0,15.0,-42.88,147.32,21.0,1020.1
2.0,9.0,-42.88,147.32,21.0,1027.5
2.0,15.0,-42.88,147.32,21.0,1026.1
2.0,9.0,-42.88,147.32,21.0,1026.1
2.0,15.0,-42.88,147.32,21.0,1024.1
2.0,9.0,-42.88,147.32,21.0,1026.3
2.0,15.0,-42.88,147.32,21.0,1023.2
2.0,9.0,-42.88,147.32,21.0,1023.1
2.0,15.0,-42.88,147.32,21.0,1021.1
