12.0,9.0,-42.88,147.32,21.0,1008.9
12.0,15.0,-42.88,147.32,21.0,1004.4
12.0,9.0,-42.88,147.32,21.0,1003.5
12.0,15.0,-42.88,147.32,21.0,1005.6
12.0,9.0,-42.88,147.32,21.0,1013.3
12.0,15.0,-42.88,147.32,21.0,1012.8
12.0,9.0,-42.88,147.32,21.0,1012.3
12.0,15.0,-42.88,147.32,21.0,1006.2
12.0,9.0,-42.88,147.32,21.0,1001.7
12.0,15.0,-42.88,147.32,21.0,1006.1
12.0,9.0,-42.88,147.32,21.0,1011.1
12.0,15.0,-42.88,147.32,21.0,1008.4
12.0,9.0,-42.88,147.32,21.0,1010.7
12.0,15.0,-42.88,147.32,21.0,1008.2
12.0,9.0,-42.88,147.32,21.0,993.2
12.0,15.0,-42.88,147.32,21.0,981.9
12.0,9.0,-42.88,147.32,21.0,1006.1
12.0,15.0,-42.88,147.32,21.0,1009.9
12.0,9.0,-42.88,147.32,21.0,1015.9
12.0,15.0,-42.88,147.32,21.0,1016.3
12.0,9.0,-42.88,147.32,21.0,1022.8
12.0,15.0,-42.88,147.32,21.0,1022.3
12.0,9.0,-42.88,147.32,21.0,1018.7
12.0,15.0,-42.88,147.32,21.0,1010.5
12.0,9.0,-42.88,147.32,21.0,1002.8
12.0,15.0,-42.88,147.32,21.0,996.5
12.0,9.0,-42.88,147.32,21.0,999.5
12.0,15.0,-42.88,147.32,21.0,1003.2
12.0,9.0,-42.88,147.32,21.0,1015.9
12.0,15.0,-42.88,147.32,21.0,1015.3
12.0,9.0,-42.88,147.32,21.0,1013.2
12.0,15.0,-42.88,147.32,21.0,1007.5
12.0,9.0,-42.88,147.32,21.0,997.1
12.0,15.0,-42.88,147.32,21.0,998.6
12.0,9.0,-42.88,147.32,21.0,1016.5
12.0,15.0,-42.88,147.32,21.0,1019.1
12.0,9.0,-42.88,147.32,21.0,1013.8
12.0,15.0,-42.88,147.32,21.0,1005.6
12.0,9.0,-42.88,147.32,21.0,1000.3
12.0,15.0,-42.88,147.32,21.0,999.2
12.0,9.0,-42.88,147.32,21.0,1006.7
12.0,15.0,-42.88,147.32,21.0,1009.3
12.0,9.0,-42.88,147.32,21.0,1017.2
12.0,15.0,-42.88,147.32,21.0,1016.6
12.0,9.0,-42.88,147.32,21.0,1015.7
12.0,15.0,-42.88,147.32,21.0,1014.2
12.0,9.0,-42.88,147.32,21.0,1015.1
12.0,15.0,-42.88,147.32,21.0,1013.8
12.0,9.0,-42.88,147.32,21.0,1013.9
12.0,15.0,-42.88,147.32,21.0,1012.0
12.0,9.0,-42.88,147.32,21.0,1003.7
12.0,15.0,-42.88,147.32,21.0,1007.2
12.0,9.0,-42.88,147.32,21.0,1020.1
12.0,15.0,-42.88,147.32,21.0,1016.4
12.0,9.0,-42.88,147.32,21.0,1008.7
12.0,15.0,-42.88,147.32,21.0,1005.7
12.0,9.0,-42.88,147.32,21.0,1006.9
12.0,15.0,-42.88,147.32,21.0,1005.4
12.0,9.0,-42.88,147.32,21.0,997.2
12.0,15.0,-42.88,147.32,21.0,993.4
12.0,9.0,-42.88,147.32,21.0,999.9
12.0,15.0,-42.88,147.32,21.0,1000.4
