10.0,9.0,-42.88,147.32,21.0,993.6
10.0,15.0,-42.88,147.32,21.0,991.1
10.0,9.0,-42.88,147.32,21.0,1002.9
10.0,15.0,-42.88,147.32,21.0,999.0
10.0,9.0,-42.88,147.32,21.0,982.9
10.0,15.0,-42.88,147.32,21.0,983.2
10.0,9.0,-42.88,147.32,21.0,984.6
10.0,15.0,-42.88,147.32,21.0,987.1
10.0,9.0,-42.88,147.32,21.0,998.3
10.0,15.0,-42.88,147.32,21.0,990.8
10.0,9.0,-42.88,147.32,21.0,1005.2
10.0,15.0,-42.88,147.32,21.0,1005.3
10.0,9.0,-42.88,147.32,21.0,1000.0
10.0,15.0,-42.88,147.32,21.0,1004.4
10.0,9.0,-42.88,147.32,21.0,1017.2
10.0,15.0,-42.88,147.32,21.0,1017.5
10.0,9.0,-42.88,147.32,21.0,1005.1
10.0,15.0,-42.88,147.32,21.0,992.4
10.0,9.0,-42.88,147.32,21.0,993.6
10.0,15.0,-42.88,147.32,21.0,994.2
10.0,9.0,-42.88,147.32,21.0,1004.7
10.0,15.0,-42.88,147.32,21.0,1005.8
10.0,9.0,-42.88,147.32,21.0,1009.6
10.0,15.0,-42.88,147.32,21.0,1013.6
10.0,9.0,-42.88,147.32,21.0,1022.4
10.0,15.0,-42.88,147.32,21.0,1020.9
10.0,9.0,-42.88,147.32,21.0,1022.2
10.0,15.0,-42.88,147.32,21.0,1017.8
10.0,9.0,-42.88,147.32,21.0,1006.9
10.0,15.0,-42.88,147.32,21.0,1001.0
10.0,9.0,-42.88,147.32,21.0,994.8
10.0,15.0,-42.88,147.32,21.0,993.1
10.0,9.0,-42.88,147.32,21.0,997.6
10.0,15.0,-42.88,147.32,21.0,997.4
10.0,9.0,-42.88,147.32,21.0,999.9
10.0,15.0,-42.88,147.32,21.0,999.0
10.0,9.0,-42.88,147.32,21.0,1011.5
10.0,15.0,-42.88,147.32,21.0,1013.7
10.0,9.0,-42.88,147.32,21.0,1015.3
10.0,15.0,-42.88,147.32,21.0,1011.1
10.0,9.0,-42.88,147.32,21.0,1000.7
10.0,15.0,-42.88,147.32,21.0,1005.8
10.0,9.0,-42.88,147.32,21.0,1017.2
10.0,15.0,-42.88,147.32,21.0,1019.2
10.0,9.0,-42.88,147.32,21.0,1024.7
10.0,15.0,-42.88,147.32,21.0,1023.0
10.0,9.0,-42.88,147.32,21.0,1019.9
10.0,15.0,-42.88,147.32,21.0,1016.1
10.0,9.0,-42.88,147.32,21.0,1011.5
10.0,15.0,-42.88,147.32,21.0,1007.3
10.0,9.0,-42.88,147.32,21.0,1004.7
10.0,15.0,-42.88,147.32,21.0,1004.8
10.0,9.0,-42.88,147.32,21.0,1017.5
10.0,15.0,-42.88,147.32,21.0,1018.1
10.0,9.0,-42.88,147.32,21.0,1019.1
10.0,15.0,-42.88,147.32,21.0,1016.0
10.0,9.0,-42.88,147.32,21.0,1019.7
10.0,15.0,-42.88,147.32,21.0,1014.7
10.0,9.0,-42.88,147.32,21.0,993.8
10.0,15.0,-42.88,147.32,21.0,984.2
10.0,9.0,-42.88,147.32,21.0,1000.9
10.0,15.0,-42.88,147.32,21.0,1003.1
