3.0,9.0,-42.88,147.32,21.0,1023.9
3.0,15.0,-42.88,147.32,21.0,1021.6
3.0,9.0,-42.88,147.32,21.0,1020.7
3.0,15.0,-42.88,147.32,21.0,1020.1
3.0,9.0,-42.88,147.32,21.0,1026.8
3.0,15.0,-42.88,147.32,21.0,1026.0
3.0,9.0,-42.88,147.32,21.0,1022.2
3.0,15.0,-42.88,147.32,21.0,1018.1
3.0,9.0,-42.88,147.32,21.0,1018.7
3.0,15.0,-42.88,147.32,21.0,1017.5
3.0,9.0,-42.88,147.32,21.0,1022.2
3.0,15.0,-42.88,147.32,21.0,1022.3
3.0,9.0,-42.88,147.32,21.0,1026.6
3.0,15.0,-42.88,147.32,21.0,1024.2
3.0,9.0,-42.88,147.32,21.0,1024.2
3.0,15.0,-42.88,147.32,21.0,1021.1
3.0,9.0,-42.88,147.32,21.0,1019.3
3.0,15.0,-42.88,147.32,21.0,1017.1
3.0,9.0,-42.88,147.32,21.0,1017.5
3.0,15.0,-42.88,147.32,21.0,1015.5
3.0,9.0,-42.88,147.32,21.0,1014.2
3.0,15.0,-42.88,147.32,21.0,1011.7
3.0,9.0,-42.88,147.32,21.0,1007.2
3.0,15.0,-42.88,147.32,21.0,1005.7
3.0,9.0,-42.88,147.32,21.0,1015.8
3.0,15.0,-42.88,147.32,21.0,1018.1
3.0,9.0,-42.88,147.32,21.0,1022.9
3.0,15.0,-42.88,147.32,21.0,1019.1
3.0,9.0,-42.88,147.32,21.0,1018.0
3.0,15.0,-42.88,147.32,21.0,1012.9
3.0,9.0,-42.88,147.32,21.0,1002.5
3.0,15.0,-42.88,147.32,21.0,1004.6
3.0,9.0,-42.88,147.32,21.0,1025.9
3.0,15.0,-42.88,147.32,21.0,1028.1
3.0,9.0,-42.88,147.32,21.0,1030.9
3.0,15.0,-42.88,147.32,21.0,1026.4
3.0,9.0,-42.88,147.32,21.0,1018.3
3.0,15.0,-42.88,147.32,21.0,1014.1
3.0,9.0,-42.88,147.32,21.0,1018.5
3.0,15.0,-42.88,147.32,21.0,1020.1
3.0,9.0,-42.88,147.32,21.0,1020.1
3.0,15.0,-42.88,147.32,21.0,1018.2
3.0,9.0,-42.88,147.32,21.0,1022.3
3.0,15.0,-42.88,147.32,21.0,1023.1
3.0,9.0,-42.88,147.32,21.0,1027.2
3.0,15.0,-42.88,147.32,21.0,1025.2
3.0,9.0,-42.88,147.32,21.0,1025.4
3.0,15.0,-42.88,147.32,21.0,1022.4
3.0,9.0,-42.88,147.32,21.0,1015.0
3.0,15.0,-42.88,147.32,21.0,1012.3
3.0,9.0,-42.88,147.32,21.0,1015.6
3.0,15.0,-42.88,147.32,21.0,1014.1
3.0,9.0,-42.88,147.32,21.0,1001.9
3.0,15.0,-42.88,147.32,21.0,995.3
3.0,9.0,-42.88,147.32,21.0,1006.1
3.0,15.0,-42.88,147.32,21.0,1004.0
3.0,9.0,-42.88,147.32,21.0,1000.9
3.0,15.0,-42.88,147.32,21.0,996.4
3.0,9.0,-42.88,147.32,21.0,1011.1
3.0,15.0,-42.88,147.32,21.0,1013.6
3.0,9.0,-42.88,147.32,21.0,1019.9
3.0,15.0,-42.88,147.32,21.0,1015.2
