1.0,9.0,-42.88,147.32,21.0,1005.2
1.0,15.0,-42.88,147.32,21.0,1003.8
1.0,9.0,-42.88,147.32,21.0,1013.1
1.0,15.0,-42.88,147.32,21.0,1014.9
1.0,9.0,-42.88,147.32,21.0,1021.4
1.0,15.0,-42.88,147.32,21.0,1021.7
1.0,9.0,-42.88,147.32,21.0,1024.0
1.0,15.0,-42.88,147.32,21.0,1020.7
1.0,9.0,-42.88,147.32,21.0,1021.1
1.0,15.0,-42.88,147.32,21.0,1019.8
1.0,9.0,-42.88,147.32,21.0,1021.3
1.0,15.0,-42.88,147.32,21.0,1019.1
1.0,9.0,-42.88,147.32,21.0,1015.5
1.0,15.0,-42.88,147.32,21.0,1011.5
1.0,9.0,-42.88,147.32,21.0,999.2
1.0,15.0,-42.88,147.32,21.0,998.8
1.0,9.0,-42.88,147.32,21.0,1009.5
1.0,15.0,-42.88,147.32,21.0,1008.1
1.0,9.0,-42.88,147.32,21.0,1007.5
1.0,15.0,-42.88,147.32,21.0,1004.9
1.0,9.0,-42.88,147.32,21.0,1001.6
1.0,15.0,-42.88,147.32,21.0,1001.9
1.0,9.0,-42.88,147.32,21.0,1007.3
1.0,15.0,-42.88,147.32,21.0,1006.4
1.0,9.0,-42.88,147.32,21.0,994.0
1.0,15.0,-42.88,147.32,21.0,983.3
1.0,9.0,-42.88,147.32,21.0,989.6
1.0,15.0,-42.88,147.32,21.0,995.6
1.0,9.0,-42.88,147.32,21.0,1011.8
1.0,15.0,-42.88,147.32,21.0,1011.7
1.0,9.0,-42.88,147.32,21.0,1010.7
1.0,15.0,-42.88,147.32,21.0,1007.9
1.0,9.0,-42.88,147.32,21.0,1005.1
1.0,15.0,-42.88,147.32,21.0,1002.4
1.0,9.0,-42.88,147.32,21.0,1006.0
1.0,15.0,-42.88,147.32,21.0,1011.2
1.0,9.0,-42.88,147.32,21.0,1018.0
1.0,15.0,-42.88,147.32,21.0,1014.2
1.0,9.0,-42.88,147.32,21.0,999.3
1.0,15.0,-42.88,147.32,21.0,998.6
1.0,9.0,-42.88,147.32,21.0,1009.0
1.0,15.0,-42.88,147.32,21.0,1010.5
1.0,9.0,-42.88,147.32,21.0,1013.6
1.0,15.0,-42.88,147.32,21.0,1011.7
1.0,9.0,-42.88,147.32,21.0,1008.3
1.0,15.0,-42.88,147.32,21.0,1001.6
1.0,9.0,-42.88,147.32,21.0,999.2
1.0,15.0,-42.88,147.32,21.0,1007.2
1.0,9.0,-42.88,147.32,21.0,1015.0
1.0,15.0,-42.88,147.32,21.0,1012.4
1.0,9.0,-42.88,147.32,21.0,1011.8
1.0,15.0,-42.88,147.32,21.0,1011.3
1.0,9.0,-42.88,147.32,21.0,1013.6
1.0,15.0,-42.88,147.32,21.0,1010.6
1.0,9.0,-42.88,147.32,21.0,1007.5
1.0,15.0,-42.88,147.32,21.0,1008.8
1.0,9.0,-42.88,147.32,21.0,1018.6
1.0,15.0,-42.88,147.32,21.0,1014.7
1.0,9.0,-42.88,147.32,21.0,1000.3
1.0,15.0,-42.88,147.32,21.0,995.8
1.0,9.0,-42.88,147.32,21.0,1005.0
1.0,15.0,-42.88,147.32,21.0,1007.3
