7.0,9.0,-42.88,147.32,21.0,1029.0
7.0,15.0,-42.88,147.32,21.0,1027.0
7.0,9.0,-42.88,147.32,21.0,1024.3
7.0,15.0,-42.88,147.32,21.0,1020.2
7.0,9.0,-42.88,147.32,21.0,1017.4
7.0,15.0,-42.88,147.32,21.0,1012.2
7.0,9.0,-42.88,147.32,21.0,1004.8
7.0,15.0,-42.88,147.32,21.0,1001.9
7.0,9.0,-42.88,147.32,21.0,1003.6
7.0,15.0,-42.88,147.32,21.0,1002.1
7.0,9.0,-42.88,147.32,21.0,1008.1
7.0,15.0,-42.88,147.32,21.0,1008.2
7.0,9.0,-42.88,147.32,21.0,1008.4
7.0,15.0,-42.88,147.32,21.0,1006.4
7.0,9.0,-42.88,147.32,21.0,1009.3
7.0,15.0,-42.88,147.32,21.0,1007.5
7.0,9.0,-42.88,147.32,21.0,1011.4
7.0,15.0,-42.88,147.32,21.0,1009.3
7.0,9.0,-42.88,147.32,21.0,1016.0
7.0,15.0,-42.88,147.32,21.0,1017.2
7.0,9.0,-42.88,147.32,21.0,1030.8
7.0,15.0,-42.88,147.32,21.0,1031.3
7.0,9.0,-42.88,147.32,21.0,1034.5
7.0,15.0,-42.88,147.32,21.0,1031.0
7.0,9.0,-42.88,147.32,21.0,1021.6
7.0,15.0,-42.88,147.32,21.0,1014.2
7.0,9.0,-42.88,147.32,21.0,1005.7
7.0,15.0,-42.88,147.32,21.0,1003.6
7.0,9.0,-42.88,147.32,21.0,1013.8
7.0,15.0,-42.88,147.32,21.0,1015.0
7.0,9.0,-42.88,147.32,21.0,1015.7
7.0,15.0,-42.88,147.32,21.0,1012.7
7.0,9.0,-42.88,147.32,21.0,1010.8
7.0,15.0,-42.88,147.32,21.0,1007.9
7.0,9.0,-42.88,147.32,21.0,1004.4
7.0,15.0,-42.88,147.32,21.0,1000.7
7.0,9.0,-42.88,147.32,21.0,1006.9
7.0,15.0,-42.88,147.32,21.0,1007.3
7.0,9.0,-42.88,147.32,21.0,1009.7
7.0,15.0,-42.88,147.32,21.0,1015.1
7.0,9.0,-42.88,147.32,21.0,1022.5
7.0,15.0,-42.88,147.32,21.0,1019.7
7.0,9.0,-42.88,147.32,21.0,1011.6
7.0,15.0,-42.88,147.32,21.0,1005.6
7.0,9.0,-42.88,147.32,21.0,999.3
7.0,15.0,-42.88,147.32,21.0,1002.1
7.0,9.0,-42.88,147.32,21.0,1011.0
7.0,15.0,-42.88,147.32,21.0,1010.4
7.0,9.0,-42.88,147.32,21.0,1006.8
7.0,15.0,-42.88,147.32,21.0,1002.7
7.0,9.0,-42.88,147.32,21.0,1009.4
7.0,15.0,-42.88,147.32,21.0,1013.9
7.0,9.0,-42.88,147.32,21.0,1018.7
7.0,15.0,-42.88,147.32,21.0,1011.6
7.0,9.0,-42.88,147.32,21.0,1009.1
7.0,15.0,-42.88,147.32,21.0,1012.3
7.0,9.0,-42.88,147.32,21.0,1004.5
7.0,15.0,-42.88,147.32,21.0,996.9
7.0,9.0,-42.88,147.32,21.0,999.7
7.0,15.0,-42.88,147.32,21.0,1002.5
7.0,9.0,-42.88,147.32,21.0,1019.4
7.0,15.0,-42.88,147.32,21.0,1019.4
