4.0,9.0,-42.88,147.32,21.0,1009.9
4.0,15.0,-42.88,147.32,21.0,1013.8
4.0,9.0,-42.88,147.32,21.0,1029.6
4.0,15.0,-42.88,147.32,21.0,1030.5
4.0,9.0,-42.88,147.32,21.0,1036.1
4.0,15.0,-42.88,147.32,21.0,1033.7
4.0,9.0,-42.88,147.32,21.0,1033.7
4.0,15.0,-42.88,147.32,21.0,1030.0
4.0,9.0,-42.88,147.32,21.0,1026.0
4.0,15.0,-42.88,147.32,21.0,1020.9
4.0,9.0,-42.88,147.32,21.0,1018.9
4.0,15.0,-42.88,147.32,21.0,1018.4
4.0,9.0,-42.88,147.32,21.0,1022.5
4.0,15.0,-42.88,147.32,21.0,1016.7
4.0,9.0,-42.88,147.32,21.0,1015.7
4.0,15.0,-42.88,147.32,21.0,1010.4
4.0,9.0,-42.88,147.32,21.0,1005.0
4.0,15.0,-42.88,147.32,21.0,1004.7
4.0,9.0,-42.88,147.32,21.0,1016.1
4.0,15.0,-42.88,147.32,21.0,1016.2
4.0,9.0,-42.88,147.32,21.0,1023.9
4.0,15.0,-42.88,147.32,21.0,1025.2
4.0,9.0,-42.88,147.32,21.0,1028.8
4.0,15.0,-42.88,147.32,21.0,1026.4
4.0,9.0,-42.88,147.32,21.0,1024.6
4.0,15.0,-42.88,147.32,21.0,1019.3
4.0,9.0,-42.88,147.32,21.0,1021.3
4.0,15.0,-42.88,147.32,21.0,1020.0
4.0,9.0,-42.88,147.32,21.0,1021.2
4.0,15.0,-42.88,147.32,21.0,1017.4
4.0,9.0,-42.88,147.32,21.0,1014.0
4.0,15.0,-42.88,147.32,21.0,1014.4
4.0,9.0,-42.88,147.32,21.0,1021.7
4.0,15.0,-42.88,147.32,21.0,1019.8
4.0,9.0,-42.88,147.32,21.0,1024.7
4.0,15.0,-42.88,147.32,21.0,1024.9
4.0,9.0,-42.88,147.32,21.0,1029.7
4.0,15.0,-42.88,147.32,21.0,1025.9
4.0,9.0,-42.88,147.32,21.0,1026.0
4.0,15.0,-42.88,147.32,21.0,1023.1
4.0,9.0,-42.88,147.32,21.0,1024.4
4.0,15.0,-42.88,147.32,21.0,1021.0
4.0,9.0,-42.88,147.32,21.0,1021.6
4.0,15.0,-42.88,147.32,21.0,1021.8
4.0,9.0,-42.88,147.32,21.0,1026.5
4.0,15.0,-42.88,147.32,21.0,1025.0
4.0,9.0,-42.88,147.32,21.0,1020.4
4.0,15.0,-42.88,147.32,21.0,1014.3
4.0,9.0,-42.88,147.32,21.0,1005.6
4.0,15.0,-42.88,147.32,21.0,1000.0
4.0,9.0,-42.88,147.32,21.0,1006.8
4.0,15.0,-42.88,147.32,21.0,1010.8
4.0,9.0,-42.88,147.32,21.0,1019.0
4.0,15.0,-42.88,147.32,21.0,1015.8
4.0,9.0,-42.88,147.32,21.0,1014.4
4.0,15.0,-42.88,147.32,21.0,1010.7
4.0,9.0,-42.88,147.32,21.0,1015.4
4.0,15.0,-42.88,147.32,21.0,1017.5
4.0,9.0,-42.88,147.32,21.0,1018.8
4.0,15.0,-42.88,147.32,21.0,1013.7
