6.0,9.0,-42.88,147.32,21.0,1032.3
6.0,15.0,-42.88,147.32,21.0,1030.1
6.0,9.0,-42.88,147.32,21.0,1032.3
6.0,15.0,-42.88,147.32,21.0,1030.4
6.0,9.0,-42.88,147.32,21.0,1031.1
6.0,15.0,-42.88,147.32,21.0,1028.7
6.0,9.0,-42.88,147.32,21.0,1025.1
6.0,15.0,-42.88,147.32,21.0,1021.4
6.0,9.0,-42.88,147.32,21.0,1018.3
6.0,15.0,-42.88,147.32,21.0,1014.0
6.0,9.0,-42.88,147.32,21.0,1025.2
6.0,15.0,-42.88,147.32,21.0,1027.2
6.0,9.0,-42.88,147.32,21.0,1030.6
6.0,15.0,-42.88,147.32,21.0,1027.3
6.0,9.0,-42.88,147.32,21.0,1023.9
6.0,15.0,-42.88,147.32,21.0,1022.8
6.0,9.0,-42.88,147.32,21.0,1029.2
6.0,15.0,-42.88,147.32,21.0,1029.5
6.0,9.0,-42.88,147.32,21.0,1030.6
6.0,15.0,-42.88,147.32,21.0,1026.2
6.0,9.0,-42.88,147.32,21.0,1018.6
6.0,15.0,-42.88,147.32,21.0,1014.3
6.0,9.0,-42.88,147.32,21.0,1018.5
6.0,15.0,-42.88,147.32,21.0,1018.6
6.0,9.0,-42.88,147.32,21.0,1027.1
6.0,15.0,-42.88,147.32,21.0,1025.7
6.0,9.0,-42.88,147.32,21.0,1023.9
6.0,15.0,-42.88,147.32,21.0,1020.7
6.0,9.0,-42.88,147.32,21.0,1022.0
6.0,15.0,-42.88,147.32,21.0,1019.9
6.0,9.0,-42.88,147.32,21.0,1022.3
6.0,15.0,-42.88,147.32,21.0,1020.9
6.0,9.0,-42.88,147.32,21.0,1021.6
6.0,15.0,-42.88,147.32,21.0,1017.8
6.0,9.0,-42.88,147.32,21.0,1024.9
6.0,15.0,-42.88,147.32,21.0,1025.8
6.0,9.0,-42.88,147.32,21.0,1023.6
6.0,15.0,-42.88,147.32,21.0,1021.9
6.0,9.0,-42.88,147.32,21.0,1018.2
6.0,15.0,-42.88,147.32,21.0,1011.9
6.0,9.0,-42.88,147.32,21.0,1024.8
6.0,15.0,-42.88,147.32,21.0,1026.4
6.0,9.0,-42.88,147.32,21.0,1025.9
6.0,15.0,-42.88,147.32,21.0,1020.7
6.0,9.0,-42.88,147.32,21.0,1006.2
6.0,15.0,-42.88,147.32,21.0,999.4
6.0,9.0,-42.88,147.32,21.0,1010.2
6.0,15.0,-42.88,147.32,21.0,1009.5
6.0,9.0,-42.88,147.32,21.0,1003.8
6.0,15.0,-42.88,147.32,21.0,1002.2
6.0,9.0,-42.88,147.32,21.0,1018.0
6.0,15.0,-42.88,147.32,21.0,1019.9
6.0,9.0,-42.88,147.32,21.0,1023.9
6.0,15.0,-42.88,147.32,21.0,1021.1
6.0,9.0,-42.88,147.32,21.0,1021.2
6.0,15.0,-42.88,147.32,21.0,1018.5
6.0,9.0,-42.88,147.32,21.0,1012.6
6.0,15.0,-42.88,147.32,21.0,1011.4
6.0,9.0,-42.88,147.32,21.0,1026.2
6.0,15.0,-42.88,147.32,21.0,1027.5
