11.0,9.0,-42.88,147.32,21.0,999.7
11.0,15.0,-42.88,147.32,21.0,999.0
11.0,9.0,-42.88,147.32,21.0,1004.5
11.0,15.0,-42.88,147.32,21.0,1004.8
11.0,9.0,-42.88,147.32,21.0,1010.2
11.0,15.0,-42.88,147.32,21.0,1009.4
11.0,9.0,-42.88,147.32,21.0,1001.5
11.0,15.0,-42.88,147.32,21.0,991.0
11.0,9.0,-42.88,147.32,21.0,994.0
11.0,15.0,-42.88,147.32,21.0,996.1
11.0,9.0,-42.88,147.32,21.0,1000.2
11.0,15.0,-42.88,147.32,21.0,999.9
11.0,9.0,-42.88,147.32,21.0,994.0
11.0,15.0,-42.88,147.32,21.0,994.1
11.0,9.0,-42.88,147.32,21.0,1000.9
11.0,15.0,-42.88,147.32,21.0,1005.4
11.0,9.0,-42.88,147.32,21.0,1012.8
11.0,15.0,-42.88,147.32,21.0,1009.7
11.0,9.0,-42.88,147.32,21.0,1011.6
11.0,15.0,-42.88,147.32,21.0,1011.4
11.0,9.0,-42.88,147.32,21.0,1013.3
11.0,15.0,-42.88,147.32,21.0,1010.4
11.0,9.0,-42.88,147.32,21.0,1006.7
11.0,15.0,-42.88,147.32,21.0,1003.5
11.0,9.0,-42.88,147.32,21.0,998.8
11.0,15.0,-42.88,147.32,21.0,999.1
11.0,9.0,-42.88,147.32,21.0,1007.6
11.0,15.0,-42.88,147.32,21.0,1008.6
11.0,9.0,-42.88,147.32,21.0,1008.5
11.0,15.0,-42.88,147.32,21.0,1008.4
11.0,9.0,-42.88,147.32,21.0,1019.8
11.0,15.0,-42.88,147.32,21.0,1020.7
11.0,9.0,-42.88,147.32,21.0,1014.4
11.0,15.0,-42.88,147.32,21.0,1006.6
11.0,9.0,-42.88,147.32,21.0,1009.9
11.0,15.0,-42.88,147.32,21.0,1008.9
11.0,9.0,-42.88,147.32,21.0,1015.4
11.0,15.0,-42.88,147.32,21.0,1014.1
11.0,9.0,-42.88,147.32,21.0,1015.8
11.0,15.0,-42.88,147.32,21.0,1013.2
11.0,9.0,-42.88,147.32,21.0,1008.9
11.0,15.0,-42.88,147.32,21.0,1004.7
11.0,9.0,-42.88,147.32,21.0,1010.2
11.0,15.0,-42.88,147.32,21.0,1011.9
11.0,9.0,-42.88,147.32,21.0,1016.6
11.0,15.0,-42.88,147.32,21.0,1016.5
11.0,9.0,-42.88,147.32,21.0,1015.6
11.0,15.0,-42.88,147.32,21.0,1009.7
11.0,9.0,-42.88,147.32,21.0,1006.6
11.0,15.0,-42.88,147.32,21.0,1008.8
11.0,9.0,-42.88,147.32,21.0,1009.2
11.0,15.0,-42.88,147.32,21.0,1009.8
11.0,9.0,-42.88,147.32,21.0,1015.8
11.0,15.0,-42.88,147.32,21.0,1013.8
11.0,9.0,-42.88,147.32,21.0,1011.8
11.0,15.0,-42.88,147.32,21.0,1010.3
11.0,9.0,-42.88,147.32,21.0,1014.5
11.0,15.0,-42.88,147.32,21.0,1014.2
11.0,9.0,-42.88,147.32,21.0,1012.9
11.0,15.0,-42.88,147.32,21.0,1010.7
