7.0,9.0,-37.82,144.98,22.0,1030.7
7.0,15.0,-37.82,144.98,22.0,1027.6
7.0,9.0,-37.82,144.98,22.0,1025.9
7.0,15.0,-37.82,144.98,22.0,1020.6
7.0,9.0,-37.82,144.98,22.0,1013.2
7.0,15.0,-37.82,144.98,22.0,1007.5
7.0,9.0,-37.82,144.98,22.0,1008.0
7.0,15.0,-37.82,144.98,22.0,1007.0
7.0,9.0,-37.82,144.98,22.0,1011.6
7.0,15.0,-37.82,144.98,22.0,1011.6
7.0,9.0,-37.82,144.98,22.0,1017.4
7.0,15.0,-37.82,144.98,22.0,1013.5
7.0,9.0,-37.82,144.98,22.0,1010.0
7.0,15.0,-37.82,144.98,22.0,1008.8
7.0,9.0,-37.82,144.98,22.0,1013.9
7.0,15.0,-37.82,144.98,22.0,1013.9
7.0,9.0,-37.82,144.98,22.0,1017.5
7.0,15.0,-37.82,144.98,22.0,1017.7
7.0,9.0,-37.82,144.98,22.0,1025.0
7.0,15.0,-37.82,144.98,22.0,1024.2
7.0,9.0,-37.82,144.98,22.0,1032.8
7.0,15.0,-37.82,144.98,22.0,1032.5
7.0,9.0,-37.82,144.98,22.0,1034.5
7.0,15.0,-37.82,144.98,22.0,1030.0
7.0,9.0,-37.82,144.98,22.0,1023.1
7.0,15.0,-37.82,144.98,22.0,1018.0
7.0,9.0,-37.82,144.98,22.0,1012.5
7.0,15.0,-37.82,144.98,22.0,1011.9
7.0,9.0,-37.82,144.98,22.0,1020.5
7.0,15.0,-37.82,144.98,22.0,1020.0
7.0,9.0,-37.82,144.98,22.0,1021.0
7.0,15.0,-37.82,144.98,22.0,1017.6
7.0,9.0,-37.82,144.98,22.0,1012.7
7.0,15.0,-37.82,144.98,22.0,1008.6
7.0,9.0,-37.82,144.98,22.0,1007.7
7.0,15.0,-37.82,144.98,22.0,1005.5
7.0,9.0,-37.82,144.98,22.0,1011.3
7.0,15.0,-37.82,144.98,22.0,1015.4
7.0,9.0,-37.82,144.98,22.0,1017.5
7.0,15.0,-37.82,144.98,22.0,1019.2
7.0,9.0,-37.82,144.98,22.0,1024.9
7.0,15.0,-37.82,144.98,22.0,1021.8
7.0,9.0,-37.82,144.98,22.0,1020.1
7.0,15.0,-37.82,144.98,22.0,1015.0
7.0,9.0,-37.82,144.98,22.0,1012.9
7.0,15.0,-37.82,144.98,22.0,1011.5
7.0,9.0,-37.82,144.98,22.0,1019.8
7.0,15.0,-37.82,144.98,22.0,1018.2
7.0,9.0,-37.82,144.98,22.0,1016.4
7.0,15.0,-37.82,144.98,22.0,1012.1
7.0,9.0,-37.82,144.98,22.0,1017.1
7.0,15.0,-37.82,144.98,22.0,1020.2
7.0,9.0,-37.82,144.98,22.0,1022.2
7.0,15.0,-37.82,144.98,22.0,1015.6
7.0,9.0,-37.82,144.98,22.0,1019.0
7.0,15.0,-37.82,144.98,22.0,1019.3
7.0,9.0,-37.82,144.98,22.0,1012.4
7.0,15.0,-37.82,144.98,22.0,1005.8
7.0,9.0,-37.82,144.98,22.0,1009.6
7.0,15.0,-37.82,144.98,22.0,1011.6
7.0,9.0,-37.82,144.98,22.0,1019.2
7.0,15.0,-37.82,144.98,22.0,1018.7
