4.0,9.0,-37.82,144.98,22.0,1021.0
4.0,15.0,-37.82,144.98,22.0,1022.3
4.0,9.0,-37.82,144.98,22.0,1029.6
4.0,15.0,-37.82,144.98,22.0,1028.7
4.0,9.0,-37.82,144.98,22.0,1031.7
4.0,15.0,-37.82,144.98,22.0,1028.4
4.0,9.0,-37.82,144.98,22.0,1030.8
4.0,15.0,-37.82,144.98,22.0,1026.8
4.0,9.0,-37.82,144.98,22.0,1026.3
4.0,15.0,-37.82,144.98,22.0,1021.8
4.0,9.0,-37.82,144.98,22.0,1023.8
4.0,15.0,-37.82,144.98,22.0,1021.1
4.0,9.0,-37.82,144.98,22.0,1024.6
4.0,15.0,-37.82,144.98,22.0,1020.2
4.0,9.0,-37.82,144.98,22.0,1018.6
4.0,15.0,-37.82,144.98,22.0,1012.8
4.0,9.0,-37.82,144.98,22.0,1007.2
4.0,15.0,-37.82,144.98,22.0,1005.1
4.0,9.0,-37.82,144.98,22.0,1015.1
4.0,15.0,-37.82,144.98,22.0,1018.0
4.0,9.0,-37.82,144.98,22.0,1024.3
4.0,15.0,-37.82,144.98,22.0,1023.7
4.0,9.0,-37.82,144.98,22.0,1026.5
4.0,15.0,-37.82,144.98,22.0,1023.9
4.0,9.0,-37.82,144.98,22.0,1024.8
4.0,15.0,-37.82,144.98,22.0,1021.5
4.0,9.0,-37.82,144.98,22.0,1024.9
4.0,15.0,-37.82,144.98,22.0,1022.8
4.0,9.0,-37.82,144.98,22.0,1022.5
4.0,15.0,-37.82,144.98,22.0,1020.0
4.0,9.0,-37.82,144.98,22.0,1020.7
4.0,15.0,-37.82,144.98,22.0,1018.5
4.0,9.0,-37.82,144.98,22.0,1023.6
4.0,15.0,-37.82,144.98,22.0,1021.9
4.0,9.0,-37.82,144.98,22.0,1026.9
4.0,15.0,-37.82,144.98,22.0,1025.6
4.0,9.0,-37.82,144.98,22.0,1028.2
4.0,15.0,-37.82,144.98,22.0,1024.1
4.0,9.0,-37.82,144.98,22.0,1026.1
4.0,15.0,-37.82,144.98,22.0,1022.2
4.0,9.0,-37.82,144.98,22.0,1020.8
4.0,15.0,-37.82,144.98,22.0,1019.8
4.0,9.0,-37.82,144.98,22.0,1023.5
4.0,15.0,-37.82,144.98,22.0,1021.2
4.0,9.0,-37.82,144.98,22.0,1024.8
4.0,15.0,-37.82,144.98,22.0,1021.9
4.0,9.0,-37.82,144.98,22.0,1020.7
4.0,15.0,-37.82,144.98,22.0,1014.7
4.0,9.0,-37.82,144.98,22.0,1008.1
4.0,15.0,-37.82,144.98,22.0,1006.9
4.0,9.0,-37.82,144.98,22.0,1009.9
4.0,15.0,-37.82,144.98,22.0,1015.0
4.0,9.0,-37.82,144.98,22.0,1023.1
4.0,15.0,-37.82,144.98,22.0,1022.9
4.0,9.0,-37.82,144.98,22.0,1024.0
4.0,15.0,-37.82,144.98,22.0,1022.0
4.0,9.0,-37.82,144.98,22.0,1022.7
4.0,15.0,-37.82,144.98,22.0,1022.0
4.0,9.0,-37.82,144.98,22.0,1023.4
4.0,15.0,-37.82,144.98,22.0,1019.7
