8.0,9.0,-37.82,144.98,22.0,1010.8
8.0,15.0,-37.82,144.98,22.0,1009.3
8.0,9.0,-37.82,144.98,22.0,1020.8
8.0,15.0,-37.82,144.98,22.0,1021.2
8.0,9.0,-37.82,144.98,22.0,1026.3
8.0,15.0,-37.82,144.98,22.0,1026.6
8.0,9.0,-37.82,144.98,22.0,1031.1
8.0,15.0,-37.82,144.98,22.0,1029.5
8.0,9.0,-37.82,144.98,22.0,1032.5
8.0,15.0,-37.82,144.98,22.0,1030.2
8.0,9.0,-37.82,144.98,22.0,1029.7
8.0,15.0,-37.82,144.98,22.0,1026.6
8.0,9.0,-37.82,144.98,22.0,1027.5
8.0,15.0,-37.82,144.98,22.0,1024.8
8.0,9.0,-37.82,144.98,22.0,1024.4
8.0,15.0,-37.82,144.98,22.0,1020.3
8.0,9.0,-37.82,144.98,22.0,1014.5
8.0,15.0,-37.82,144.98,22.0,1008.0
8.0,9.0,-37.82,144.98,22.0,1010.8
8.0,15.0,-37.82,144.98,22.0,1008.7
8.0,9.0,-37.82,144.98,22.0,1018.7
8.0,15.0,-37.82,144.98,22.0,1019.3
8.0,9.0,-37.82,144.98,22.0,1021.1
8.0,15.0,-37.82,144.98,22.0,1017.1
8.0,9.0,-37.82,144.98,22.0,1021.6
8.0,15.0,-37.82,144.98,22.0,1020.3
8.0,9.0,-37.82,144.98,22.0,1027.7
8.0,15.0,-37.82,144.98,22.0,1026.3
8.0,9.0,-37.82,144.98,22.0,1031.2
8.0,15.0,-37.82,144.98,22.0,1027.6
8.0,9.0,-37.82,144.98,22.0,1025.9
8.0,15.0,-37.82,144.98,22.0,1021.5
8.0,9.0,-37.82,144.98,22.0,1022.7
8.0,15.0,-37.82,144.98,22.0,1022.7
8.0,9.0,-37.82,144.98,22.0,1018.0
8.0,15.0,-37.82,144.98,22.0,1013.1
8.0,9.0,-37.82,144.98,22.0,1005.9
8.0,15.0,-37.82,144.98,22.0,1007.0
8.0,9.0,-37.82,144.98,22.0,1011.9
8.0,15.0,-37.82,144.98,22.0,1012.1
8.0,9.0,-37.82,144.98,22.0,1015.8
8.0,15.0,-37.82,144.98,22.0,1012.8
8.0,9.0,-37.82,144.98,22.0,1014.4
8.0,15.0,-37.82,144.98,22.0,1012.8
8.0,9.0,-37.82,144.98,22.0,1018.0
8.0,15.0,-37.82,144.98,22.0,1016.9
8.0,9.0,-37.82,144.98,22.0,1016.6
8.0,15.0,-37.82,144.98,22.0,1013.5
8.0,9.0,-37.82,144.98,22.0,1015.2
8.0,15.0,-37.82,144.98,22.0,1015.7
8.0,9.0,-37.82,144.98,22.0,1022.1
8.0,15.0,-37.82,144.98,22.0,1020.5
8.0,9.0,-37.82,144.98,22.0,1022.3
8.0,15.0,-37.82,144.98,22.0,1018.4
8.0,9.0,-37.82,144.98,22.0,1020.6
8.0,15.0,-37.82,144.98,22.0,1019.0
8.0,9.0,-37.82,144.98,22.0,1025.0
8.0,15.0,-37.82,144.98,22.0,1021.5
8.0,9.0,-37.82,144.98,22.0,1020.0
8.0,15.0,-37.82,144.98,22.0,1015.2
8.0,9.0,-37.82,144.98,22.0,1013.6
8.0,15.0,-37.82,144.98,22.0,1012.6
