12.0,9.0,-37.82,144.98,22.0,1008.9
12.0,15.0,-37.82,144.98,22.0,1006.0
12.0,9.0,-37.82,144.98,22.0,1011.3
12.0,15.0,-37.82,144.98,22.0,1012.8
12.0,9.0,-37.82,144.98,22.0,1016.4
12.0,15.0,-37.82,144.98,22.0,1014.6
12.0,9.0,-37.82,144.98,22.0,1010.1
12.0,15.0,-37.82,144.98,22.0,1006.0
12.0,9.0,-37.82,144.98,22.0,1012.0
12.0,15.0,-37.82,144.98,22.0,1011.6
12.0,9.0,-37.82,144.98,22.0,1014.3
12.0,15.0,-37.82,144.98,22.0,1013.5
12.0,9.0,-37.82,144.98,22.0,1015.7
12.0,15.0,-37.82,144.98,22.0,1010.9
12.0,9.0,-37.82,144.98,22.0,997.2
12.0,15.0,-37.82,144.98,22.0,998.1
12.0,9.0,-37.82,144.98,22.0,1015.9
12.0,15.0,-37.82,144.98,22.0,1018.9
12.0,9.0,-37.82,144.98,22.0,1024.0
12.0,15.0,-37.82,144.98,22.0,1023.0
12.0,9.0,-37.82,144.98,22.0,1024.4
12.0,15.0,-37.82,144.98,22.0,1022.6
12.0,9.0,-37.82,144.98,22.0,1019.5
12.0,15.0,-37.82,144.98,22.0,1014.6
12.0,9.0,-37.82,144.98,22.0,1009.2
12.0,15.0,-37.82,144.98,22.0,1004.2
12.0,9.0,-37.82,144.98,22.0,1011.9
12.0,15.0,-37.82,144.98,22.0,1014.4
12.0,9.0,-37.82,144.98,22.0,1019.3
12.0,15.0,-37.82,144.98,22.0,1016.9
12.0,9.0,-37.82,144.98,22.0,1011.6
12.0,15.0,-37.82,144.98,22.0,1006.9
12.0,9.0,-37.82,144.98,22.0,1008.1
12.0,15.0,-37.82,144.98,22.0,1012.2
12.0,9.0,-37.82,144.98,22.0,1022.9
12.0,15.0,-37.82,144.98,22.0,1022.5
12.0,9.0,-37.82,144.98,22.0,1015.4
12.0,15.0,-37.82,144.98,22.0,1008.9
12.0,9.0,-37.82,144.98,22.0,1008.3
12.0,15.0,-37.82,144.98,22.0,1008.9
12.0,9.0,-37.82,144.98,22.0,1016.4
12.0,15.0,-37.82,144.98,22.0,1018.2
12.0,9.0,-37.82,144.98,22.0,1020.6
12.0,15.0,-37.82,144.98,22.0,1018.4
12.0,9.0,-37.82,144.98,22.0,1015.2
12.0,15.0,-37.82,144.98,22.0,1011.0
12.0,9.0,-37.82,144.98,22.0,1010.8
12.0,15.0,-37.82,144.98,22.0,1009.6
12.0,9.0,-37.82,144.98,22.0,1013.3
12.0,15.0,-37.82,144.98,22.0,1009.6
12.0,9.0,-37.82,144.98,22.0,1008.6
12.0,15.0,-37.82,144.98,22.0,1011.1
12.0,9.0,-37.82,144.98,22.0,1012.0
12.0,15.0,-37.82,144.98,22.0,1009.8
12.0,9.0,-37.82,144.98,22.0,1003.0
12.0,15.0,-37.82,144.98,22.0,999.2
12.0,9.0,-37.82,144.98,22.0,1002.5
12.0,15.0,-37.82,144.98,22.0,1000.9
12.0,9.0,-37.82,144.98,22.0,1001.3
12.0,15.0,-37.82,144.98,22.0,999.4
12.0,9.0,-37.82,144.98,22.0,1006.3
12.0,15.0,-37.82,144.98,22.0,1005.8
