9.0,9.0,-37.82,144.98,22.0,1018.5
9.0,15.0,-37.82,144.98,22.0,1015.5
9.0,9.0,-37.82,144.98,22.0,1014.3
9.0,15.0,-37.82,144.98,22.0,1007.9
9.0,9.0,-37.82,144.98,22.0,1008.0
9.0,15.0,-37.82,144.98,22.0,1008.9
9.0,9.0,-37.82,144.98,22.0,1022.7
9.0,15.0,-37.82,144.98,22.0,1023.8
9.0,9.0,-37.82,144.98,22.0,1029.7
9.0,15.0,-37.82,144.98,22.0,1027.7
9.0,9.0,-37.82,144.98,22.0,1029.7
9.0,15.0,-37.82,144.98,22.0,1027.2
9.0,9.0,-37.82,144.98,22.0,1029.7
9.0,15.0,-37.82,144.98,22.0,1025.1
9.0,9.0,-37.82,144.98,22.0,1021.5
9.0,15.0,-37.82,144.98,22.0,1016.3
9.0,9.0,-37.82,144.98,22.0,1009.7
9.0,15.0,-37.82,144.98,22.0,1008.2
9.0,9.0,-37.82,144.98,22.0,1016.4
9.0,15.0,-37.82,144.98,22.0,1016.8
9.0,9.0,-37.82,144.98,22.0,1019.5
9.0,15.0,-37.82,144.98,22.0,1016.8
9.0,9.0,-37.82,144.98,22.0,1021.8
9.0,15.0,-37.82,144.98,22.0,1020.5
9.0,9.0,-37.82,144.98,22.0,1020.1
9.0,15.0,-37.82,144.98,22.0,1015.5
9.0,9.0,-37.82,144.98,22.0,1005.3
9.0,15.0,-37.82,144.98,22.0,1004.0
9.0,9.0,-37.82,144.98,22.0,1006.7
9.0,15.0,-37.82,144.98,22.0,1009.2
9.0,9.0,-37.82,144.98,22.0,1018.0
9.0,15.0,-37.82,144.98,22.0,1016.4
9.0,9.0,-37.82,144.98,22.0,1018.2
9.0,15.0,-37.82,144.98,22.0,1013.9
9.0,9.0,-37.82,144.98,22.0,1012.2
9.0,15.0,-37.82,144.98,22.0,1010.3
9.0,9.0,-37.82,144.98,22.0,1014.0
9.0,15.0,-37.82,144.98,22.0,1011.5
9.0,9.0,-37.82,144.98,22.0,1015.0
9.0,15.0,-37.82,144.98,22.0,1012.4
9.0,9.0,-37.82,144.98,22.0,1010.6
9.0,15.0,-37.82,144.98,22.0,1008.5
9.0,9.0,-37.82,144.98,22.0,1017.3
9.0,15.0,-37.82,144.98,22.0,1017.1
9.0,9.0,-37.82,144.98,22.0,1017.2
9.0,15.0,-37.82,144.98,22.0,1012.3
9.0,9.0,-37.82,144.98,22.0,1009.7
9.0,15.0,-37.82,144.98,22.0,1005.7
9.0,9.0,-37.82,144.98,22.0,1011.4
9.0,15.0,-37.82,144.98,22.0,1011.9
9.0,9.0,-37.82,144.98,22.0,1012.9
9.0,15.0,-37.82,144.98,22.0,1009.5
9.0,9.0,-37.82,144.98,22.0,1011.7
9.0,15.0,-37.82,144.98,22.0,1011.8
9.0,9.0,-37.82,144.98,22.0,1012.2
9.0,15.0,-37.82,144.98,22.0,1003.6
9.0,9.0,-37.82,144.98,22.0,989.5
9.0,15.0,-37.82,144.98,22.0,988.3
9.0,9.0,-37.82,144.98,22.0,991.8
9.0,15.0,-37.82,144.98,22.0,993.1
