2.0,9.0,-37.82,144.98,22.0,1015.3
2.0,15.0,-37.82,144.98,22.0,1012.9
2.0,9.0,-37.82,144.98,22.0,1016.7
2.0,15.0,-37.82,144.98,22.0,1015.3
2.0,9.0,-37.82,144.98,22.0,1016.4
2.0,15.0,-37.82,144.98,22.0,1013.7
2.0,9.0,-37.82,144.98,22.0,1012.2
2.0,15.0,-37.82,144.98,22.0,1007.1
2.0,9.0,-37.82,144.98,22.0,1007.2
2.0,15.0,-37.82,144.98,22.0,1004.2
2.0,9.0,-37.82,144.98,22.0,1016.3
2.0,15.0,-37.82,144.98,22.0,1017.2
2.0,9.0,-37.82,144.98,22.0,1021.7
2.0,15.0,-37.82,144.98,22.0,1018.5
2.0,9.0,-37.82,144.98,22.0,1019.1
2.0,15.0,-37.82,144.98,22.0,1013.8
2.0,9.0,-37.82,144.98,22.0,1009.8
2.0,15.0,-37.82,144.98,22.0,1008.9
2.0,9.0,-37.82,144.98,22.0,1012.2
2.0,15.0,-37.82,144.98,22.0,1009.4
2.0,9.0,-37.82,144.98,22.0,1009.4
2.0,15.0,-37.82,144.98,22.0,1008.3
2.0,9.0,-37.82,144.98,22.0,1008.0
2.0,15.0,-37.82,144.98,22.0,1009.0
2.0,9.0,-37.82,144.98,22.0,1012.3
2.0,15.0,-37.82,144.98,22.0,1013.3
2.0,9.0,-37.82,144.98,22.0,1019.2
2.0,15.0,-37.82,144.98,22.0,1019.4
2.0,9.0,-37.82,144.98,22.0,1013.4
2.0,15.0,-37.82,144.98,22.0,1007.9
2.0,9.0,-37.82,144.98,22.0,1011.6
2.0,15.0,-37.82,144.98,22.0,1008.4
2.0,9.0,-37.82,144.98,22.0,1009.8
2.0,15.0,-37.82,144.98,22.0,1008.7
2.0,9.0,-37.82,144.98,22.0,1010.9
2.0,15.0,-37.82,144.98,22.0,1011.2
2.0,9.0,-37.82,144.98,22.0,1010.1
2.0,15.0,-37.82,144.98,22.0,1008.1
2.0,9.0,-37.82,144.98,22.0,1012.7
2.0,15.0,-37.82,144.98,22.0,1013.3
2.0,9.0,-37.82,144.98,22.0,1021.6
2.0,15.0,-37.82,144.98,22.0,1019.4
2.0,9.0,-37.82,144.98,22.0,1015.5
2.0,15.0,-37.82,144.98,22.0,1010.4
2.0,9.0,-37.82,144.98,22.0,1017.1
2.0,15.0,-37.82,144.98,22.0,1018.1
2.0,9.0,-37.82,144.98,22.0,1024.4
2.0,15.0,-37.82,144.98,22.0,1025.1
2.0,9.0,-37.82,144.98,22.0,1025.2
2.0,15.0,-37.82,144.98,22.0,1022.3
2.0,9.0,-37.82,144.98,22.0,1021.8
2.0,15.0,-37.82,144.98,22.0,1019.1
2.0,9.0,-37.82,144.98,22.0,1022.8
2.0,15.0,-37.82,144.98,22.0,1020.3
2.0,9.0,-37.82,144.98,22.0,1021.8
2.0,15.0,-37.82,144.98,22.0,1019.7
