11.0,9.0,-37.82,144.98,22.0,1012.0
11.0,15.0,-37.82,144.98,22.0,1009.8
11.0,9.0,-37.82,144.98,22.0,1016.0
11.0,15.0,-37.82,144.98,22.0,1016.3
11.0,9.0,-37.82,144.98,22.0,1019.8
11.0,15.0,-37.82,144.98,22.0,1017.1
11.0,9.0,-37.82,144.98,22.0,1011.0
11.0,15.0,-37.82,144.98,22.0,1004.2
11.0,9.0,-37.82,144.98,22.0,1011.4
11.0,15.0,-37.82,144.98,22.0,1012.0
11.0,9.0,-37.82,144.98,22.0,1011.7
11.0,15.0,-37.82,144.98,22.0,1010.0
11.0,9.0,-37.82,144.98,22.0,1002.7
11.0,15.0,-37.82,144.98,22.0,1003.5
11.0,9.0,-37.82,144.98,22.0,1011.7
11.0,15.0,-37.82,144.98,22.0,1011.2
11.0,9.0,-37.82,144.98,22.0,1014.1
11.0,15.0,-37.82,144.98,22.0,1011.7
11.0,9.0,-37.82,144.98,22.0,1012.2
11.0,15.0,-37.82,144.98,22.0,1012.4
11.0,9.0,-37.82,144.98,22.0,1013.0
11.0,15.0,-37.82,144.98,22.0,1008.3
11.0,9.0,-37.82,144.98,22.0,997.1
11.0,15.0,-37.82,144.98,22.0,995.7
11.0,9.0,-37.82,144.98,22.0,993.5
11.0,15.0,-37.82,144.98,22.0,992.8
11.0,9.0,-37.82,144.98,22.0,1010.4
11.0,15.0,-37.82,144.98,22.0,1013.4
11.0,9.0,-37.82,144.98,22.0,1019.6
11.0,15.0,-37.82,144.98,22.0,1019.1
11.0,9.0,-37.82,144.98,22.0,1024.5
11.0,15.0,-37.82,144.98,22.0,1022.7
11.0,9.0,-37.82,144.98,22.0,1018.8
11.0,15.0,-37.82,144.98,22.0,1014.8
11.0,9.0,-37.82,144.98,22.0,1016.8
11.0,15.0,-37.82,144.98,22.0,1017.0
11.0,9.0,-37.82,144.98,22.0,1020.7
11.0,15.0,-37.82,144.98,22.0,1019.1
11.0,9.0,-37.82,144.98,22.0,1017.8
11.0,15.0,-37.82,144.98,22.0,1013.4
11.0,9.0,-37.82,144.98,22.0,1009.8
11.0,15.0,-37.82,144.98,22.0,1005.5
11.0,9.0,-37.82,144.98,22.0,1015.0
11.0,15.0,-37.82,144.98,22.0,1016.4
11.0,9.0,-37.82,144.98,22.0,1015.3
11.0,15.0,-37.82,144.98,22.0,1016.4
11.0,9.0,-37.82,144.98,22.0,1018.9
11.0,15.0,-37.82,144.98,22.0,1017.4
11.0,9.0,-37.82,144.98,22.0,1018.3
11.0,15.0,-37.82,144.98,22.0,1019.5
11.0,9.0,-37.82,144.98,22.0,1021.3
11.0,15.0,-37.82,144.98,22.0,1020.7
11.0,9.0,-37.82,144.98,22.0,1020.6
11.0,15.0,-37.82,144.98,22.0,1018.4
11.0,9.0,-37.82,144.98,22.0,1016.1
11.0,15.0,-37.82,144.98,22.0,1014.2
11.0,9.0,-37.82,144.98,22.0,1013.4
11.0,15.0,-37.82,144.98,22.0,1011.8
11.0,9.0,-37.82,144.98,22.0,1009.9
11.0,15.0,-37.82,144.98,22.0,1009.3
