10.0,9.0,-37.82,144.98,22.0,1002.8
10.0,15.0,-37.82,144.98,22.0,1003.9
10.0,9.0,-37.82,144.98,22.0,1004.6
10.0,15.0,-37.82,144.98,22.0,998.0
10.0,9.0,-37.82,144.98,22.0,995.4
10.0,15.0,-37.82,144.98,22.0,995.0
10.0,9.0,-37.82,144.98,22.0,998.8
10.0,15.0,-37.82,144.98,22.0,999.8
10.0,9.0,-37.82,144.98,22.0,1014.4
10.0,15.0,-37.82,144.98,22.0,1013.0
10.0,9.0,-37.82,144.98,22.0,1018.1
10.0,15.0,-37.82,144.98,22.0,1013.8
10.0,9.0,-37.82,144.98,22.0,1012.0
10.0,15.0,-37.82,144.98,22.0,1011.7
10.0,9.0,-37.82,144.98,22.0,1021.9
10.0,15.0,-37.82,144.98,22.0,1020.7
10.0,9.0,-37.82,144.98,22.0,1010.1
10.0,15.0,-37.82,144.98,22.0,1000.4
10.0,9.0,-37.82,144.98,22.0,1008.3
10.0,15.0,-37.82,144.98,22.0,1009.0
10.0,9.0,-37.82,144.98,22.0,1016.6
10.0,15.0,-37.82,144.98,22.0,1017.0
10.0,9.0,-37.82,144.98,22.0,1017.0
10.0,15.0,-37.82,144.98,22.0,1018.1
10.0,9.0,-37.82,144.98,22.0,1025.8
10.0,15.0,-37.82,144.98,22.0,1025.4
10.0,9.0,-37.82,144.98,22.0,1025.6
10.0,15.0,-37.82,144.98,22.0,1020.6
10.0,9.0,-37.82,144.98,22.0,1016.6
10.0,15.0,-37.82,144.98,22.0,1010.9
10.0,9.0,-37.82,144.98,22.0,1001.9
10.0,15.0,-37.82,144.98,22.0,999.8
10.0,9.0,-37.82,144.98,22.0,1008.2
10.0,15.0,-37.82,144.98,22.0,1007.7
10.0,9.0,-37.82,144.98,22.0,1009.3
10.0,15.0,-37.82,144.98,22.0,1010.0
10.0,9.0,-37.82,144.98,22.0,1020.3
10.0,15.0,-37.82,144.98,22.0,1020.3
10.0,9.0,-37.82,144.98,22.0,1019.0
10.0,15.0,-37.82,144.98,22.0,1015.5
10.0,9.0,-37.82,144.98,22.0,1010.0
10.0,15.0,-37.82,144.98,22.0,1012.6
10.0,9.0,-37.82,144.98,22.0,1018.4
10.0,15.0,-37.82,144.98,22.0,1019.5
10.0,9.0,-37.82,144.98,22.0,1025.8
10.0,15.0,-37.82,144.98,22.0,1025.6
10.0,9.0,-37.82,144.98,22.0,1023.0
10.0,15.0,-37.82,144.98,22.0,1019.3
10.0,9.0,-37.82,144.98,22.0,1014.5
10.0,15.0,-37.82,144.98,22.0,1009.9
10.0,9.0,-37.82,144.98,22.0,1009.7
10.0,15.0,-37.82,144.98,22.0,1012.5
10.0,9.0,-37.82,144.98,22.0,1020.8
10.0,15.0,-37.82,144.98,22.0,1020.6
10.0,9.0,-37.82,144.98,22.0,1019.9
10.0,15.0,-37.82,144.98,22.0,1018.5
10.0,9.0,-37.82,144.98,22.0,1019.1
10.0,15.0,-37.82,144.98,22.0,1012.5
10.0,9.0,-37.82,144.98,22.0,998.5
10.0,15.0,-37.82,144.98,22.0,998.0
10.0,9.0,-37.82,144.98,22.0,1012.9
10.0,15.0,-37.82,144.98,22.0,1013.1
