3.0,9.0,-37.82,144.98,22.0,1021.3
3.0,15.0,-37.82,144.98,22.0,1019.1
3.0,9.0,-37.82,144.98,22.0,1019.3
3.0,15.0,-37.82,144.98,22.0,1019.4
3.0,9.0,-37.82,144.98,22.0,1022.7
3.0,15.0,-37.82,144.98,22.0,1019.7
3.0,9.0,-37.82,144.98,22.0,1018.1
3.0,15.0,-37.82,144.98,22.0,1014.5
3.0,9.0,-37.82,144.98,22.0,1015.3
3.0,15.0,-37.82,144.98,22.0,1014.6
3.0,9.0,-37.82,144.98,22.0,1017.1
3.0,15.0,-37.82,144.98,22.0,1015.4
3.0,9.0,-37.82,144.98,22.0,1019.5
3.0,15.0,-37.82,144.98,22.0,1016.9
3.0,9.0,-37.82,144.98,22.0,1018.8
3.0,15.0,-37.82,144.98,22.0,1015.4
3.0,9.0,-37.82,144.98,22.0,1017.1
3.0,15.0,-37.82,144.98,22.0,1014.8
3.0,9.0,-37.82,144.98,22.0,1017.2
3.0,15.0,-37.82,144.98,22.0,1016.0
3.0,9.0,-37.82,144.98,22.0,1013.0
3.0,15.0,-37.82,144.98,22.0,1008.7
3.0,9.0,-37.82,144.98,22.0,1001.0
3.0,15.0,-37.82,144.98,22.0,1000.5
3.0,9.0,-37.82,144.98,22.0,1013.3
3.0,15.0,-37.82,144.98,22.0,1013.8
3.0,9.0,-37.82,144.98,22.0,1018.7
3.0,15.0,-37.82,144.98,22.0,1016.0
3.0,9.0,-37.82,144.98,22.0,1016.3
3.0,15.0,-37.82,144.98,22.0,1011.5
3.0,9.0,-37.82,144.98,22.0,1008.9
3.0,15.0,-37.82,144.98,22.0,1012.0
3.0,9.0,-37.82,144.98,22.0,1024.0
3.0,15.0,-37.82,144.98,22.0,1023.7
3.0,9.0,-37.82,144.98,22.0,1025.4
3.0,15.0,-37.82,144.98,22.0,1022.6
3.0,9.0,-37.82,144.98,22.0,1020.0
3.0,15.0,-37.82,144.98,22.0,1015.4
3.0,9.0,-37.82,144.98,22.0,1015.9
3.0,15.0,-37.82,144.98,22.0,1014.0
3.0,9.0,-37.82,144.98,22.0,1013.0
3.0,15.0,-37.82,144.98,22.0,1010.1
3.0,9.0,-37.82,144.98,22.0,1016.0
3.0,15.0,-37.82,144.98,22.0,1016.2
3.0,9.0,-37.82,144.98,22.0,1020.2
3.0,15.0,-37.82,144.98,22.0,1018.3
3.0,9.0,-37.82,144.98,22.0,1019.8
3.0,15.0,-37.82,144.98,22.0,1016.2
3.0,9.0,-37.82,144.98,22.0,1012.5
3.0,15.0,-37.82,144.98,22.0,1010.2
3.0,9.0,-37.82,144.98,22.0,1014.9
3.0,15.0,-37.82,144.98,22.0,1012.4
3.0,9.0,-37.82,144.98,22.0,1005.0
3.0,15.0,-37.82,144.98,22.0,1009.7
3.0,9.0,-37.82,144.98,22.0,1015.1
3.0,15.0,-37.82,144.98,22.0,1012.0
3.0,9.0,-37.82,144.98,22.0,1009.2
3.0,15.0,-37.82,144.98,22.0,1004.6
3.0,9.0,-37.82,144.98,22.0,1016.7
3.0,15.0,-37.82,144.98,22.0,1017.7
3.0,9.0,-37.82,144.98,22.0,1022.4
3.0,15.0,-37.82,144.98,22.0,1020.2
