5.0,9.0,-37.82,144.98,22.0,1016.2
5.0,15.0,-37.82,144.98,22.0,1012.7
5.0,9.0,-37.82,144.98,22.0,1020.0
5.0,15.0,-37.82,144.98,22.0,1021.3
5.0,9.0,-37.82,144.98,22.0,1030.8
5.0,15.0,-37.82,144.98,22.0,1029.5
5.0,9.0,-37.82,144.98,22.0,1032.2
5.0,15.0,-37.82,144.98,22.0,1029.5
5.0,9.0,-37.82,144.98,22.0,1028.8
5.0,15.0,-37.82,144.98,22.0,1023.8
5.0,9.0,-37.82,144.98,22.0,1019.6
5.0,15.0,-37.82,144.98,22.0,1018.4
5.0,9.0,-37.82,144.98,22.0,1028.8
5.0,15.0,-37.82,144.98,22.0,1028.8
5.0,9.0,-37.82,144.98,22.0,1031.7
5.0,15.0,-37.82,144.98,22.0,1030.1
5.0,9.0,-37.82,144.98,22.0,1029.6
5.0,15.0,-37.82,144.98,22.0,1027.0
5.0,9.0,-37.82,144.98,22.0,1026.8
5.0,15.0,-37.82,144.98,22.0,1023.5
5.0,9.0,-37.82,144.98,22.0,1026.6
5.0,15.0,-37.82,144.98,22.0,1024.6
5.0,9.0,-37.82,144.98,22.0,1025.8
5.0,15.0,-37.82,144.98,22.0,1022.8
5.0,9.0,-37.82,144.98,22.0,1025.6
5.0,15.0,-37.82,144.98,22.0,1023.4
5.0,9.0,-37.82,144.98,22.0,1024.1
5.0,15.0,-37.82,144.98,22.0,1021.7
5.0,9.0,-37.82,144.98,22.0,1021.6
5.0,15.0,-37.82,144.98,22.0,1019.0
5.0,9.0,-37.82,144.98,22.0,1020.6
5.0,15.0,-37.82,144.98,22.0,1016.5
5.0,9.0,-37.82,144.98,22.0,1020.5
5.0,15.0,-37.82,144.98,22.0,1018.6
5.0,9.0,-37.82,144.98,22.0,1024.4
5.0,15.0,-37.82,144.98,22.0,1021.9
5.0,9.0,-37.82,144.98,22.0,1020.6
5.0,15.0,-37.82,144.98,22.0,1017.6
5.0,9.0,-37.82,144.98,22.0,1016.9
5.0,15.0,-37.82,144.98,22.0,1015.8
5.0,9.0,-37.82,144.98,22.0,1020.2
5.0,15.0,-37.82,144.98,22.0,1019.1
5.0,9.0,-37.82,144.98,22.0,1022.5
5.0,15.0,-37.82,144.98,22.0,1017.6
5.0,9.0,-37.82,144.98,22.0,1017.5
5.0,15.0,-37.82,144.98,22.0,1013.5
5.0,9.0,-37.82,144.98,22.0,1015.3
5.0,15.0,-37.82,144.98,22.0,1016.8
5.0,9.0,-37.82,144.98,22.0,1020.9
5.0,15.0,-37.82,144.98,22.0,1018.0
5.0,9.0,-37.82,144.98,22.0,1022.9
5.0,15.0,-37.82,144.98,22.0,1019.3
5.0,9.0,-37.82,144.98,22.0,1017.5
5.0,15.0,-37.82,144.98,22.0,1012.0
5.0,9.0,-37.82,144.98,22.0,1008.1
5.0,15.0,-37.82,144.98,22.0,1007.9
5.0,9.0,-37.82,144.98,22.0,1019.5
5.0,15.0,-37.82,144.98,22.0,1019.2
5.0,9.0,-37.82,144.98,22.0,1021.6
5.0,15.0,-37.82,144.98,22.0,1023.6
5.0,9.0,-37.82,144.98,22.0,1033.5
5.0,15.0,-37.82,144.98,22.0,1033.1
