6.0,9.0,-37.82,144.98,22.0,1037.5
6.0,15.0,-37.82,144.98,22.0,1035.8
6.0,9.0,-37.82,144.98,22.0,1037.2
6.0,15.0,-37.82,144.98,22.0,1034.9
6.0,9.0,-37.82,144.98,22.0,1034.1
6.0,15.0,-37.82,144.98,22.0,1031.3
6.0,9.0,-37.82,144.98,22.0,1029.8
6.0,15.0,-37.82,144.98,22.0,1026.0
6.0,9.0,-37.82,144.98,22.0,1025.5
6.0,15.0,-37.82,144.98,22.0,1021.7
6.0,9.0,-37.82,144.98,22.0,1025.8
6.0,15.0,-37.82,144.98,22.0,1027.0
6.0,9.0,-37.82,144.98,22.0,1030.2
6.0,15.0,-37.82,144.98,22.0,1027.9
6.0,9.0,-37.82,144.98,22.0,1028.9
6.0,15.0,-37.82,144.98,22.0,1026.9
6.0,9.0,-37.82,144.98,22.0,1032.9
6.0,15.0,-37.82,144.98,22.0,1032.5
6.0,9.0,-37.82,144.98,22.0,1035.0
6.0,15.0,-37.82,144.98,22.0,1032.0
6.0,9.0,-37.82,144.98,22.0,1029.1
6.0,15.0,-37.82,144.98,22.0,1025.5
6.0,9.0,-37.82,144.98,22.0,1026.8
6.0,15.0,-37.82,144.98,22.0,1025.6
6.0,9.0,-37.82,144.98,22.0,1032.0
6.0,15.0,-37.82,144.98,22.0,1030.0
6.0,9.0,-37.82,144.98,22.0,1030.1
6.0,15.0,-37.82,144.98,22.0,1027.3
6.0,9.0,-37.82,144.98,22.0,1027.7
6.0,15.0,-37.82,144.98,22.0,1024.8
6.0,9.0,-37.82,144.98,22.0,1026.4
6.0,15.0,-37.82,144.98,22.0,1023.8
6.0,9.0,-37.82,144.98,22.0,1026.3
6.0,15.0,-37.82,144.98,22.0,1024.6
6.0,9.0,-37.82,144.98,22.0,1029.9
6.0,15.0,-37.82,144.98,22.0,1028.8
6.0,9.0,-37.82,144.98,22.0,1032.5
6.0,15.0,-37.82,144.98,22.0,1029.7
6.0,9.0,-37.82,144.98,22.0,1028.1
6.0,15.0,-37.82,144.98,22.0,1024.5
6.0,9.0,-37.82,144.98,22.0,1028.8
6.0,15.0,-37.82,144.98,22.0,1028.4
6.0,9.0,-37.82,144.98,22.0,1028.2
6.0,15.0,-37.82,144.98,22.0,1024.8
6.0,9.0,-37.82,144.98,22.0,1018.8
6.0,15.0,-37.82,144.98,22.0,1013.8
6.0,9.0,-37.82,144.98,22.0,1018.7
6.0,15.0,-37.82,144.98,22.0,1017.4
6.0,9.0,-37.82,144.98,22.0,1017.4
6.0,15.0,-37.82,144.98,22.0,1015.0
6.0,9.0,-37.82,144.98,22.0,1023.3
6.0,15.0,-37.82,144.98,22.0,1024.1
6.0,9.0,-37.82,144.98,22.0,1026.0
6.0,15.0,-37.82,144.98,22.0,1024.0
6.0,9.0,-37.82,144.98,22.0,1023.9
6.0,15.0,-37.82,144.98,22.0,1021.9
6.0,9.0,-37.82,144.98,22.0,1022.4
6.0,15.0,-37.82,144.98,22.0,1021.1
6.0,9.0,-37.82,144.98,22.0,1030.6
6.0,15.0,-37.82,144.98,22.0,1030.0
