1.0,9.0,-37.82,144.98,22.0,1005.6
1.0,15.0,-37.82,144.98,22.0,1007.8
1.0,9.0,-37.82,144.98,22.0,1016.9
1.0,15.0,-37.82,144.98,22.0,1018.9
1.0,9.0,-37.82,144.98,22.0,1022.2
1.0,15.0,-37.82,144.98,22.0,1020.0
1.0,9.0,-37.82,144.98,22.0,1019.0
1.0,15.0,-37.82,144.98,22.0,1015.4
1.0,9.0,-37.82,144.98,22.0,1016.8
1.0,15.0,-37.82,144.98,22.0,1013.5
1.0,9.0,-37.82,144.98,22.0,1016.2
1.0,15.0,-37.82,144.98,22.0,1013.0
1.0,9.0,-37.82,144.98,22.0,1012.7
1.0,15.0,-37.82,144.98,22.0,1008.3
1.0,9.0,-37.82,144.98,22.0,1005.0
1.0,15.0,-37.82,144.98,22.0,1007.4
1.0,9.0,-37.82,144.98,22.0,1012.3
1.0,15.0,-37.82,144.98,22.0,1011.4
1.0,9.0,-37.82,144.98,22.0,1012.6
1.0,15.0,-37.82,144.98,22.0,1008.4
1.0,9.0,-37.82,144.98,22.0,1011.8
1.0,15.0,-37.82,144.98,22.0,1010.7
1.0,9.0,-37.82,144.98,22.0,1013.5
1.0,15.0,-37.82,144.98,22.0,1009.9
1.0,9.0,-37.82,144.98,22.0,998.4
1.0,15.0,-37.82,144.98,22.0,997.9
1.0,9.0,-37.82,144.98,22.0,1008.3
1.0,15.0,-37.82,144.98,22.0,1010.8
1.0,9.0,-37.82,144.98,22.0,1018.8
1.0,15.0,-37.82,144.98,22.0,1018.2
1.0,9.0,-37.82,144.98,22.0,1016.3
1.0,15.0,-37.82,144.98,22.0,1011.4
1.0,9.0,-37.82,144.98,22.0,1009.5
1.0,15.0,-37.82,144.98,22.0,1006.2
1.0,9.0,-37.82,144.98,22.0,1013.7
1.0,15.0,-37.82,144.98,22.0,1015.6
1.0,9.0,-37.82,144.98,22.0,1014.3
1.0,15.0,-37.82,144.98,22.0,1009.5
1.0,9.0,-37.82,144.98,22.0,995.2
1.0,15.0,-37.82,144.98,22.0,1002.0
1.0,9.0,-37.82,144.98,22.0,1014.9
1.0,15.0,-37.82,144.98,22.0,1015.6
1.0,9.0,-37.82,144.98,22.0,1016.6
1.0,15.0,-37.82,144.98,22.0,1012.5
1.0,9.0,-37.82,144.98,22.0,1006.2
1.0,15.0,-37.82,144.98,22.0,1002.9
1.0,9.0,-37.82,144.98,22.0,1012.6
1.0,15.0,-37.82,144.98,22.0,1016.3
1.0,9.0,-37.82,144.98,22.0,1021.1
1.0,15.0,-37.82,144.98,22.0,1018.7
1.0,9.0,-37.82,144.98,22.0,1019.4
1.0,15.0,-37.82,144.98,22.0,1018.8
1.0,9.0,-37.82,144.98,22.0,1017.6
1.0,15.0,-37.82,144.98,22.0,1014.8
1.0,9.0,-37.82,144.98,22.0,1013.3
1.0,15.0,-37.82,144.98,22.0,1014.3
1.0,9.0,-37.82,144.98,22.0,1017.4
1.0,15.0,-37.82,144.98,22.0,1014.4
1.0,9.0,-37.82,144.98,22.0,1004.7
1.0,15.0,-37.82,144.98,22.0,1005.6
1.0,9.0,-37.82,144.98,22.0,1014.2
1.0,15.0,-37.82,144.98,22.0,1014.2
