11.0,9.0,-37.82,144.98,22.0,53.0
11.0,15.0,-37.82,144.98,22.0,45.0
11.0,9.0,-37.82,144.98,22.0,60.0
11.0,15.0,-37.82,144.98,22.0,51.0
11.0,9.0,-37.82,144.98,22.0,57.0
11.0,15.0,-37.82,144.98,22.0,49.0
11.0,9.0,-37.82,144.98,22.0,50.0
11.0,15.0,-37.82,144.98,22.0,23.0
11.0,9.0,-37.82,144.98,22.0,60.0
11.0,15.0,-37.82,144.98,22.0,44.0
11.0,9.0,-37.82,144.98,22.0,57.0
11.0,15.0,-37.82,144.98,22.0,45.0
11.0,9.0,-37.82,144.98,22.0,47.0
11.0,15.0,-37.82,144.98,22.0,61.0
11.0,9.0,-37.82,144.98,22.0,53.0
11.0,15.0,-37.82,144.98,22.0,42.0
11.0,9.0,-37.82,144.98,22.0,67.0
11.0,15.0,-37.82,144.98,22.0,62.0
11.0,9.0,-37.82,144.98,22.0,67.0
11.0,15.0,-37.82,144.98,22.0,59.0
11.0,9.0,-37.82,144.98,22.0,61.0
11.0,15.0,-37.82,144.98,22.0,62.0
11.0,9.0,-37.82,144.98,22.0,79.0
11.0,15.0,-37.82,144.98,22.0,36.0
11.0,9.0,-37.82,144.98,22.0,69.0
11.0,15.0,-37.82,144.98,22.0,60.0
11.0,9.0,-37.82,144.98,22.0,77.0
11.0,15.0,-37.82,144.98,22.0,57.0
11.0,9.0,-37.82,144.98,22.0,65.0
11.0,15.0,-37.82,144.98,22.0,57.0
11.0,9.0,-37.82,144.98,22.0,81.0
11.0,15.0,-37.82,144.98,22.0,62.0
11.0,9.0,-37.82,144.98,22.0,61.0
11.0,15.0,-37.82,144.98,22.0,27.0
11.0,9.0,-37.82,144.98,22.0,74.0
11.0,15.0,-37.82,144.98,22.0,72.0
11.0,9.0,-37.82,144.98,22.0,71.0
11.0,15.0,-37.82,144.98,22.0,58.0
11.0,9.0,-37.82,144.98,22.0,65.0
11.0,15.0,-37.82,144.98,22.0,56.0
11.0,9.0,-37.82,144.98,22.0,45.0
11.0,15.0,-37.82,144.98,22.0,31.0
11.0,9.0,-37.82,144.98,22.0,96.0
11.0,15.0,-37.82,144.98,22.0,89.0
11.0,9.0,-37.82,144.98,22.0,78.0
11.0,15.0,-37.82,144.98,22.0,79.0
11.0,9.0,-37.82,144.98,22.0,85.0
11.0,15.0,-37.82,144.98,22.0,62.0
11.0,9.0,-37.82,144.98,22.0,61.0
11.0,15.0,-37.82,144.98,22.0,59.0
11.0,9.0,-37.82,144.98,22.0,64.0
11.0,15.0,-37.82,144.98,22.0,62.0
11.0,9.0,-37.82,144.98,22.0,94.0
11.0,15.0,-37.82,144.98,22.0,72.0
11.0,9.0,-37.82,144.98,22.0,77.0
11.0,15.0,-37.82,144.98,22.0,53.0
11.0,9.0,-37.82,144.98,22.0,66.0
11.0,15.0,-37.82,144.98,22.0,65.0
11.0,9.0,-37.82,144.98,22.0,87.0
11.0,15.0,-37.82,144.98,22.0,73.0
