3.0,9.0,-37.82,144.98,22.0,58.0
3.0,15.0,-37.82,144.98,22.0,29.0
3.0,9.0,-37.82,144.98,22.0,82.0
3.0,15.0,-37.82,144.98,22.0,76.0
3.0,9.0,-37.82,144.98,22.0,87.0
3.0,15.0,-37.82,144.98,22.0,76.0
3.0,9.0,-37.82,144.98,22.0,81.0
3.0,15.0,-37.82,144.98,22.0,49.0
3.0,9.0,-37.82,144.98,22.0,94.0
3.0,15.0,-37.82,144.98,22.0,63.0
3.0,9.0,-37.82,144.98,22.0,69.0
3.0,15.0,-37.82,144.98,22.0,38.0
3.0,9.0,-37.82,144.98,22.0,60.0
3.0,15.0,-37.82,144.98,22.0,37.0
3.0,9.0,-37.82,144.98,22.0,72.0
3.0,15.0,-37.82,144.98,22.0,28.0
3.0,9.0,-37.82,144.98,22.0,53.0
3.0,15.0,-37.82,144.98,22.0,24.0
3.0,9.0,-37.82,144.98,22.0,74.0
3.0,15.0,-37.82,144.98,22.0,71.0
3.0,9.0,-37.82,144.98,22.0,80.0
3.0,15.0,-37.82,144.98,22.0,61.0
3.0,9.0,-37.82,144.98,22.0,77.0
3.0,15.0,-37.82,144.98,22.0,53.0
3.0,9.0,-37.82,144.98,22.0,66.0
3.0,15.0,-37.82,144.98,22.0,73.0
3.0,9.0,-37.82,144.98,22.0,78.0
3.0,15.0,-37.82,144.98,22.0,38.0
3.0,9.0,-37.82,144.98,22.0,50.0
3.0,15.0,-37.82,144.98,22.0,34.0
3.0,9.0,-37.82,144.98,22.0,77.0
3.0,15.0,-37.82,144.98,22.0,60.0
3.0,9.0,-37.82,144.98,22.0,56.0
3.0,15.0,-37.82,144.98,22.0,49.0
3.0,9.0,-37.82,144.98,22.0,79.0
3.0,15.0,-37.82,144.98,22.0,44.0
3.0,9.0,-37.82,144.98,22.0,61.0
3.0,15.0,-37.82,144.98,22.0,31.0
3.0,9.0,-37.82,144.98,22.0,72.0
3.0,15.0,-37.82,144.98,22.0,72.0
3.0,9.0,-37.82,144.98,22.0,98.0
3.0,15.0,-37.82,144.98,22.0,93.0
3.0,9.0,-37.82,144.98,22.0,100.0
3.0,15.0,-37.82,144.98,22.0,76.0
3.0,9.0,-37.82,144.98,22.0,76.0
3.0,15.0,-37.82,144.98,22.0,50.0
3.0,9.0,-37.82,144.98,22.0,85.0
3.0,15.0,-37.82,144.98,22.0,60.0
3.0,9.0,-37.82,144.98,22.0,64.0
3.0,15.0,-37.82,144.98,22.0,47.0
3.0,9.0,-37.82,144.98,22.0,74.0
3.0,15.0,-37.82,144.98,22.0,66.0
3.0,9.0,-37.82,144.98,22.0,49.0
3.0,15.0,-37.82,144.98,22.0,76.0
3.0,9.0,-37.82,144.98,22.0,77.0
3.0,15.0,-37.82,144.98,22.0,43.0
3.0,9.0,-37.82,144.98,22.0,55.0
3.0,15.0,-37.82,144.98,22.0,36.0
3.0,9.0,-37.82,144.98,22.0,72.0
3.0,15.0,-37.82,144.98,22.0,48.0
3.0,9.0,-37.82,144.98,22.0,70.0
3.0,15.0,-37.82,144.98,22.0,47.0
