2.0,9.0,-37.82,144.98,22.0,59.0
2.0,15.0,-37.82,144.98,22.0,52.0
2.0,9.0,-37.82,144.98,22.0,62.0
2.0,15.0,-37.82,144.98,22.0,39.0
2.0,9.0,-37.82,144.98,22.0,65.0
2.0,15.0,-37.82,144.98,22.0,43.0
2.0,9.0,-37.82,144.98,22.0,72.0
2.0,15.0,-37.82,144.98,22.0,16.0
2.0,9.0,-37.82,144.98,22.0,61.0
2.0,15.0,-37.82,144.98,22.0,53.0
2.0,9.0,-37.82,144.98,22.0,84.0
2.0,15.0,-37.82,144.98,22.0,57.0
2.0,9.0,-37.82,144.98,22.0,56.0
2.0,15.0,-37.82,144.98,22.0,45.0
2.0,9.0,-37.82,144.98,22.0,70.0
2.0,15.0,-37.82,144.98,22.0,33.0
2.0,9.0,-37.82,144.98,22.0,52.0
2.0,15.0,-37.82,144.98,22.0,75.0
2.0,9.0,-37.82,144.98,22.0,84.0
2.0,15.0,-37.82,144.98,22.0,62.0
2.0,9.0,-37.82,144.98,22.0,77.0
2.0,15.0,-37.82,144.98,22.0,56.0
2.0,9.0,-37.82,144.98,22.0,69.0
2.0,15.0,-37.82,144.98,22.0,43.0
2.0,9.0,-37.82,144.98,22.0,75.0
2.0,15.0,-37.82,144.98,22.0,64.0
2.0,9.0,-37.82,144.98,22.0,73.0
2.0,15.0,-37.82,144.98,22.0,55.0
2.0,9.0,-37.82,144.98,22.0,70.0
2.0,15.0,-37.82,144.98,22.0,25.0
2.0,9.0,-37.82,144.98,22.0,81.0
2.0,15.0,-37.82,144.98,22.0,63.0
2.0,9.0,-37.82,144.98,22.0,68.0
2.0,15.0,-37.82,144.98,22.0,45.0
2.0,9.0,-37.82,144.98,22.0,60.0
2.0,15.0,-37.82,144.98,22.0,59.0
2.0,9.0,-37.82,144.98,22.0,63.0
2.0,15.0,-37.82,144.98,22.0,48.0
2.0,9.0,-37.82,144.98,22.0,70.0
2.0,15.0,-37.82,144.98,22.0,47.0
2.0,9.0,-37.82,144.98,22.0,65.0
2.0,15.0,-37.82,144.98,22.0,45.0
2.0,9.0,-37.82,144.98,22.0,55.0
2.0,15.0,-37.82,144.98,22.0,24.0
2.0,9.0,-37.82,144.98,22.0,60.0
2.0,15.0,-37.82,144.98,22.0,52.0
2.0,9.0,-37.82,144.98,22.0,66.0
2.0,15.0,-37.82,144.98,22.0,53.0
2.0,9.0,-37.82,144.98,22.0,58.0
2.0,15.0,-37.82,144.98,22.0,52.0
2.0,9.0,-37.82,144.98,22.0,80.0
2.0,15.0,-37.82,144.98,22.0,49.0
2.0,9.0,-37.82,144.98,22.0,61.0
2.0,15.0,-37.82,144.98,22.0,27.0
2.0,9.0,-37.82,144.98,22.0,57.0
2.0,15.0,-37.82,144.98,22.0,24.0
