4.0,9.0,-37.82,144.98,22.0,79.0
4.0,15.0,-37.82,144.98,22.0,48.0
4.0,9.0,-37.82,144.98,22.0,64.0
4.0,15.0,-37.82,144.98,22.0,49.0
4.0,9.0,-37.82,144.98,22.0,64.0
4.0,15.0,-37.82,144.98,22.0,47.0
4.0,9.0,-37.82,144.98,22.0,70.0
4.0,15.0,-37.82,144.98,22.0,34.0
4.0,9.0,-37.82,144.98,22.0,62.0
4.0,15.0,-37.82,144.98,22.0,33.0
4.0,9.0,-37.82,144.98,22.0,57.0
4.0,15.0,-37.82,144.98,22.0,29.0
4.0,9.0,-37.82,144.98,22.0,46.0
4.0,15.0,-37.82,144.98,22.0,33.0
4.0,9.0,-37.82,144.98,22.0,46.0
4.0,15.0,-37.82,144.98,22.0,34.0
4.0,9.0,-37.82,144.98,22.0,79.0
4.0,15.0,-37.82,144.98,22.0,72.0
4.0,9.0,-37.82,144.98,22.0,82.0
4.0,15.0,-37.82,144.98,22.0,60.0
4.0,9.0,-37.82,144.98,22.0,72.0
4.0,15.0,-37.82,144.98,22.0,73.0
4.0,9.0,-37.82,144.98,22.0,79.0
4.0,15.0,-37.82,144.98,22.0,64.0
4.0,9.0,-37.82,144.98,22.0,95.0
4.0,15.0,-37.82,144.98,22.0,57.0
4.0,9.0,-37.82,144.98,22.0,78.0
4.0,15.0,-37.82,144.98,22.0,65.0
4.0,9.0,-37.82,144.98,22.0,71.0
4.0,15.0,-37.82,144.98,22.0,54.0
4.0,9.0,-37.82,144.98,22.0,72.0
4.0,15.0,-37.82,144.98,22.0,42.0
4.0,9.0,-37.82,144.98,22.0,80.0
4.0,15.0,-37.82,144.98,22.0,70.0
4.0,9.0,-37.82,144.98,22.0,92.0
4.0,15.0,-37.82,144.98,22.0,70.0
4.0,9.0,-37.82,144.98,22.0,96.0
4.0,15.0,-37.82,144.98,22.0,40.0
4.0,9.0,-37.82,144.98,22.0,49.0
4.0,15.0,-37.82,144.98,22.0,37.0
4.0,9.0,-37.82,144.98,22.0,94.0
4.0,15.0,-37.82,144.98,22.0,76.0
4.0,9.0,-37.82,144.98,22.0,77.0
4.0,15.0,-37.82,144.98,22.0,63.0
4.0,9.0,-37.82,144.98,22.0,78.0
4.0,15.0,-37.82,144.98,22.0,62.0
4.0,9.0,-37.82,144.98,22.0,93.0
4.0,15.0,-37.82,144.98,22.0,52.0
4.0,9.0,-37.82,144.98,22.0,92.0
4.0,15.0,-37.82,144.98,22.0,75.0
4.0,9.0,-37.82,144.98,22.0,65.0
4.0,15.0,-37.82,144.98,22.0,72.0
4.0,9.0,-37.82,144.98,22.0,83.0
4.0,15.0,-37.82,144.98,22.0,63.0
4.0,9.0,-37.82,144.98,22.0,68.0
4.0,15.0,-37.82,144.98,22.0,62.0
4.0,9.0,-37.82,144.98,22.0,83.0
4.0,15.0,-37.82,144.98,22.0,79.0
4.0,9.0,-37.82,144.98,22.0,65.0
4.0,15.0,-37.82,144.98,22.0,55.0
