6.0,9.0,-37.82,144.98,22.0,82.0
6.0,15.0,-37.82,144.98,22.0,57.0
6.0,9.0,-37.82,144.98,22.0,64.0
6.0,15.0,-37.82,144.98,22.0,69.0
6.0,9.0,-37.82,144.98,22.0,76.0
6.0,15.0,-37.82,144.98,22.0,73.0
6.0,9.0,-37.82,144.98,22.0,100.0
6.0,15.0,-37.82,144.98,22.0,53.0
6.0,9.0,-37.82,144.98,22.0,82.0
6.0,15.0,-37.82,144.98,22.0,57.0
6.0,9.0,-37.82,144.98,22.0,78.0
6.0,15.0,-37.82,144.98,22.0,68.0
6.0,9.0,-37.82,144.98,22.0,91.0
6.0,15.0,-37.82,144.98,22.0,54.0
6.0,9.0,-37.82,144.98,22.0,86.0
6.0,15.0,-37.82,144.98,22.0,56.0
6.0,9.0,-37.82,144.98,22.0,98.0
6.0,15.0,-37.82,144.98,22.0,66.0
6.0,9.0,-37.82,144.98,22.0,100.0
6.0,15.0,-37.82,144.98,22.0,68.0
6.0,9.0,-37.82,144.98,22.0,96.0
6.0,15.0,-37.82,144.98,22.0,67.0
6.0,9.0,-37.82,144.98,22.0,85.0
6.0,15.0,-37.82,144.98,22.0,77.0
6.0,9.0,-37.82,144.98,22.0,88.0
6.0,15.0,-37.82,144.98,22.0,67.0
6.0,9.0,-37.82,144.98,22.0,97.0
6.0,15.0,-37.82,144.98,22.0,56.0
6.0,9.0,-37.82,144.98,22.0,87.0
6.0,15.0,-37.82,144.98,22.0,53.0
6.0,9.0,-37.82,144.98,22.0,86.0
6.0,15.0,-37.82,144.98,22.0,65.0
6.0,9.0,-37.82,144.98,22.0,95.0
6.0,15.0,-37.82,144.98,22.0,66.0
6.0,9.0,-37.82,144.98,22.0,91.0
6.0,15.0,-37.82,144.98,22.0,70.0
6.0,9.0,-37.82,144.98,22.0,86.0
6.0,15.0,-37.82,144.98,22.0,58.0
6.0,9.0,-37.82,144.98,22.0,84.0
6.0,15.0,-37.82,144.98,22.0,56.0
6.0,9.0,-37.82,144.98,22.0,100.0
6.0,15.0,-37.82,144.98,22.0,80.0
6.0,9.0,-37.82,144.98,22.0,93.0
6.0,15.0,-37.82,144.98,22.0,56.0
6.0,9.0,-37.82,144.98,22.0,77.0
6.0,15.0,-37.82,144.98,22.0,63.0
6.0,9.0,-37.82,144.98,22.0,75.0
6.0,15.0,-37.82,144.98,22.0,63.0
6.0,9.0,-37.82,144.98,22.0,67.0
6.0,15.0,-37.82,144.98,22.0,56.0
6.0,9.0,-37.82,144.98,22.0,80.0
6.0,15.0,-37.82,144.98,22.0,74.0
6.0,9.0,-37.82,144.98,22.0,87.0
6.0,15.0,-37.82,144.98,22.0,69.0
6.0,9.0,-37.82,144.98,22.0,75.0
6.0,15.0,-37.82,144.98,22.0,65.0
6.0,9.0,-37.82,144.98,22.0,74.0
6.0,15.0,-37.82,144.98,22.0,59.0
6.0,9.0,-37.82,144.98,22.0,76.0
6.0,15.0,-37.82,144.98,22.0,56.0
