1.0,9.0,-37.82,144.98,22.0,69.0
1.0,15.0,-37.82,144.98,22.0,74.0
1.0,9.0,-37.82,144.98,22.0,83.0
1.0,15.0,-37.82,144.98,22.0,73.0
1.0,9.0,-37.82,144.98,22.0,69.0
1.0,15.0,-37.82,144.98,22.0,61.0
1.0,9.0,-37.82,144.98,22.0,72.0
1.0,15.0,-37.82,144.98,22.0,60.0
1.0,9.0,-37.82,144.98,22.0,51.0
1.0,15.0,-37.82,144.98,22.0,39.0
1.0,9.0,-37.82,144.98,22.0,76.0
1.0,15.0,-37.82,144.98,22.0,33.0
1.0,9.0,-37.82,144.98,22.0,43.0
1.0,15.0,-37.82,144.98,22.0,24.0
1.0,9.0,-37.82,144.98,22.0,32.0
1.0,15.0,-37.82,144.98,22.0,66.0
1.0,9.0,-37.82,144.98,22.0,60.0
1.0,15.0,-37.82,144.98,22.0,62.0
1.0,9.0,-37.82,144.98,22.0,73.0
1.0,15.0,-37.82,144.98,22.0,54.0
1.0,9.0,-37.82,144.98,22.0,62.0
1.0,15.0,-37.82,144.98,22.0,48.0
1.0,9.0,-37.82,144.98,22.0,67.0
1.0,15.0,-37.82,144.98,22.0,52.0
1.0,9.0,-37.82,144.98,22.0,88.0
1.0,15.0,-37.82,144.98,22.0,65.0
1.0,9.0,-37.82,144.98,22.0,57.0
1.0,15.0,-37.82,144.98,22.0,48.0
1.0,9.0,-37.82,144.98,22.0,57.0
1.0,15.0,-37.82,144.98,22.0,47.0
1.0,9.0,-37.82,144.98,22.0,70.0
1.0,15.0,-37.82,144.98,22.0,35.0
1.0,9.0,-37.82,144.98,22.0,54.0
1.0,15.0,-37.82,144.98,22.0,19.0
1.0,9.0,-37.82,144.98,22.0,56.0
1.0,15.0,-37.82,144.98,22.0,50.0
1.0,9.0,-37.82,144.98,22.0,55.0
1.0,15.0,-37.82,144.98,22.0,50.0
1.0,9.0,-37.82,144.98,22.0,89.0
1.0,15.0,-37.82,144.98,22.0,55.0
1.0,9.0,-37.82,144.98,22.0,72.0
1.0,15.0,-37.82,144.98,22.0,53.0
1.0,9.0,-37.82,144.98,22.0,67.0
1.0,15.0,-37.82,144.98,22.0,53.0
1.0,9.0,-37.82,144.98,22.0,55.0
1.0,15.0,-37.82,144.98,22.0,26.0
1.0,9.0,-37.82,144.98,22.0,65.0
1.0,15.0,-37.82,144.98,22.0,51.0
1.0,9.0,-37.82,144.98,22.0,54.0
1.0,15.0,-37.82,144.98,22.0,55.0
1.0,9.0,-37.82,144.98,22.0,75.0
1.0,15.0,-37.82,144.98,22.0,65.0
1.0,9.0,-37.82,144.98,22.0,59.0
1.0,15.0,-37.82,144.98,22.0,61.0
1.0,9.0,-37.82,144.98,22.0,69.0
1.0,15.0,-37.82,144.98,22.0,65.0
1.0,9.0,-37.82,144.98,22.0,67.0
1.0,15.0,-37.82,144.98,22.0,63.0
1.0,9.0,-37.82,144.98,22.0,34.0
1.0,15.0,-37.82,144.98,22.0,32.0
1.0,9.0,-37.82,144.98,22.0,55.0
1.0,15.0,-37.82,144.98,22.0,46.0
