10.0,9.0,-37.82,144.98,22.0,91.0
10.0,15.0,-37.82,144.98,22.0,52.0
10.0,9.0,-37.82,144.98,22.0,56.0
10.0,15.0,-37.82,144.98,22.0,33.0
10.0,9.0,-37.82,144.98,22.0,62.0
10.0,15.0,-37.82,144.98,22.0,48.0
10.0,9.0,-37.82,144.98,22.0,79.0
10.0,15.0,-37.82,144.98,22.0,51.0
10.0,9.0,-37.82,144.98,22.0,66.0
10.0,15.0,-37.82,144.98,22.0,50.0
10.0,9.0,-37.82,144.98,22.0,71.0
10.0,15.0,-37.82,144.98,22.0,34.0
10.0,9.0,-37.82,144.98,22.0,43.0
10.0,15.0,-37.82,144.98,22.0,42.0
10.0,9.0,-37.82,144.98,22.0,78.0
10.0,15.0,-37.82,144.98,22.0,54.0
10.0,9.0,-37.82,144.98,22.0,53.0
10.0,15.0,-37.82,144.98,22.0,36.0
10.0,9.0,-37.82,144.98,22.0,50.0
10.0,15.0,-37.82,144.98,22.0,55.0
10.0,9.0,-37.82,144.98,22.0,63.0
10.0,15.0,-37.82,144.98,22.0,64.0
10.0,9.0,-37.82,144.98,22.0,70.0
10.0,15.0,-37.82,144.98,22.0,88.0
10.0,9.0,-37.82,144.98,22.0,55.0
10.0,15.0,-37.82,144.98,22.0,48.0
10.0,9.0,-37.82,144.98,22.0,73.0
10.0,15.0,-37.82,144.98,22.0,34.0
10.0,9.0,-37.82,144.98,22.0,48.0
10.0,15.0,-37.82,144.98,22.0,32.0
10.0,9.0,-37.82,144.98,22.0,49.0
10.0,15.0,-37.82,144.98,22.0,60.0
10.0,9.0,-37.82,144.98,22.0,69.0
10.0,15.0,-37.82,144.98,22.0,36.0
10.0,9.0,-37.82,144.98,22.0,70.0
10.0,15.0,-37.82,144.98,22.0,49.0
10.0,9.0,-37.82,144.98,22.0,60.0
10.0,15.0,-37.82,144.98,22.0,49.0
10.0,9.0,-37.82,144.98,22.0,42.0
10.0,15.0,-37.82,144.98,22.0,38.0
10.0,9.0,-37.82,144.98,22.0,47.0
10.0,15.0,-37.82,144.98,22.0,94.0
10.0,9.0,-37.82,144.98,22.0,68.0
10.0,15.0,-37.82,144.98,22.0,73.0
10.0,9.0,-37.82,144.98,22.0,86.0
10.0,15.0,-37.82,144.98,22.0,53.0
10.0,9.0,-37.82,144.98,22.0,66.0
10.0,15.0,-37.82,144.98,22.0,58.0
10.0,9.0,-37.82,144.98,22.0,52.0
10.0,15.0,-37.82,144.98,22.0,37.0
10.0,9.0,-37.82,144.98,22.0,67.0
10.0,15.0,-37.82,144.98,22.0,92.0
10.0,9.0,-37.82,144.98,22.0,61.0
10.0,15.0,-37.82,144.98,22.0,53.0
10.0,9.0,-37.82,144.98,22.0,72.0
10.0,15.0,-37.82,144.98,22.0,54.0
10.0,9.0,-37.82,144.98,22.0,81.0
10.0,15.0,-37.82,144.98,22.0,27.0
10.0,9.0,-37.82,144.98,22.0,59.0
10.0,15.0,-37.82,144.98,22.0,30.0
10.0,9.0,-37.82,144.98,22.0,54.0
10.0,15.0,-37.82,144.98,22.0,56.0
