8.0,9.0,-37.82,144.98,22.0,89.0
8.0,15.0,-37.82,144.98,22.0,80.0
8.0,9.0,-37.82,144.98,22.0,65.0
8.0,15.0,-37.82,144.98,22.0,65.0
8.0,9.0,-37.82,144.98,22.0,92.0
8.0,15.0,-37.82,144.98,22.0,88.0
8.0,9.0,-37.82,144.98,22.0,93.0
8.0,15.0,-37.82,144.98,22.0,52.0
8.0,9.0,-37.82,144.98,22.0,88.0
8.0,15.0,-37.82,144.98,22.0,53.0
8.0,9.0,-37.82,144.98,22.0,79.0
8.0,15.0,-37.82,144.98,22.0,51.0
8.0,9.0,-37.82,144.98,22.0,71.0
8.0,15.0,-37.82,144.98,22.0,34.0
8.0,9.0,-37.82,144.98,22.0,67.0
8.0,15.0,-37.82,144.98,22.0,50.0
8.0,9.0,-37.82,144.98,22.0,59.0
8.0,15.0,-37.82,144.98,22.0,45.0
8.0,9.0,-37.82,144.98,22.0,61.0
8.0,15.0,-37.82,144.98,22.0,46.0
8.0,9.0,-37.82,144.98,22.0,69.0
8.0,15.0,-37.82,144.98,22.0,44.0
8.0,9.0,-37.82,144.98,22.0,70.0
8.0,15.0,-37.82,144.98,22.0,60.0
8.0,9.0,-37.82,144.98,22.0,78.0
8.0,15.0,-37.82,144.98,22.0,56.0
8.0,9.0,-37.82,144.98,22.0,79.0
8.0,15.0,-37.82,144.98,22.0,48.0
8.0,9.0,-37.82,144.98,22.0,72.0
8.0,15.0,-37.82,144.98,22.0,54.0
8.0,9.0,-37.82,144.98,22.0,66.0
8.0,15.0,-37.82,144.98,22.0,49.0
8.0,9.0,-37.82,144.98,22.0,77.0
8.0,15.0,-37.82,144.98,22.0,62.0
8.0,9.0,-37.82,144.98,22.0,65.0
8.0,15.0,-37.82,144.98,22.0,43.0
8.0,9.0,-37.82,144.98,22.0,55.0
8.0,15.0,-37.82,144.98,22.0,85.0
8.0,9.0,-37.82,144.98,22.0,65.0
8.0,15.0,-37.82,144.98,22.0,55.0
8.0,9.0,-37.82,144.98,22.0,80.0
8.0,15.0,-37.82,144.98,22.0,72.0
8.0,9.0,-37.82,144.98,22.0,83.0
8.0,15.0,-37.82,144.98,22.0,89.0
8.0,9.0,-37.82,144.98,22.0,83.0
8.0,15.0,-37.82,144.98,22.0,63.0
8.0,9.0,-37.82,144.98,22.0,93.0
8.0,15.0,-37.82,144.98,22.0,77.0
8.0,9.0,-37.82,144.98,22.0,85.0
8.0,15.0,-37.82,144.98,22.0,63.0
8.0,9.0,-37.82,144.98,22.0,74.0
8.0,15.0,-37.82,144.98,22.0,46.0
8.0,9.0,-37.82,144.98,22.0,57.0
8.0,15.0,-37.82,144.98,22.0,46.0
8.0,9.0,-37.82,144.98,22.0,57.0
8.0,15.0,-37.82,144.98,22.0,41.0
8.0,9.0,-37.82,144.98,22.0,60.0
8.0,15.0,-37.82,144.98,22.0,37.0
8.0,9.0,-37.82,144.98,22.0,56.0
8.0,15.0,-37.82,144.98,22.0,53.0
8.0,9.0,-37.82,144.98,22.0,74.0
8.0,15.0,-37.82,144.98,22.0,47.0
