12.0,9.0,-37.82,144.98,22.0,65.0
12.0,15.0,-37.82,144.98,22.0,57.0
12.0,9.0,-37.82,144.98,22.0,65.0
12.0,15.0,-37.82,144.98,22.0,60.0
12.0,9.0,-37.82,144.98,22.0,53.0
12.0,15.0,-37.82,144.98,22.0,58.0
12.0,9.0,-37.82,144.98,22.0,57.0
12.0,15.0,-37.82,144.98,22.0,28.0
12.0,9.0,-37.82,144.98,22.0,67.0
12.0,15.0,-37.82,144.98,22.0,52.0
12.0,9.0,-37.82,144.98,22.0,72.0
12.0,15.0,-37.82,144.98,22.0,47.0
12.0,9.0,-37.82,144.98,22.0,65.0
12.0,15.0,-37.82,144.98,22.0,35.0
12.0,9.0,-37.82,144.98,22.0,81.0
12.0,15.0,-37.82,144.98,22.0,34.0
12.0,9.0,-37.82,144.98,22.0,76.0
12.0,15.0,-37.82,144.98,22.0,59.0
12.0,9.0,-37.82,144.98,22.0,58.0
12.0,15.0,-37.82,144.98,22.0,50.0
12.0,9.0,-37.82,144.98,22.0,67.0
12.0,15.0,-37.82,144.98,22.0,59.0
12.0,9.0,-37.82,144.98,22.0,66.0
12.0,15.0,-37.82,144.98,22.0,21.0
12.0,9.0,-37.82,144.98,22.0,27.0
12.0,15.0,-37.82,144.98,22.0,22.0
12.0,9.0,-37.82,144.98,22.0,54.0
12.0,15.0,-37.82,144.98,22.0,50.0
12.0,9.0,-37.82,144.98,22.0,47.0
12.0,15.0,-37.82,144.98,22.0,54.0
12.0,9.0,-37.82,144.98,22.0,66.0
12.0,15.0,-37.82,144.98,22.0,57.0
12.0,9.0,-37.82,144.98,22.0,55.0
12.0,15.0,-37.82,144.98,22.0,32.0
12.0,9.0,-37.82,144.98,22.0,59.0
12.0,15.0,-37.82,144.98,22.0,48.0
12.0,9.0,-37.82,144.98,22.0,52.0
12.0,15.0,-37.82,144.98,22.0,26.0
12.0,9.0,-37.82,144.98,22.0,97.0
12.0,15.0,-37.82,144.98,22.0,44.0
12.0,9.0,-37.82,144.98,22.0,60.0
12.0,15.0,-37.82,144.98,22.0,57.0
12.0,9.0,-37.82,144.98,22.0,65.0
12.0,15.0,-37.82,144.98,22.0,67.0
12.0,9.0,-37.82,144.98,22.0,77.0
12.0,15.0,-37.82,144.98,22.0,57.0
12.0,9.0,-37.82,144.98,22.0,89.0
12.0,15.0,-37.82,144.98,22.0,24.0
12.0,9.0,-37.82,144.98,22.0,54.0
12.0,15.0,-37.82,144.98,22.0,28.0
12.0,9.0,-37.82,144.98,22.0,38.0
12.0,15.0,-37.82,144.98,22.0,86.0
12.0,9.0,-37.82,144.98,22.0,80.0
12.0,15.0,-37.82,144.98,22.0,80.0
12.0,9.0,-37.82,144.98,22.0,40.0
12.0,15.0,-37.82,144.98,22.0,33.0
12.0,9.0,-37.82,144.98,22.0,56.0
12.0,15.0,-37.82,144.98,22.0,73.0
12.0,9.0,-37.82,144.98,22.0,66.0
12.0,15.0,-37.82,144.98,22.0,46.0
12.0,9.0,-37.82,144.98,22.0,60.0
12.0,15.0,-37.82,144.98,22.0,55.0
