5.0,9.0,-37.82,144.98,22.0,62.0
5.0,15.0,-37.82,144.98,22.0,51.0
5.0,9.0,-37.82,144.98,22.0,69.0
5.0,15.0,-37.82,144.98,22.0,67.0
5.0,9.0,-37.82,144.98,22.0,76.0
5.0,15.0,-37.82,144.98,22.0,59.0
5.0,9.0,-37.82,144.98,22.0,76.0
5.0,15.0,-37.82,144.98,22.0,57.0
5.0,9.0,-37.82,144.98,22.0,82.0
5.0,15.0,-37.82,144.98,22.0,47.0
5.0,9.0,-37.82,144.98,22.0,68.0
5.0,15.0,-37.82,144.98,22.0,76.0
5.0,9.0,-37.82,144.98,22.0,69.0
5.0,15.0,-37.82,144.98,22.0,50.0
5.0,9.0,-37.82,144.98,22.0,90.0
5.0,15.0,-37.82,144.98,22.0,74.0
5.0,9.0,-37.82,144.98,22.0,92.0
5.0,15.0,-37.82,144.98,22.0,66.0
5.0,9.0,-37.82,144.98,22.0,88.0
5.0,15.0,-37.82,144.98,22.0,64.0
5.0,9.0,-37.82,144.98,22.0,89.0
5.0,15.0,-37.82,144.98,22.0,62.0
5.0,9.0,-37.82,144.98,22.0,84.0
5.0,15.0,-37.82,144.98,22.0,50.0
5.0,9.0,-37.82,144.98,22.0,80.0
5.0,15.0,-37.82,144.98,22.0,68.0
5.0,9.0,-37.82,144.98,22.0,91.0
5.0,15.0,-37.82,144.98,22.0,72.0
5.0,9.0,-37.82,144.98,22.0,100.0
5.0,15.0,-37.82,144.98,22.0,74.0
5.0,9.0,-37.82,144.98,22.0,100.0
5.0,15.0,-37.82,144.98,22.0,60.0
5.0,9.0,-37.82,144.98,22.0,79.0
5.0,15.0,-37.82,144.98,22.0,62.0
5.0,9.0,-37.82,144.98,22.0,86.0
5.0,15.0,-37.82,144.98,22.0,62.0
5.0,9.0,-37.82,144.98,22.0,87.0
5.0,15.0,-37.82,144.98,22.0,65.0
5.0,9.0,-37.82,144.98,22.0,89.0
5.0,15.0,-37.82,144.98,22.0,58.0
5.0,9.0,-37.82,144.98,22.0,85.0
5.0,15.0,-37.82,144.98,22.0,68.0
5.0,9.0,-37.82,144.98,22.0,84.0
5.0,15.0,-37.82,144.98,22.0,53.0
5.0,9.0,-37.82,144.98,22.0,65.0
5.0,15.0,-37.82,144.98,22.0,58.0
5.0,9.0,-37.82,144.98,22.0,67.0
5.0,15.0,-37.82,144.98,22.0,60.0
5.0,9.0,-37.82,144.98,22.0,67.0
5.0,15.0,-37.82,144.98,22.0,53.0
5.0,9.0,-37.82,144.98,22.0,79.0
5.0,15.0,-37.82,144.98,22.0,57.0
5.0,9.0,-37.82,144.98,22.0,78.0
5.0,15.0,-37.82,144.98,22.0,63.0
5.0,9.0,-37.82,144.98,22.0,72.0
5.0,15.0,-37.82,144.98,22.0,65.0
5.0,9.0,-37.82,144.98,22.0,71.0
5.0,15.0,-37.82,144.98,22.0,48.0
5.0,9.0,-37.82,144.98,22.0,84.0
5.0,15.0,-37.82,144.98,22.0,54.0
5.0,9.0,-37.82,144.98,22.0,81.0
5.0,15.0,-37.82,144.98,22.0,71.0
