7.0,9.0,-37.82,144.98,22.0,92.0
7.0,15.0,-37.82,144.98,22.0,49.0
7.0,9.0,-37.82,144.98,22.0,75.0
7.0,15.0,-37.82,144.98,22.0,36.0
7.0,9.0,-37.82,144.98,22.0,60.0
7.0,15.0,-37.82,144.98,22.0,92.0
7.0,9.0,-37.82,144.98,22.0,78.0
7.0,15.0,-37.82,144.98,22.0,54.0
7.0,9.0,-37.82,144.98,22.0,75.0
7.0,15.0,-37.82,144.98,22.0,65.0
7.0,9.0,-37.82,144.98,22.0,75.0
7.0,15.0,-37.82,144.98,22.0,46.0
7.0,9.0,-37.82,144.98,22.0,79.0
7.0,15.0,-37.82,144.98,22.0,56.0
7.0,9.0,-37.82,144.98,22.0,84.0
7.0,15.0,-37.82,144.98,22.0,58.0
7.0,9.0,-37.82,144.98,22.0,70.0
7.0,15.0,-37.82,144.98,22.0,49.0
7.0,9.0,-37.82,144.98,22.0,74.0
7.0,15.0,-37.82,144.98,22.0,48.0
7.0,9.0,-37.82,144.98,22.0,79.0
7.0,15.0,-37.82,144.98,22.0,57.0
7.0,9.0,-37.82,144.98,22.0,89.0
7.0,15.0,-37.82,144.98,22.0,49.0
7.0,9.0,-37.82,144.98,22.0,56.0
7.0,15.0,-37.82,144.98,22.0,54.0
7.0,9.0,-37.82,144.98,22.0,76.0
7.0,15.0,-37.82,144.98,22.0,41.0
7.0,9.0,-37.82,144.98,22.0,71.0
7.0,15.0,-37.82,144.98,22.0,58.0
7.0,9.0,-37.82,144.98,22.0,75.0
7.0,15.0,-37.82,144.98,22.0,54.0
7.0,9.0,-37.82,144.98,22.0,55.0
7.0,15.0,-37.82,144.98,22.0,50.0
7.0,9.0,-37.82,144.98,22.0,75.0
7.0,15.0,-37.82,144.98,22.0,55.0
7.0,9.0,-37.82,144.98,22.0,99.0
7.0,15.0,-37.82,144.98,22.0,81.0
7.0,9.0,-37.82,144.98,22.0,82.0
7.0,15.0,-37.82,144.98,22.0,77.0
7.0,9.0,-37.82,144.98,22.0,93.0
7.0,15.0,-37.82,144.98,22.0,53.0
7.0,9.0,-37.82,144.98,22.0,65.0
7.0,15.0,-37.82,144.98,22.0,54.0
7.0,9.0,-37.82,144.98,22.0,57.0
7.0,15.0,-37.82,144.98,22.0,90.0
7.0,9.0,-37.82,144.98,22.0,77.0
7.0,15.0,-37.82,144.98,22.0,53.0
7.0,9.0,-37.82,144.98,22.0,72.0
7.0,15.0,-37.82,144.98,22.0,53.0
7.0,9.0,-37.82,144.98,22.0,70.0
7.0,15.0,-37.82,144.98,22.0,71.0
7.0,9.0,-37.82,144.98,22.0,90.0
7.0,15.0,-37.82,144.98,22.0,55.0
7.0,9.0,-37.82,144.98,22.0,73.0
7.0,15.0,-37.82,144.98,22.0,56.0
7.0,9.0,-37.82,144.98,22.0,51.0
7.0,15.0,-37.82,144.98,22.0,41.0
7.0,9.0,-37.82,144.98,22.0,64.0
7.0,15.0,-37.82,144.98,22.0,34.0
7.0,9.0,-37.82,144.98,22.0,79.0
7.0,15.0,-37.82,144.98,22.0,56.0
