9.0,9.0,-37.82,144.98,22.0,77.0
9.0,15.0,-37.82,144.98,22.0,69.0
9.0,9.0,-37.82,144.98,22.0,82.0
9.0,15.0,-37.82,144.98,22.0,73.0
9.0,9.0,-37.82,144.98,22.0,73.0
9.0,15.0,-37.82,144.98,22.0,54.0
9.0,9.0,-37.82,144.98,22.0,62.0
9.0,15.0,-37.82,144.98,22.0,56.0
9.0,9.0,-37.82,144.98,22.0,65.0
9.0,15.0,-37.82,144.98,22.0,56.0
9.0,9.0,-37.82,144.98,22.0,75.0
9.0,15.0,-37.82,144.98,22.0,50.0
9.0,9.0,-37.82,144.98,22.0,83.0
9.0,15.0,-37.82,144.98,22.0,45.0
9.0,9.0,-37.82,144.98,22.0,56.0
9.0,15.0,-37.82,144.98,22.0,45.0
9.0,9.0,-37.82,144.98,22.0,82.0
9.0,15.0,-37.82,144.98,22.0,89.0
9.0,9.0,-37.82,144.98,22.0,81.0
9.0,15.0,-37.82,144.98,22.0,67.0
9.0,9.0,-37.82,144.98,22.0,69.0
9.0,15.0,-37.82,144.98,22.0,57.0
9.0,9.0,-37.82,144.98,22.0,93.0
9.0,15.0,-37.82,144.98,22.0,80.0
9.0,9.0,-37.82,144.98,22.0,97.0
9.0,15.0,-37.82,144.98,22.0,96.0
9.0,9.0,-37.82,144.98,22.0,93.0
9.0,15.0,-37.82,144.98,22.0,56.0
9.0,9.0,-37.82,144.98,22.0,79.0
9.0,15.0,-37.82,144.98,22.0,98.0
9.0,9.0,-37.82,144.98,22.0,63.0
9.0,15.0,-37.82,144.98,22.0,48.0
9.0,9.0,-37.82,144.98,22.0,60.0
9.0,15.0,-37.82,144.98,22.0,50.0
9.0,9.0,-37.82,144.98,22.0,79.0
9.0,15.0,-37.82,144.98,22.0,74.0
9.0,9.0,-37.82,144.98,22.0,69.0
9.0,15.0,-37.82,144.98,22.0,48.0
9.0,9.0,-37.82,144.98,22.0,51.0
9.0,15.0,-37.82,144.98,22.0,45.0
9.0,9.0,-37.82,144.98,22.0,95.0
9.0,15.0,-37.82,144.98,22.0,79.0
9.0,9.0,-37.82,144.98,22.0,87.0
9.0,15.0,-37.82,144.98,22.0,66.0
9.0,9.0,-37.82,144.98,22.0,72.0
9.0,15.0,-37.82,144.98,22.0,65.0
9.0,9.0,-37.82,144.98,22.0,66.0
9.0,15.0,-37.82,144.98,22.0,43.0
9.0,9.0,-37.82,144.98,22.0,63.0
9.0,15.0,-37.82,144.98,22.0,60.0
9.0,9.0,-37.82,144.98,22.0,64.0
9.0,15.0,-37.82,144.98,22.0,52.0
9.0,9.0,-37.82,144.98,22.0,69.0
9.0,15.0,-37.82,144.98,22.0,76.0
9.0,9.0,-37.82,144.98,22.0,68.0
9.0,15.0,-37.82,144.98,22.0,47.0
9.0,9.0,-37.82,144.98,22.0,74.0
9.0,15.0,-37.82,144.98,22.0,43.0
9.0,9.0,-37.82,144.98,22.0,68.0
9.0,15.0,-37.82,144.98,22.0,53.0
