2.0,9.0,-34.43,150.89,11.0,1016.6
2.0,15.0,-34.43,150.89,11.0,1013.1
2.0,9.0,-34.43,150.89,11.0,1014.2
2.0,15.0,-34.43,150.89,11.0,1014.2
2.0,9.0,-34.43,150.89,11.0,1015.8
2.0,15.0,-34.43,150.89,11.0,1012.9
2.0,9.0,-34.43,150.89,11.0,1014.0
2.0,15.0,-34.43,150.89,11.0,1010.3
2.0,9.0,-34.43,150.89,11.0,1009.0
2.0,15.0,-34.43,150.89,11.0,1007.6
2.0,9.0,-34.43,150.89,11.0,1011.6
2.0,15.0,-34.43,150.89,11.0,1010.6
2.0,9.0,-34.43,150.89,11.0,1019.3
2.0,15.0,-34.43,150.89,11.0,1019.4
2.0,9.0,-34.43,150.89,11.0,1023.3
2.0,15.0,-34.43,150.89,11.0,1022.8
2.0,9.0,-34.43,150.89,11.0,1018.0
2.0,15.0,-34.43,150.89,11.0,1011.3
2.0,9.0,-34.43,150.89,11.0,1009.3
2.0,15.0,-34.43,150.89,11.0,1005.7
2.0,9.0,-34.43,150.89,11.0,1006.6
2.0,15.0,-34.43,150.89,11.0,1001.7
2.0,9.0,-34.43,150.89,11.0,1001.1
2.0,15.0,-34.43,150.89,11.0,1001.0
2.0,9.0,-34.43,150.89,11.0,1008.2
2.0,15.0,-34.43,150.89,11.0,1007.8
2.0,9.0,-34.43,150.89,11.0,1015.4
2.0,15.0,-34.43,150.89,11.0,1016.7
2.0,9.0,-34.43,150.89,11.0,1017.2
2.0,15.0,-34.43,150.89,11.0,1012.9
2.0,9.0,-34.43,150.89,11.0,1011.3
2.0,15.0,-34.43,150.89,11.0,1008.9
2.0,9.0,-34.43,150.89,11.0,1009.2
2.0,15.0,-34.43,150.89,11.0,1006.8
2.0,9.0,-34.43,150.89,11.0,1006.9
2.0,15.0,-34.43,150.89,11.0,1004.7
2.0,9.0,-34.43,150.89,11.0,1009.3
2.0,15.0,-34.43,150.89,11.0,1006.3
2.0,9.0,-34.43,150.89,11.0,1010.5
2.0,15.0,-34.43,150.89,11.0,1009.7
2.0,9.0,-34.43,150.89,11.0,1019.8
2.0,15.0,-34.43,150.89,11.0,1018.9
2.0,9.0,-34.43,150.89,11.0,1021.4
2.0,15.0,-34.43,150.89,11.0,1017.7
2.0,9.0,-34.43,150.89,11.0,1019.0
2.0,15.0,-34.43,150.89,11.0,1016.8
2.0,9.0,-34.43,150.89,11.0,1021.1
2.0,15.0,-34.43,150.89,11.0,1018.4
2.0,9.0,-34.43,150.89,11.0,1021.9
2.0,15.0,-34.43,150.89,11.0,1020.9
2.0,9.0,-34.43,150.89,11.0,1022.9
2.0,15.0,-34.43,150.89,11.0,1022.8
2.0,9.0,-34.43,150.89,11.0,1024.8
2.0,15.0,-34.43,150.89,11.0,1023.7
2.0,9.0,-34.43,150.89,11.0,1023.6
2.0,15.0,-34.43,150.89,11.0,1022.2
