4.0,9.0,-34.43,150.89,11.0,1018.1
4.0,15.0,-34.43,150.89,11.0,1016.9
4.0,9.0,-34.43,150.89,11.0,1026.1
4.0,15.0,-34.43,150.89,11.0,1025.8
4.0,9.0,-34.43,150.89,11.0,1029.3
4.0,15.0,-34.43,150.89,11.0,1028.4
4.0,9.0,-34.43,150.89,11.0,1029.0
4.0,15.0,-34.43,150.89,11.0,1027.4
4.0,9.0,-34.43,150.89,11.0,1026.7
4.0,15.0,-34.43,150.89,11.0,1023.9
4.0,9.0,-34.43,150.89,11.0,1026.1
4.0,15.0,-34.43,150.89,11.0,1024.1
4.0,9.0,-34.43,150.89,11.0,1028.4
4.0,15.0,-34.43,150.89,11.0,1025.9
4.0,9.0,-34.43,150.89,11.0,1025.4
4.0,15.0,-34.43,150.89,11.0,1020.7
4.0,9.0,-34.43,150.89,11.0,1014.5
4.0,15.0,-34.43,150.89,11.0,1006.1
4.0,9.0,-34.43,150.89,11.0,1007.5
4.0,15.0,-34.43,150.89,11.0,1007.9
4.0,9.0,-34.43,150.89,11.0,1017.3
4.0,15.0,-34.43,150.89,11.0,1018.3
4.0,9.0,-34.43,150.89,11.0,1024.2
4.0,15.0,-34.43,150.89,11.0,1023.0
4.0,9.0,-34.43,150.89,11.0,1024.0
4.0,15.0,-34.43,150.89,11.0,1020.9
4.0,9.0,-34.43,150.89,11.0,1021.8
4.0,15.0,-34.43,150.89,11.0,1019.1
4.0,9.0,-34.43,150.89,11.0,1021.2
4.0,15.0,-34.43,150.89,11.0,1018.8
4.0,9.0,-34.43,150.89,11.0,1019.6
4.0,15.0,-34.43,150.89,11.0,1017.9
4.0,9.0,-34.43,150.89,11.0,1024.2
4.0,15.0,-34.43,150.89,11.0,1022.3
4.0,9.0,-34.43,150.89,11.0,1027.0
4.0,15.0,-34.43,150.89,11.0,1025.6
4.0,9.0,-34.43,150.89,11.0,1031.2
4.0,15.0,-34.43,150.89,11.0,1029.1
4.0,9.0,-34.43,150.89,11.0,1030.2
4.0,15.0,-34.43,150.89,11.0,1027.2
4.0,9.0,-34.43,150.89,11.0,1028.1
4.0,15.0,-34.43,150.89,11.0,1024.7
4.0,9.0,-34.43,150.89,11.0,1025.7
4.0,15.0,-34.43,150.89,11.0,1022.6
4.0,9.0,-34.43,150.89,11.0,1023.9
4.0,15.0,-34.43,150.89,11.0,1021.3
4.0,9.0,-34.43,150.89,11.0,1022.4
4.0,15.0,-34.43,150.89,11.0,1018.2
4.0,9.0,-34.43,150.89,11.0,1012.9
4.0,15.0,-34.43,150.89,11.0,1007.3
4.0,9.0,-34.43,150.89,11.0,1006.0
4.0,15.0,-34.43,150.89,11.0,1003.6
4.0,9.0,-34.43,150.89,11.0,1015.7
4.0,15.0,-34.43,150.89,11.0,1015.6
4.0,9.0,-34.43,150.89,11.0,1022.9
4.0,15.0,-34.43,150.89,11.0,1020.5
4.0,9.0,-34.43,150.89,11.0,1020.6
4.0,15.0,-34.43,150.89,11.0,1018.6
4.0,9.0,-34.43,150.89,11.0,1023.2
4.0,15.0,-34.43,150.89,11.0,1020.8
