3.0,9.0,-34.43,150.89,11.0,1021.7
3.0,15.0,-34.43,150.89,11.0,1019.8
3.0,9.0,-34.43,150.89,11.0,1018.3
3.0,15.0,-34.43,150.89,11.0,1016.6
3.0,9.0,-34.43,150.89,11.0,1017.7
3.0,15.0,-34.43,150.89,11.0,1017.4
3.0,9.0,-34.43,150.89,11.0,1016.6
3.0,15.0,-34.43,150.89,11.0,1014.4
3.0,9.0,-34.43,150.89,11.0,1010.7
3.0,15.0,-34.43,150.89,11.0,1010.1
3.0,9.0,-34.43,150.89,11.0,1013.3
3.0,15.0,-34.43,150.89,11.0,1014.1
3.0,9.0,-34.43,150.89,11.0,1018.4
3.0,15.0,-34.43,150.89,11.0,1018.2
3.0,9.0,-34.43,150.89,11.0,1019.5
3.0,15.0,-34.43,150.89,11.0,1018.6
3.0,9.0,-34.43,150.89,11.0,1017.9
3.0,15.0,-34.43,150.89,11.0,1016.6
3.0,9.0,-34.43,150.89,11.0,1015.7
3.0,15.0,-34.43,150.89,11.0,1014.3
3.0,9.0,-34.43,150.89,11.0,1014.6
3.0,15.0,-34.43,150.89,11.0,1012.2
3.0,9.0,-34.43,150.89,11.0,1010.3
3.0,15.0,-34.43,150.89,11.0,1007.1
3.0,9.0,-34.43,150.89,11.0,1011.5
3.0,15.0,-34.43,150.89,11.0,1012.8
3.0,9.0,-34.43,150.89,11.0,1020.3
3.0,15.0,-34.43,150.89,11.0,1020.4
3.0,9.0,-34.43,150.89,11.0,1021.7
3.0,15.0,-34.43,150.89,11.0,1019.4
3.0,9.0,-34.43,150.89,11.0,1013.9
3.0,15.0,-34.43,150.89,11.0,1010.9
3.0,9.0,-34.43,150.89,11.0,1019.9
3.0,15.0,-34.43,150.89,11.0,1022.2
3.0,9.0,-34.43,150.89,11.0,1025.0
3.0,15.0,-34.43,150.89,11.0,1023.9
3.0,9.0,-34.43,150.89,11.0,1021.2
3.0,15.0,-34.43,150.89,11.0,1018.6
3.0,9.0,-34.43,150.89,11.0,1018.3
3.0,15.0,-34.43,150.89,11.0,1015.4
3.0,9.0,-34.43,150.89,11.0,1015.7
3.0,15.0,-34.43,150.89,11.0,1012.7
3.0,9.0,-34.43,150.89,11.0,1012.2
3.0,15.0,-34.43,150.89,11.0,1011.0
3.0,9.0,-34.43,150.89,11.0,1018.8
3.0,15.0,-34.43,150.89,11.0,1018.1
3.0,9.0,-34.43,150.89,11.0,1020.3
3.0,15.0,-34.43,150.89,11.0,1019.6
3.0,9.0,-34.43,150.89,11.0,1017.6
3.0,15.0,-34.43,150.89,11.0,1014.9
3.0,9.0,-34.43,150.89,11.0,1015.7
3.0,15.0,-34.43,150.89,11.0,1014.7
3.0,9.0,-34.43,150.89,11.0,1016.4
3.0,15.0,-34.43,150.89,11.0,1010.9
3.0,9.0,-34.43,150.89,11.0,1014.4
3.0,15.0,-34.43,150.89,11.0,1012.6
3.0,9.0,-34.43,150.89,11.0,1012.0
3.0,15.0,-34.43,150.89,11.0,1006.9
3.0,9.0,-34.43,150.89,11.0,1008.4
3.0,15.0,-34.43,150.89,11.0,1009.6
3.0,9.0,-34.43,150.89,11.0,1017.0
3.0,15.0,-34.43,150.89,11.0,1016.2
