10.0,9.0,-34.43,150.89,11.0,1003.8
10.0,15.0,-34.43,150.89,11.0,1004.9
10.0,9.0,-34.43,150.89,11.0,1012.2
10.0,15.0,-34.43,150.89,11.0,1007.4
10.0,9.0,-34.43,150.89,11.0,998.0
10.0,15.0,-34.43,150.89,11.0,998.6
10.0,9.0,-34.43,150.89,11.0,1006.6
10.0,15.0,-34.43,150.89,11.0,1002.4
10.0,9.0,-34.43,150.89,11.0,1014.6
10.0,15.0,-34.43,150.89,11.0,1012.4
10.0,9.0,-34.43,150.89,11.0,1018.0
10.0,15.0,-34.43,150.89,11.0,1016.2
10.0,9.0,-34.43,150.89,11.0,1019.3
10.0,15.0,-34.43,150.89,11.0,1014.2
10.0,9.0,-34.43,150.89,11.0,1017.6
10.0,15.0,-34.43,150.89,11.0,1019.4
10.0,9.0,-34.43,150.89,11.0,1022.5
10.0,15.0,-34.43,150.89,11.0,1017.2
10.0,9.0,-34.43,150.89,11.0,1006.6
10.0,15.0,-34.43,150.89,11.0,1006.0
10.0,9.0,-34.43,150.89,11.0,1013.4
10.0,15.0,-34.43,150.89,11.0,1013.1
10.0,9.0,-34.43,150.89,11.0,1016.1
10.0,15.0,-34.43,150.89,11.0,1012.9
10.0,9.0,-34.43,150.89,11.0,1022.4
10.0,15.0,-34.43,150.89,11.0,1023.1
10.0,9.0,-34.43,150.89,11.0,1026.2
10.0,15.0,-34.43,150.89,11.0,1023.2
10.0,9.0,-34.43,150.89,11.0,1022.0
10.0,15.0,-34.43,150.89,11.0,1016.1
10.0,9.0,-34.43,150.89,11.0,1013.4
10.0,15.0,-34.43,150.89,11.0,1006.8
10.0,9.0,-34.43,150.89,11.0,1005.8
10.0,15.0,-34.43,150.89,11.0,1007.1
10.0,9.0,-34.43,150.89,11.0,1013.4
10.0,15.0,-34.43,150.89,11.0,1010.7
10.0,9.0,-34.43,150.89,11.0,1017.7
10.0,15.0,-34.43,150.89,11.0,1018.6
10.0,9.0,-34.43,150.89,11.0,1024.7
10.0,15.0,-34.43,150.89,11.0,1020.7
10.0,9.0,-34.43,150.89,11.0,1018.5
10.0,15.0,-34.43,150.89,11.0,1012.4
10.0,9.0,-34.43,150.89,11.0,1010.4
10.0,15.0,-34.43,150.89,11.0,1010.8
10.0,9.0,-34.43,150.89,11.0,1018.7
10.0,15.0,-34.43,150.89,11.0,1018.0
10.0,9.0,-34.43,150.89,11.0,1019.7
10.0,15.0,-34.43,150.89,11.0,1016.2
10.0,9.0,-34.43,150.89,11.0,1018.0
10.0,15.0,-34.43,150.89,11.0,1013.6
10.0,9.0,-34.43,150.89,11.0,1015.6
10.0,15.0,-34.43,150.89,11.0,1012.9
10.0,9.0,-34.43,150.89,11.0,1016.4
10.0,15.0,-34.43,150.89,11.0,1016.9
10.0,9.0,-34.43,150.89,11.0,1021.0
10.0,15.0,-34.43,150.89,11.0,1018.9
10.0,9.0,-34.43,150.89,11.0,1020.0
10.0,15.0,-34.43,150.89,11.0,1017.3
10.0,9.0,-34.43,150.89,11.0,1012.4
10.0,15.0,-34.43,150.89,11.0,1004.8
10.0,9.0,-34.43,150.89,11.0,1011.9
10.0,15.0,-34.43,150.89,11.0,1010.7
