6.0,9.0,-34.43,150.89,11.0,1032.9
6.0,15.0,-34.43,150.89,11.0,1031.7
6.0,9.0,-34.43,150.89,11.0,1032.7
6.0,15.0,-34.43,150.89,11.0,1031.0
6.0,9.0,-34.43,150.89,11.0,1031.5
6.0,15.0,-34.43,150.89,11.0,1029.2
6.0,9.0,-34.43,150.89,11.0,1028.2
6.0,15.0,-34.43,150.89,11.0,1024.6
6.0,9.0,-34.43,150.89,11.0,1024.7
6.0,15.0,-34.43,150.89,11.0,1021.4
6.0,9.0,-34.43,150.89,11.0,1018.7
6.0,15.0,-34.43,150.89,11.0,1017.9
6.0,9.0,-34.43,150.89,11.0,1021.8
6.0,15.0,-34.43,150.89,11.0,1021.3
6.0,9.0,-34.43,150.89,11.0,1025.3
6.0,15.0,-34.43,150.89,11.0,1024.5
6.0,9.0,-34.43,150.89,11.0,1028.3
6.0,15.0,-34.43,150.89,11.0,1028.3
6.0,9.0,-34.43,150.89,11.0,1033.1
6.0,15.0,-34.43,150.89,11.0,1031.1
6.0,9.0,-34.43,150.89,11.0,1029.1
6.0,15.0,-34.43,150.89,11.0,1025.6
6.0,9.0,-34.43,150.89,11.0,1024.8
6.0,15.0,-34.43,150.89,11.0,1024.3
6.0,9.0,-34.43,150.89,11.0,1030.5
6.0,15.0,-34.43,150.89,11.0,1029.7
6.0,9.0,-34.43,150.89,11.0,1031.5
6.0,15.0,-34.43,150.89,11.0,1027.9
6.0,9.0,-34.43,150.89,11.0,1027.6
6.0,15.0,-34.43,150.89,11.0,1024.3
6.0,9.0,-34.43,150.89,11.0,1025.9
6.0,15.0,-34.43,150.89,11.0,1023.8
6.0,9.0,-34.43,150.89,11.0,1024.9
6.0,15.0,-34.43,150.89,11.0,1022.2
6.0,9.0,-34.43,150.89,11.0,1026.6
6.0,15.0,-34.43,150.89,11.0,1027.5
6.0,9.0,-34.43,150.89,11.0,1030.7
6.0,15.0,-34.43,150.89,11.0,1028.6
6.0,9.0,-34.43,150.89,11.0,1028.8
6.0,15.0,-34.43,150.89,11.0,1024.9
6.0,9.0,-34.43,150.89,11.0,1026.2
6.0,15.0,-34.43,150.89,11.0,1026.0
6.0,9.0,-34.43,150.89,11.0,1028.6
6.0,15.0,-34.43,150.89,11.0,1024.5
6.0,9.0,-34.43,150.89,11.0,1020.0
6.0,15.0,-34.43,150.89,11.0,1013.9
6.0,9.0,-34.43,150.89,11.0,1016.3
6.0,15.0,-34.43,150.89,11.0,1015.1
6.0,9.0,-34.43,150.89,11.0,1017.1
6.0,15.0,-34.43,150.89,11.0,1014.9
6.0,9.0,-34.43,150.89,11.0,1021.5
6.0,15.0,-34.43,150.89,11.0,1021.5
6.0,9.0,-34.43,150.89,11.0,1026.8
6.0,15.0,-34.43,150.89,11.0,1024.3
6.0,9.0,-34.43,150.89,11.0,1022.4
6.0,15.0,-34.43,150.89,11.0,1020.6
6.0,9.0,-34.43,150.89,11.0,1021.6
6.0,15.0,-34.43,150.89,11.0,1018.4
6.0,9.0,-34.43,150.89,11.0,1025.2
6.0,15.0,-34.43,150.89,11.0,1024.4
