8.0,9.0,-34.43,150.89,11.0,1016.6
8.0,15.0,-34.43,150.89,11.0,1012.5
8.0,9.0,-34.43,150.89,11.0,1014.2
8.0,15.0,-34.43,150.89,11.0,1015.2
8.0,9.0,-34.43,150.89,11.0,1019.9
8.0,15.0,-34.43,150.89,11.0,1019.4
8.0,9.0,-34.43,150.89,11.0,1025.7
8.0,15.0,-34.43,150.89,11.0,1026.2
8.0,9.0,-34.43,150.89,11.0,1030.9
8.0,15.0,-34.43,150.89,11.0,1028.6
8.0,9.0,-34.43,150.89,11.0,1028.8
8.0,15.0,-34.43,150.89,11.0,1026.8
8.0,9.0,-34.43,150.89,11.0,1027.4
8.0,15.0,-34.43,150.89,11.0,1024.9
8.0,9.0,-34.43,150.89,11.0,1025.9
8.0,15.0,-34.43,150.89,11.0,1022.8
8.0,9.0,-34.43,150.89,11.0,1022.1
8.0,15.0,-34.43,150.89,11.0,1016.6
8.0,9.0,-34.43,150.89,11.0,1014.3
8.0,15.0,-34.43,150.89,11.0,1010.7
8.0,9.0,-34.43,150.89,11.0,1016.8
8.0,15.0,-34.43,150.89,11.0,1016.9
8.0,9.0,-34.43,150.89,11.0,1023.5
8.0,15.0,-34.43,150.89,11.0,1018.8
8.0,9.0,-34.43,150.89,11.0,1022.1
8.0,15.0,-34.43,150.89,11.0,1019.6
8.0,9.0,-34.43,150.89,11.0,1027.7
8.0,15.0,-34.43,150.89,11.0,1027.0
8.0,9.0,-34.43,150.89,11.0,1032.1
8.0,15.0,-34.43,150.89,11.0,1028.9
8.0,9.0,-34.43,150.89,11.0,1030.1
8.0,15.0,-34.43,150.89,11.0,1024.7
8.0,9.0,-34.43,150.89,11.0,1025.3
8.0,15.0,-34.43,150.89,11.0,1021.6
8.0,9.0,-34.43,150.89,11.0,1023.7
8.0,15.0,-34.43,150.89,11.0,1020.2
8.0,9.0,-34.43,150.89,11.0,1018.9
8.0,15.0,-34.43,150.89,11.0,1011.8
8.0,9.0,-34.43,150.89,11.0,1015.1
8.0,15.0,-34.43,150.89,11.0,1013.8
8.0,9.0,-34.43,150.89,11.0,1018.6
8.0,15.0,-34.43,150.89,11.0,1016.0
8.0,9.0,-34.43,150.89,11.0,1016.6
8.0,15.0,-34.43,150.89,11.0,1013.6
8.0,9.0,-34.43,150.89,11.0,1013.0
8.0,15.0,-34.43,150.89,11.0,1013.3
8.0,9.0,-34.43,150.89,11.0,1014.1
8.0,15.0,-34.43,150.89,11.0,1009.1
8.0,9.0,-34.43,150.89,11.0,1010.7
8.0,15.0,-34.43,150.89,11.0,1010.4
8.0,9.0,-34.43,150.89,11.0,1019.3
8.0,15.0,-34.43,150.89,11.0,1017.9
8.0,9.0,-34.43,150.89,11.0,1022.7
8.0,15.0,-34.43,150.89,11.0,1019.5
8.0,9.0,-34.43,150.89,11.0,1022.1
8.0,15.0,-34.43,150.89,11.0,1020.6
8.0,9.0,-34.43,150.89,11.0,1026.9
8.0,15.0,-34.43,150.89,11.0,1024.9
8.0,9.0,-34.43,150.89,11.0,1026.3
8.0,15.0,-34.43,150.89,11.0,1021.9
8.0,9.0,-34.43,150.89,11.0,1017.7
8.0,15.0,-34.43,150.89,11.0,1013.2
