11.0,9.0,-34.43,150.89,11.0,1014.1
11.0,15.0,-34.43,150.89,11.0,1009.7
11.0,9.0,-34.43,150.89,11.0,1014.2
11.0,15.0,-34.43,150.89,11.0,1013.0
11.0,9.0,-34.43,150.89,11.0,1018.3
11.0,15.0,-34.43,150.89,11.0,1015.3
11.0,9.0,-34.43,150.89,11.0,1013.8
11.0,15.0,-34.43,150.89,11.0,1008.8
11.0,9.0,-34.43,150.89,11.0,1004.1
11.0,15.0,-34.43,150.89,11.0,1005.8
11.0,9.0,-34.43,150.89,11.0,1008.5
11.0,15.0,-34.43,150.89,11.0,1007.8
11.0,9.0,-34.43,150.89,11.0,1009.6
11.0,15.0,-34.43,150.89,11.0,1005.3
11.0,9.0,-34.43,150.89,11.0,1007.7
11.0,15.0,-34.43,150.89,11.0,1008.2
11.0,9.0,-34.43,150.89,11.0,1013.5
11.0,15.0,-34.43,150.89,11.0,1010.3
11.0,9.0,-34.43,150.89,11.0,1009.5
11.0,15.0,-34.43,150.89,11.0,1007.3
11.0,9.0,-34.43,150.89,11.0,1013.1
11.0,15.0,-34.43,150.89,11.0,1010.2
11.0,9.0,-34.43,150.89,11.0,1001.0
11.0,15.0,-34.43,150.89,11.0,996.9
11.0,9.0,-34.43,150.89,11.0,998.2
11.0,15.0,-34.43,150.89,11.0,995.4
11.0,9.0,-34.43,150.89,11.0,1002.0
11.0,15.0,-34.43,150.89,11.0,1005.9
11.0,9.0,-34.43,150.89,11.0,1016.6
11.0,15.0,-34.43,150.89,11.0,1015.2
11.0,9.0,-34.43,150.89,11.0,1020.0
11.0,15.0,-34.43,150.89,11.0,1021.3
11.0,9.0,-34.43,150.89,11.0,1025.5
11.0,15.0,-34.43,150.89,11.0,1021.3
11.0,9.0,-34.43,150.89,11.0,1016.0
11.0,15.0,-34.43,150.89,11.0,1013.4
11.0,9.0,-34.43,150.89,11.0,1018.5
11.0,15.0,-34.43,150.89,11.0,1019.0
11.0,9.0,-34.43,150.89,11.0,1021.2
11.0,15.0,-34.43,150.89,11.0,1018.5
11.0,9.0,-34.43,150.89,11.0,1018.0
11.0,15.0,-34.43,150.89,11.0,1014.4
11.0,9.0,-34.43,150.89,11.0,1014.0
11.0,15.0,-34.43,150.89,11.0,1011.8
11.0,9.0,-34.43,150.89,11.0,1009.9
11.0,15.0,-34.43,150.89,11.0,1008.6
11.0,9.0,-34.43,150.89,11.0,1013.0
11.0,15.0,-34.43,150.89,11.0,1011.5
11.0,9.0,-34.43,150.89,11.0,1012.7
11.0,15.0,-34.43,150.89,11.0,1013.1
11.0,9.0,-34.43,150.89,11.0,1017.3
11.0,15.0,-34.43,150.89,11.0,1014.4
11.0,9.0,-34.43,150.89,11.0,1018.4
11.0,15.0,-34.43,150.89,11.0,1017.5
11.0,9.0,-34.43,150.89,11.0,1014.7
11.0,15.0,-34.43,150.89,11.0,1011.0
11.0,9.0,-34.43,150.89,11.0,1012.1
11.0,15.0,-34.43,150.89,11.0,1011.4
11.0,9.0,-34.43,150.89,11.0,1012.2
11.0,15.0,-34.43,150.89,11.0,1009.5
