9.0,9.0,-34.43,150.89,11.0,1019.8
9.0,15.0,-34.43,150.89,11.0,1015.1
9.0,9.0,-34.43,150.89,11.0,1012.2
9.0,15.0,-34.43,150.89,11.0,1006.0
9.0,9.0,-34.43,150.89,11.0,996.1
9.0,15.0,-34.43,150.89,11.0,1004.5
9.0,9.0,-34.43,150.89,11.0,1021.4
9.0,15.0,-34.43,150.89,11.0,1021.7
9.0,9.0,-34.43,150.89,11.0,1029.8
9.0,15.0,-34.43,150.89,11.0,1027.2
9.0,9.0,-34.43,150.89,11.0,1029.7
9.0,15.0,-34.43,150.89,11.0,1025.9
9.0,9.0,-34.43,150.89,11.0,1031.8
9.0,15.0,-34.43,150.89,11.0,1029.6
9.0,9.0,-34.43,150.89,11.0,1029.3
9.0,15.0,-34.43,150.89,11.0,1024.0
9.0,9.0,-34.43,150.89,11.0,1020.8
9.0,15.0,-34.43,150.89,11.0,1014.9
9.0,9.0,-34.43,150.89,11.0,1011.0
9.0,15.0,-34.43,150.89,11.0,1010.9
9.0,9.0,-34.43,150.89,11.0,1018.5
9.0,15.0,-34.43,150.89,11.0,1017.2
9.0,9.0,-34.43,150.89,11.0,1021.2
9.0,15.0,-34.43,150.89,11.0,1018.9
9.0,9.0,-34.43,150.89,11.0,1021.7
9.0,15.0,-34.43,150.89,11.0,1018.4
9.0,9.0,-34.43,150.89,11.0,1014.0
9.0,15.0,-34.43,150.89,11.0,1007.1
9.0,9.0,-34.43,150.89,11.0,1007.7
9.0,15.0,-34.43,150.89,11.0,1007.4
9.0,9.0,-34.43,150.89,11.0,1016.3
9.0,15.0,-34.43,150.89,11.0,1015.4
9.0,9.0,-34.43,150.89,11.0,1021.8
9.0,15.0,-34.43,150.89,11.0,1018.2
9.0,9.0,-34.43,150.89,11.0,1012.1
9.0,15.0,-34.43,150.89,11.0,1005.3
9.0,9.0,-34.43,150.89,11.0,1008.3
9.0,15.0,-34.43,150.89,11.0,1008.6
9.0,9.0,-34.43,150.89,11.0,1018.5
9.0,15.0,-34.43,150.89,11.0,1015.9
9.0,9.0,-34.43,150.89,11.0,1012.0
9.0,15.0,-34.43,150.89,11.0,1006.9
9.0,9.0,-34.43,150.89,11.0,1006.6
9.0,15.0,-34.43,150.89,11.0,1005.6
9.0,9.0,-34.43,150.89,11.0,1011.8
9.0,15.0,-34.43,150.89,11.0,1010.8
9.0,9.0,-34.43,150.89,11.0,1012.4
9.0,15.0,-34.43,150.89,11.0,1007.9
9.0,9.0,-34.43,150.89,11.0,1005.6
9.0,15.0,-34.43,150.89,11.0,1006.7
9.0,9.0,-34.43,150.89,11.0,1012.9
9.0,15.0,-34.43,150.89,11.0,1009.6
9.0,9.0,-34.43,150.89,11.0,1008.5
9.0,15.0,-34.43,150.89,11.0,1007.5
9.0,9.0,-34.43,150.89,11.0,1014.5
9.0,15.0,-34.43,150.89,11.0,1011.2
9.0,9.0,-34.43,150.89,11.0,1000.7
9.0,15.0,-34.43,150.89,11.0,993.5
9.0,9.0,-34.43,150.89,11.0,997.6
9.0,15.0,-34.43,150.89,11.0,996.3
