12.0,9.0,-34.43,150.89,11.0,1007.3
12.0,15.0,-34.43,150.89,11.0,1005.3
12.0,9.0,-34.43,150.89,11.0,1007.8
12.0,15.0,-34.43,150.89,11.0,1007.3
12.0,9.0,-34.43,150.89,11.0,1016.6
12.0,15.0,-34.43,150.89,11.0,1015.1
12.0,9.0,-34.43,150.89,11.0,1015.6
12.0,15.0,-34.43,150.89,11.0,1013.1
12.0,9.0,-34.43,150.89,11.0,1008.8
12.0,15.0,-34.43,150.89,11.0,1006.3
12.0,9.0,-34.43,150.89,11.0,1012.3
12.0,15.0,-34.43,150.89,11.0,1010.3
12.0,9.0,-34.43,150.89,11.0,1015.8
12.0,15.0,-34.43,150.89,11.0,1014.3
12.0,9.0,-34.43,150.89,11.0,1007.5
12.0,15.0,-34.43,150.89,11.0,999.9
12.0,9.0,-34.43,150.89,11.0,1007.1
12.0,15.0,-34.43,150.89,11.0,1010.1
12.0,9.0,-34.43,150.89,11.0,1022.6
12.0,15.0,-34.43,150.89,11.0,1020.7
12.0,9.0,-34.43,150.89,11.0,1022.2
12.0,15.0,-34.43,150.89,11.0,1021.4
12.0,9.0,-34.43,150.89,11.0,1022.5
12.0,15.0,-34.43,150.89,11.0,1018.4
12.0,9.0,-34.43,150.89,11.0,1013.7
12.0,15.0,-34.43,150.89,11.0,1009.7
12.0,9.0,-34.43,150.89,11.0,1005.7
12.0,15.0,-34.43,150.89,11.0,1007.8
12.0,9.0,-34.43,150.89,11.0,1018.2
12.0,15.0,-34.43,150.89,11.0,1018.1
12.0,9.0,-34.43,150.89,11.0,1014.3
12.0,15.0,-34.43,150.89,11.0,1009.3
12.0,9.0,-34.43,150.89,11.0,1006.3
12.0,15.0,-34.43,150.89,11.0,1004.1
12.0,9.0,-34.43,150.89,11.0,1019.7
12.0,15.0,-34.43,150.89,11.0,1020.9
12.0,9.0,-34.43,150.89,11.0,1021.1
12.0,15.0,-34.43,150.89,11.0,1016.8
12.0,9.0,-34.43,150.89,11.0,1009.8
12.0,15.0,-34.43,150.89,11.0,1004.6
12.0,9.0,-34.43,150.89,11.0,1012.1
12.0,15.0,-34.43,150.89,11.0,1013.2
12.0,9.0,-34.43,150.89,11.0,1019.8
12.0,15.0,-34.43,150.89,11.0,1018.8
12.0,9.0,-34.43,150.89,11.0,1018.9
12.0,15.0,-34.43,150.89,11.0,1015.8
12.0,9.0,-34.43,150.89,11.0,1015.9
12.0,15.0,-34.43,150.89,11.0,1014.4
12.0,9.0,-34.43,150.89,11.0,1016.9
12.0,15.0,-34.43,150.89,11.0,1015.4
12.0,9.0,-34.43,150.89,11.0,1013.9
12.0,15.0,-34.43,150.89,11.0,1011.4
12.0,9.0,-34.43,150.89,11.0,1014.7
12.0,15.0,-34.43,150.89,11.0,1013.8
12.0,9.0,-34.43,150.89,11.0,1012.8
12.0,15.0,-34.43,150.89,11.0,1009.3
12.0,9.0,-34.43,150.89,11.0,1006.1
12.0,15.0,-34.43,150.89,11.0,1004.9
12.0,9.0,-34.43,150.89,11.0,1003.4
12.0,15.0,-34.43,150.89,11.0,1000.1
12.0,9.0,-34.43,150.89,11.0,1004.1
12.0,15.0,-34.43,150.89,11.0,1004.1
