5.0,9.0,-34.43,150.89,11.0,1018.6
5.0,15.0,-34.43,150.89,11.0,1014.0
5.0,9.0,-34.43,150.89,11.0,1016.8
5.0,15.0,-34.43,150.89,11.0,1016.0
5.0,9.0,-34.43,150.89,11.0,1027.8
5.0,15.0,-34.43,150.89,11.0,1027.6
5.0,9.0,-34.43,150.89,11.0,1032.0
5.0,15.0,-34.43,150.89,11.0,1029.6
5.0,9.0,-34.43,150.89,11.0,1031.0
5.0,15.0,-34.43,150.89,11.0,1027.3
5.0,9.0,-34.43,150.89,11.0,1024.8
5.0,15.0,-34.43,150.89,11.0,1020.2
5.0,9.0,-34.43,150.89,11.0,1023.4
5.0,15.0,-34.43,150.89,11.0,1023.4
5.0,9.0,-34.43,150.89,11.0,1028.2
5.0,15.0,-34.43,150.89,11.0,1025.8
5.0,9.0,-34.43,150.89,11.0,1026.9
5.0,15.0,-34.43,150.89,11.0,1024.2
5.0,9.0,-34.43,150.89,11.0,1025.1
5.0,15.0,-34.43,150.89,11.0,1021.9
5.0,9.0,-34.43,150.89,11.0,1024.7
5.0,15.0,-34.43,150.89,11.0,1023.0
5.0,9.0,-34.43,150.89,11.0,1027.2
5.0,15.0,-34.43,150.89,11.0,1024.6
5.0,9.0,-34.43,150.89,11.0,1024.6
5.0,15.0,-34.43,150.89,11.0,1021.7
5.0,9.0,-34.43,150.89,11.0,1022.9
5.0,15.0,-34.43,150.89,11.0,1019.9
5.0,9.0,-34.43,150.89,11.0,1017.6
5.0,15.0,-34.43,150.89,11.0,1014.6
5.0,9.0,-34.43,150.89,11.0,1017.9
5.0,15.0,-34.43,150.89,11.0,1016.4
5.0,9.0,-34.43,150.89,11.0,1023.2
5.0,15.0,-34.43,150.89,11.0,1021.2
5.0,9.0,-34.43,150.89,11.0,1027.0
5.0,15.0,-34.43,150.89,11.0,1025.0
5.0,9.0,-34.43,150.89,11.0,1025.4
5.0,15.0,-34.43,150.89,11.0,1020.9
5.0,9.0,-34.43,150.89,11.0,1017.7
5.0,15.0,-34.43,150.89,11.0,1015.5
5.0,9.0,-34.43,150.89,11.0,1020.8
5.0,15.0,-34.43,150.89,11.0,1019.6
5.0,9.0,-34.43,150.89,11.0,1024.7
5.0,15.0,-34.43,150.89,11.0,1021.9
5.0,9.0,-34.43,150.89,11.0,1021.7
5.0,15.0,-34.43,150.89,11.0,1016.5
5.0,9.0,-34.43,150.89,11.0,1014.3
5.0,15.0,-34.43,150.89,11.0,1012.9
5.0,9.0,-34.43,150.89,11.0,1021.2
5.0,15.0,-34.43,150.89,11.0,1018.6
5.0,9.0,-34.43,150.89,11.0,1021.2
5.0,15.0,-34.43,150.89,11.0,1020.0
5.0,9.0,-34.43,150.89,11.0,1021.9
5.0,15.0,-34.43,150.89,11.0,1017.4
5.0,9.0,-34.43,150.89,11.0,1012.4
5.0,15.0,-34.43,150.89,11.0,1008.3
5.0,9.0,-34.43,150.89,11.0,1017.2
5.0,15.0,-34.43,150.89,11.0,1018.4
5.0,9.0,-34.43,150.89,11.0,1021.7
5.0,15.0,-34.43,150.89,11.0,1019.6
5.0,9.0,-34.43,150.89,11.0,1026.6
5.0,15.0,-34.43,150.89,11.0,1027.0
