1.0,9.0,-34.43,150.89,11.0,1007.4
1.0,15.0,-34.43,150.89,11.0,1005.8
1.0,9.0,-34.43,150.89,11.0,1010.6
1.0,15.0,-34.43,150.89,11.0,1012.1
1.0,9.0,-34.43,150.89,11.0,1019.0
1.0,15.0,-34.43,150.89,11.0,1019.1
1.0,9.0,-34.43,150.89,11.0,1022.1
1.0,15.0,-34.43,150.89,11.0,1020.7
1.0,9.0,-34.43,150.89,11.0,1019.6
1.0,15.0,-34.43,150.89,11.0,1017.6
1.0,9.0,-34.43,150.89,11.0,1018.8
1.0,15.0,-34.43,150.89,11.0,1018.1
1.0,9.0,-34.43,150.89,11.0,1018.4
1.0,15.0,-34.43,150.89,11.0,1014.7
1.0,9.0,-34.43,150.89,11.0,1012.7
1.0,15.0,-34.43,150.89,11.0,1009.3
1.0,9.0,-34.43,150.89,11.0,1011.8
1.0,15.0,-34.43,150.89,11.0,1009.7
1.0,9.0,-34.43,150.89,11.0,1010.9
1.0,15.0,-34.43,150.89,11.0,1008.8
1.0,9.0,-34.43,150.89,11.0,1007.1
1.0,15.0,-34.43,150.89,11.0,1003.7
1.0,9.0,-34.43,150.89,11.0,1012.7
1.0,15.0,-34.43,150.89,11.0,1011.1
1.0,9.0,-34.43,150.89,11.0,1008.1
1.0,15.0,-34.43,150.89,11.0,1000.8
1.0,9.0,-34.43,150.89,11.0,1003.7
1.0,15.0,-34.43,150.89,11.0,1003.9
1.0,9.0,-34.43,150.89,11.0,1015.7
1.0,15.0,-34.43,150.89,11.0,1016.7
1.0,9.0,-34.43,150.89,11.0,1016.6
1.0,15.0,-34.43,150.89,11.0,1013.4
1.0,9.0,-34.43,150.89,11.0,1012.5
1.0,15.0,-34.43,150.89,11.0,1007.4
1.0,9.0,-34.43,150.89,11.0,1005.3
1.0,15.0,-34.43,150.89,11.0,1007.7
1.0,9.0,-34.43,150.89,11.0,1015.9
1.0,15.0,-34.43,150.89,11.0,1013.6
1.0,9.0,-34.43,150.89,11.0,999.7
1.0,15.0,-34.43,150.89,11.0,993.3
1.0,9.0,-34.43,150.89,11.0,1010.8
1.0,15.0,-34.43,150.89,11.0,1012.6
1.0,9.0,-34.43,150.89,11.0,1017.9
1.0,15.0,-34.43,150.89,11.0,1015.6
1.0,9.0,-34.43,150.89,11.0,1014.1
1.0,15.0,-34.43,150.89,11.0,1009.3
1.0,9.0,-34.43,150.89,11.0,1006.0
1.0,15.0,-34.43,150.89,11.0,1007.8
1.0,9.0,-34.43,150.89,11.0,1021.3
1.0,15.0,-34.43,150.89,11.0,1018.1
1.0,9.0,-34.43,150.89,11.0,1016.4
1.0,15.0,-34.43,150.89,11.0,1015.5
1.0,9.0,-34.43,150.89,11.0,1019.0
1.0,15.0,-34.43,150.89,11.0,1016.9
1.0,9.0,-34.43,150.89,11.0,1015.5
1.0,15.0,-34.43,150.89,11.0,1011.7
1.0,9.0,-34.43,150.89,11.0,1016.7
1.0,15.0,-34.43,150.89,11.0,1015.4
1.0,9.0,-34.43,150.89,11.0,1010.9
1.0,15.0,-34.43,150.89,11.0,1006.3
1.0,9.0,-34.43,150.89,11.0,1007.4
1.0,15.0,-34.43,150.89,11.0,1011.1
