4.0,3.0,-32.93,151.78,52.0,16.8
4.0,12.0,-32.93,151.78,52.0,22.7
4.0,9.0,-32.93,151.78,52.0,18.4
4.0,15.0,-32.93,151.78,52.0,22.1
4.0,3.0,-32.93,151.78,52.0,18.3
4.0,12.0,-32.93,151.78,52.0,22.3
4.0,9.0,-32.93,151.78,52.0,19.8
4.0,15.0,-32.93,151.78,52.0,21.6
4.0,3.0,-32.93,151.78,52.0,16.9
4.0,12.0,-32.93,151.78,52.0,22.3
4.0,9.0,-32.93,151.78,52.0,21.1
4.0,15.0,-32.93,151.78,52.0,21.5
4.0,3.0,-32.93,151.78,52.0,16.8
4.0,12.0,-32.93,151.78,52.0,22.4
4.0,9.0,-32.93,151.78,52.0,20.2
4.0,15.0,-32.93,151.78,52.0,20.6
4.0,3.0,-32.93,151.78,52.0,17.4
4.0,12.0,-32.93,151.78,52.0,22.0
4.0,9.0,-32.93,151.78,52.0,17.8
4.0,15.0,-32.93,151.78,52.0,20.5
4.0,3.0,-32.93,151.78,52.0,15.6
4.0,12.0,-32.93,151.78,52.0,22.6
4.0,9.0,-32.93,151.78,52.0,19.6
4.0,15.0,-32.93,151.78,52.0,22.3
4.0,3.0,-32.93,151.78,52.0,16.2
4.0,12.0,-32.93,151.78,52.0,23.9
4.0,9.0,-32.93,151.78,52.0,19.2
4.0,15.0,-32.93,151.78,52.0,22.1
4.0,3.0,-32.93,151.78,52.0,14.4
4.0,12.0,-32.93,151.78,52.0,23.7
4.0,9.0,-32.93,151.78,52.0,19.7
4.0,15.0,-32.93,151.78,52.0,22.6
4.0,3.0,-32.93,151.78,52.0,16.1
4.0,12.0,-32.93,151.78,52.0,26.9
4.0,9.0,-32.93,151.78,52.0,19.7
4.0,15.0,-32.93,151.78,52.0,26.1
4.0,3.0,-32.93,151.78,52.0,12.4
4.0,12.0,-32.93,151.78,52.0,18.9
4.0,9.0,-32.93,151.78,52.0,14.5
4.0,15.0,-32.93,151.78,52.0,17.8
4.0,3.0,-32.93,151.78,52.0,14.1
4.0,12.0,-32.93,151.78,52.0,21.3
4.0,9.0,-32.93,151.78,52.0,18.8
4.0,15.0,-32.93,151.78,52.0,20.8
4.0,3.0,-32.93,151.78,52.0,15.8
4.0,12.0,-32.93,151.78,52.0,21.0
4.0,9.0,-32.93,151.78,52.0,16.7
4.0,15.0,-32.93,151.78,52.0,19.7
4.0,3.0,-32.93,151.78,52.0,15.7
4.0,12.0,-32.93,151.78,52.0,21.4
4.0,9.0,-32.93,151.78,52.0,16.5
4.0,15.0,-32.93,151.78,52.0,19.7
4.0,3.0,-32.93,151.78,52.0,16.3
4.0,12.0,-32.93,151.78,52.0,22.7
4.0,9.0,-32.93,151.78,52.0,19.5
4.0,15.0,-32.93,151.78,52.0,21.8
4.0,3.0,-32.93,151.78,52.0,13.4
4.0,12.0,-32.93,151.78,52.0,23.7
4.0,9.0,-32.93,151.78,52.0,17.9
4.0,15.0,-32.93,151.78,52.0,21.4
4.0,3.0,-32.93,151.78,52.0,14.4
4.0,12.0,-32.93,151.78,52.0,25.2
4.0,9.0,-32.93,151.78,52.0,15.4
4.0,15.0,-32.93,151.78,52.0,23.1
4.0,3.0,-32.93,151.78,52.0,15.4
4.0,12.0,-32.93,151.78,52.0,23.6
4.0,9.0,-32.93,151.78,52.0,20.7
4.0,15.0,-32.93,151.78,52.0,22.5
4.0,3.0,-32.93,151.78,52.0,15.2
4.0,12.0,-32.93,151.78,52.0,23.4
4.0,9.0,-32.93,151.78,52.0,20.1
4.0,15.0,-32.93,151.78,52.0,22.6
4.0,3.0,-32.93,151.78,52.0,16.3
4.0,12.0,-32.93,151.78,52.0,23.5
4.0,9.0,-32.93,151.78,52.0,19.2
4.0,15.0,-32.93,151.78,52.0,22.7
4.0,3.0,-32.93,151.78,52.0,16.6
4.0,12.0,-32.93,151.78,52.0,23.4
4.0,9.0,-32.93,151.78,52.0,21.3
4.0,15.0,-32.93,151.78,52.0,22.9
4.0,3.0,-32.93,151.78,52.0,15.6
4.0,12.0,-32.93,151.78,52.0,24.1
4.0,9.0,-32.93,151.78,52.0,18.5
4.0,15.0,-32.93,151.78,52.0,22.1
4.0,3.0,-32.93,151.78,52.0,18.3
4.0,12.0,-32.93,151.78,52.0,23.0
4.0,9.0,-32.93,151.78,52.0,18.6
4.0,15.0,-32.93,151.78,52.0,22.4
4.0,3.0,-32.93,151.78,52.0,14.5
4.0,12.0,-32.93,151.78,52.0,25.7
4.0,9.0,-32.93,151.78,52.0,18.0
4.0,15.0,-32.93,151.78,52.0,22.7
4.0,3.0,-32.93,151.78,52.0,15.2
4.0,12.0,-32.93,151.78,52.0,22.7
4.0,9.0,-32.93,151.78,52.0,20.0
4.0,15.0,-32.93,151.78,52.0,22.3
4.0,3.0,-32.93,151.78,52.0,17.1
4.0,12.0,-32.93,151.78,52.0,25.7
4.0,9.0,-32.93,151.78,52.0,18.8
4.0,15.0,-32.93,151.78,52.0,22.8
4.0,3.0,-32.93,151.78,52.0,18.1
4.0,12.0,-32.93,151.78,52.0,24.9
4.0,9.0,-32.93,151.78,52.0,20.8
4.0,15.0,-32.93,151.78,52.0,23.5
4.0,3.0,-32.93,151.78,52.0,11.2
4.0,12.0,-32.93,151.78,52.0,18.1
4.0,9.0,-32.93,151.78,52.0,13.1
4.0,15.0,-32.93,151.78,52.0,17.3
4.0,3.0,-32.93,151.78,52.0,13.0
4.0,12.0,-32.93,151.78,52.0,18.6
4.0,9.0,-32.93,151.78,52.0,15.9
4.0,15.0,-32.93,151.78,52.0,18.1
4.0,3.0,-32.93,151.78,52.0,10.9
4.0,12.0,-32.93,151.78,52.0,22.9
4.0,9.0,-32.93,151.78,52.0,15.4
4.0,15.0,-32.93,151.78,52.0,19.6
4.0,3.0,-32.93,151.78,52.0,13.3
4.0,12.0,-32.93,151.78,52.0,21.1
4.0,9.0,-32.93,151.78,52.0,18.4
4.0,15.0,-32.93,151.78,52.0,19.7
