5.0,3.0,-32.93,151.78,52.0,12.1
5.0,12.0,-32.93,151.78,52.0,23.7
5.0,9.0,-32.93,151.78,52.0,13.4
5.0,15.0,-32.93,151.78,52.0,23.4
5.0,3.0,-32.93,151.78,52.0,13.4
5.0,12.0,-32.93,151.78,52.0,26.0
5.0,9.0,-32.93,151.78,52.0,16.7
5.0,15.0,-32.93,151.78,52.0,21.7
5.0,3.0,-32.93,151.78,52.0,16.4
5.0,12.0,-32.93,151.78,52.0,19.8
5.0,9.0,-32.93,151.78,52.0,18.6
5.0,15.0,-32.93,151.78,52.0,18.7
5.0,3.0,-32.93,151.78,52.0,15.7
5.0,12.0,-32.93,151.78,52.0,20.8
5.0,9.0,-32.93,151.78,52.0,18.5
5.0,15.0,-32.93,151.78,52.0,19.4
5.0,3.0,-32.93,151.78,52.0,13.0
5.0,12.0,-32.93,151.78,52.0,22.9
5.0,9.0,-32.93,151.78,52.0,17.1
5.0,15.0,-32.93,151.78,52.0,20.5
5.0,3.0,-32.93,151.78,52.0,12.1
5.0,12.0,-32.93,151.78,52.0,23.5
5.0,9.0,-32.93,151.78,52.0,15.1
5.0,15.0,-32.93,151.78,52.0,23.4
5.0,3.0,-32.93,151.78,52.0,14.5
5.0,12.0,-32.93,151.78,52.0,23.2
5.0,9.0,-32.93,151.78,52.0,19.1
5.0,15.0,-32.93,151.78,52.0,19.9
5.0,3.0,-32.93,151.78,52.0,13.4
5.0,12.0,-32.93,151.78,52.0,19.2
5.0,9.0,-32.93,151.78,52.0,15.5
5.0,15.0,-32.93,151.78,52.0,18.6
5.0,3.0,-32.93,151.78,52.0,13.5
5.0,12.0,-32.93,151.78,52.0,18.5
5.0,9.0,-32.93,151.78,52.0,16.2
5.0,15.0,-32.93,151.78,52.0,17.9
5.0,3.0,-32.93,151.78,52.0,11.6
5.0,12.0,-32.93,151.78,52.0,20.1
5.0,9.0,-32.93,151.78,52.0,16.6
5.0,15.0,-32.93,151.78,52.0,18.8
5.0,3.0,-32.93,151.78,52.0,11.3
5.0,12.0,-32.93,151.78,52.0,20.2
5.0,9.0,-32.93,151.78,52.0,16.6
5.0,15.0,-32.93,151.78,52.0,18.9
5.0,3.0,-32.93,151.78,52.0,15.2
5.0,12.0,-32.93,151.78,52.0,20.0
5.0,9.0,-32.93,151.78,52.0,16.4
5.0,15.0,-32.93,151.78,52.0,18.6
5.0,3.0,-32.93,151.78,52.0,14.8
5.0,12.0,-32.93,151.78,52.0,21.5
5.0,9.0,-32.93,151.78,52.0,18.8
5.0,15.0,-32.93,151.78,52.0,19.8
5.0,3.0,-32.93,151.78,52.0,17.2
5.0,12.0,-32.93,151.78,52.0,20.5
5.0,9.0,-32.93,151.78,52.0,17.7
5.0,15.0,-32.93,151.78,52.0,17.2
5.0,3.0,-32.93,151.78,52.0,14.4
5.0,12.0,-32.93,151.78,52.0,19.3
5.0,9.0,-32.93,151.78,52.0,16.5
5.0,15.0,-32.93,151.78,52.0,18.9
5.0,3.0,-32.93,151.78,52.0,11.7
5.0,12.0,-32.93,151.78,52.0,19.7
5.0,9.0,-32.93,151.78,52.0,16.4
5.0,15.0,-32.93,151.78,52.0,18.8
5.0,3.0,-32.93,151.78,52.0,10.0
5.0,12.0,-32.93,151.78,52.0,21.1
5.0,9.0,-32.93,151.78,52.0,14.5
5.0,15.0,-32.93,151.78,52.0,19.1
5.0,3.0,-32.93,151.78,52.0,14.2
5.0,12.0,-32.93,151.78,52.0,21.3
5.0,9.0,-32.93,151.78,52.0,18.3
5.0,15.0,-32.93,151.78,52.0,20.9
5.0,3.0,-32.93,151.78,52.0,17.4
5.0,12.0,-32.93,151.78,52.0,20.4
5.0,9.0,-32.93,151.78,52.0,18.4
5.0,15.0,-32.93,151.78,52.0,19.4
5.0,3.0,-32.93,151.78,52.0,16.8
5.0,12.0,-32.93,151.78,52.0,24.1
5.0,9.0,-32.93,151.78,52.0,18.6
5.0,15.0,-32.93,151.78,52.0,22.4
5.0,3.0,-32.93,151.78,52.0,14.2
5.0,12.0,-32.93,151.78,52.0,20.6
5.0,9.0,-32.93,151.78,52.0,16.4
5.0,15.0,-32.93,151.78,52.0,19.9
5.0,3.0,-32.93,151.78,52.0,16.4
5.0,12.0,-32.93,151.78,52.0,21.7
5.0,9.0,-32.93,151.78,52.0,18.9
5.0,15.0,-32.93,151.78,52.0,21.0
5.0,3.0,-32.93,151.78,52.0,14.3
5.0,12.0,-32.93,151.78,52.0,23.2
5.0,9.0,-32.93,151.78,52.0,15.7
5.0,15.0,-32.93,151.78,52.0,22.5
5.0,3.0,-32.93,151.78,52.0,15.1
5.0,12.0,-32.93,151.78,52.0,23.5
5.0,9.0,-32.93,151.78,52.0,18.0
5.0,15.0,-32.93,151.78,52.0,22.7
5.0,3.0,-32.93,151.78,52.0,11.3
5.0,12.0,-32.93,151.78,52.0,20.3
5.0,9.0,-32.93,151.78,52.0,15.6
5.0,15.0,-32.93,151.78,52.0,19.1
5.0,3.0,-32.93,151.78,52.0,10.2
5.0,12.0,-32.93,151.78,52.0,18.4
5.0,9.0,-32.93,151.78,52.0,15.9
5.0,15.0,-32.93,151.78,52.0,17.4
5.0,3.0,-32.93,151.78,52.0,9.7
5.0,12.0,-32.93,151.78,52.0,21.4
5.0,9.0,-32.93,151.78,52.0,13.2
5.0,15.0,-32.93,151.78,52.0,20.8
5.0,3.0,-32.93,151.78,52.0,11.0
5.0,12.0,-32.93,151.78,52.0,22.0
5.0,9.0,-32.93,151.78,52.0,13.5
5.0,15.0,-32.93,151.78,52.0,21.7
5.0,3.0,-32.93,151.78,52.0,11.3
5.0,12.0,-32.93,151.78,52.0,19.6
5.0,9.0,-32.93,151.78,52.0,14.0
5.0,15.0,-32.93,151.78,52.0,18.5
5.0,3.0,-32.93,151.78,52.0,7.5
5.0,12.0,-32.93,151.78,52.0,16.8
5.0,9.0,-32.93,151.78,52.0,10.6
5.0,15.0,-32.93,151.78,52.0,16.1
