11.0,3.0,-32.93,151.78,52.0,14.9
11.0,12.0,-32.93,151.78,52.0,19.9
11.0,9.0,-32.93,151.78,52.0,15.9
11.0,15.0,-32.93,151.78,52.0,19.0
11.0,3.0,-32.93,151.78,52.0,12.8
11.0,12.0,-32.93,151.78,52.0,21.0
11.0,9.0,-32.93,151.78,52.0,19.6
11.0,15.0,-32.93,151.78,52.0,20.4
11.0,3.0,-32.93,151.78,52.0,13.5
11.0,12.0,-32.93,151.78,52.0,22.0
11.0,9.0,-32.93,151.78,52.0,19.9
11.0,15.0,-32.93,151.78,52.0,21.4
11.0,3.0,-32.93,151.78,52.0,16.9
11.0,12.0,-32.93,151.78,52.0,29.4
11.0,9.0,-32.93,151.78,52.0,21.1
11.0,15.0,-32.93,151.78,52.0,28.6
11.0,3.0,-32.93,151.78,52.0,17.8
11.0,12.0,-32.93,151.78,52.0,29.3
11.0,9.0,-32.93,151.78,52.0,24.6
11.0,15.0,-32.93,151.78,52.0,26.0
11.0,3.0,-32.93,151.78,52.0,15.4
11.0,12.0,-32.93,151.78,52.0,25.3
11.0,9.0,-32.93,151.78,52.0,19.6
11.0,15.0,-32.93,151.78,52.0,20.4
11.0,3.0,-32.93,151.78,52.0,13.3
11.0,12.0,-32.93,151.78,52.0,28.2
11.0,9.0,-32.93,151.78,52.0,19.3
11.0,15.0,-32.93,151.78,52.0,23.2
11.0,3.0,-32.93,151.78,52.0,18.1
11.0,12.0,-32.93,151.78,52.0,30.2
11.0,9.0,-32.93,151.78,52.0,24.0
11.0,15.0,-32.93,151.78,52.0,25.6
11.0,3.0,-32.93,151.78,52.0,19.0
11.0,12.0,-32.93,151.78,52.0,21.5
11.0,9.0,-32.93,151.78,52.0,20.2
11.0,15.0,-32.93,151.78,52.0,19.9
11.0,3.0,-32.93,151.78,52.0,16.7
11.0,12.0,-32.93,151.78,52.0,23.4
11.0,9.0,-32.93,151.78,52.0,19.9
11.0,15.0,-32.93,151.78,52.0,21.3
11.0,3.0,-32.93,151.78,52.0,18.9
11.0,12.0,-32.93,151.78,52.0,23.6
11.0,9.0,-32.93,151.78,52.0,22.9
11.0,15.0,-32.93,151.78,52.0,21.7
11.0,3.0,-32.93,151.78,52.0,18.1
11.0,12.0,-32.93,151.78,52.0,32.1
11.0,9.0,-32.93,151.78,52.0,18.6
11.0,15.0,-32.93,151.78,52.0,31.3
11.0,3.0,-32.93,151.78,52.0,18.5
11.0,12.0,-32.93,151.78,52.0,31.0
11.0,9.0,-32.93,151.78,52.0,25.5
11.0,15.0,-32.93,151.78,52.0,30.1
11.0,3.0,-32.93,151.78,52.0,16.0
11.0,12.0,-32.93,151.78,52.0,24.4
11.0,9.0,-32.93,151.78,52.0,19.8
11.0,15.0,-32.93,151.78,52.0,23.0
11.0,3.0,-32.93,151.78,52.0,14.5
11.0,12.0,-32.93,151.78,52.0,20.5
11.0,9.0,-32.93,151.78,52.0,17.9
11.0,15.0,-32.93,151.78,52.0,19.4
11.0,3.0,-32.93,151.78,52.0,14.0
11.0,12.0,-32.93,151.78,52.0,22.1
11.0,9.0,-32.93,151.78,52.0,20.4
11.0,15.0,-32.93,151.78,52.0,21.1
11.0,3.0,-32.93,151.78,52.0,16.4
11.0,12.0,-32.93,151.78,52.0,21.8
11.0,9.0,-32.93,151.78,52.0,19.1
11.0,15.0,-32.93,151.78,52.0,20.8
11.0,3.0,-32.93,151.78,52.0,15.4
11.0,12.0,-32.93,151.78,52.0,30.2
11.0,9.0,-32.93,151.78,52.0,21.1
11.0,15.0,-32.93,151.78,52.0,24.5
11.0,3.0,-32.93,151.78,52.0,20.0
11.0,12.0,-32.93,151.78,52.0,22.4
11.0,9.0,-32.93,151.78,52.0,20.7
11.0,15.0,-32.93,151.78,52.0,20.9
11.0,3.0,-32.93,151.78,52.0,19.0
11.0,12.0,-32.93,151.78,52.0,23.0
11.0,9.0,-32.93,151.78,52.0,21.1
11.0,15.0,-32.93,151.78,52.0,22.1
11.0,3.0,-32.93,151.78,52.0,20.0
11.0,12.0,-32.93,151.78,52.0,24.6
11.0,9.0,-32.93,151.78,52.0,20.5
11.0,15.0,-32.93,151.78,52.0,23.3
11.0,3.0,-32.93,151.78,52.0,19.3
11.0,12.0,-32.93,151.78,52.0,25.3
11.0,9.0,-32.93,151.78,52.0,23.8
11.0,15.0,-32.93,151.78,52.0,23.8
11.0,3.0,-32.93,151.78,52.0,18.6
11.0,12.0,-32.93,151.78,52.0,25.4
11.0,9.0,-32.93,151.78,52.0,22.2
11.0,15.0,-32.93,151.78,52.0,22.9
11.0,3.0,-32.93,151.78,52.0,16.4
11.0,12.0,-32.93,151.78,52.0,19.6
11.0,9.0,-32.93,151.78,52.0,18.5
11.0,15.0,-32.93,151.78,52.0,18.8
11.0,3.0,-32.93,151.78,52.0,14.4
11.0,12.0,-32.93,151.78,52.0,24.9
11.0,9.0,-32.93,151.78,52.0,19.0
11.0,15.0,-32.93,151.78,52.0,21.6
11.0,3.0,-32.93,151.78,52.0,17.3
11.0,12.0,-32.93,151.78,52.0,23.6
11.0,9.0,-32.93,151.78,52.0,21.9
11.0,15.0,-32.93,151.78,52.0,21.7
11.0,3.0,-32.93,151.78,52.0,19.3
11.0,12.0,-32.93,151.78,52.0,23.6
11.0,9.0,-32.93,151.78,52.0,21.9
11.0,15.0,-32.93,151.78,52.0,22.1
11.0,3.0,-32.93,151.78,52.0,20.3
11.0,12.0,-32.93,151.78,52.0,25.0
11.0,9.0,-32.93,151.78,52.0,23.5
11.0,15.0,-32.93,151.78,52.0,22.9
11.0,3.0,-32.93,151.78,52.0,20.1
11.0,12.0,-32.93,151.78,52.0,22.6
11.0,9.0,-32.93,151.78,52.0,21.0
11.0,15.0,-32.93,151.78,52.0,21.4
11.0,3.0,-32.93,151.78,52.0,19.7
11.0,12.0,-32.93,151.78,52.0,24.5
11.0,9.0,-32.93,151.78,52.0,22.0
11.0,15.0,-32.93,151.78,52.0,23.1
