9.0,3.0,-32.93,151.78,52.0,13.6
9.0,12.0,-32.93,151.78,52.0,23.7
9.0,9.0,-32.93,151.78,52.0,18.0
9.0,15.0,-32.93,151.78,52.0,19.3
9.0,3.0,-32.93,151.78,52.0,15.3
9.0,12.0,-32.93,151.78,52.0,17.8
9.0,9.0,-32.93,151.78,52.0,15.6
9.0,15.0,-32.93,151.78,52.0,16.5
9.0,3.0,-32.93,151.78,52.0,15.4
9.0,12.0,-32.93,151.78,52.0,19.3
9.0,9.0,-32.93,151.78,52.0,16.6
9.0,15.0,-32.93,151.78,52.0,18.9
9.0,3.0,-32.93,151.78,52.0,11.1
9.0,12.0,-32.93,151.78,52.0,20.4
9.0,9.0,-32.93,151.78,52.0,15.7
9.0,15.0,-32.93,151.78,52.0,17.7
9.0,3.0,-32.93,151.78,52.0,9.2
9.0,12.0,-32.93,151.78,52.0,21.0
9.0,9.0,-32.93,151.78,52.0,14.3
9.0,15.0,-32.93,151.78,52.0,18.0
9.0,3.0,-32.93,151.78,52.0,10.3
9.0,12.0,-32.93,151.78,52.0,21.5
9.0,9.0,-32.93,151.78,52.0,14.5
9.0,15.0,-32.93,151.78,52.0,19.8
9.0,3.0,-32.93,151.78,52.0,12.6
9.0,12.0,-32.93,151.78,52.0,20.3
9.0,9.0,-32.93,151.78,52.0,17.6
9.0,15.0,-32.93,151.78,52.0,19.6
9.0,3.0,-32.93,151.78,52.0,16.3
9.0,12.0,-32.93,151.78,52.0,22.4
9.0,9.0,-32.93,151.78,52.0,19.4
9.0,15.0,-32.93,151.78,52.0,19.8
9.0,3.0,-32.93,151.78,52.0,15.2
9.0,12.0,-32.93,151.78,52.0,23.6
9.0,9.0,-32.93,151.78,52.0,20.2
9.0,15.0,-32.93,151.78,52.0,21.4
9.0,3.0,-32.93,151.78,52.0,12.9
9.0,12.0,-32.93,151.78,52.0,20.3
9.0,9.0,-32.93,151.78,52.0,14.0
9.0,15.0,-32.93,151.78,52.0,19.9
9.0,3.0,-32.93,151.78,52.0,12.7
9.0,12.0,-32.93,151.78,52.0,20.7
9.0,9.0,-32.93,151.78,52.0,17.1
9.0,15.0,-32.93,151.78,52.0,18.0
9.0,3.0,-32.93,151.78,52.0,10.2
9.0,12.0,-32.93,151.78,52.0,18.8
9.0,9.0,-32.93,151.78,52.0,17.2
9.0,15.0,-32.93,151.78,52.0,18.4
9.0,3.0,-32.93,151.78,52.0,15.3
9.0,12.0,-32.93,151.78,52.0,20.0
9.0,9.0,-32.93,151.78,52.0,17.7
9.0,15.0,-32.93,151.78,52.0,18.7
9.0,3.0,-32.93,151.78,52.0,16.1
9.0,12.0,-32.93,151.78,52.0,22.3
9.0,9.0,-32.93,151.78,52.0,16.9
9.0,15.0,-32.93,151.78,52.0,22.0
9.0,3.0,-32.93,151.78,52.0,14.9
9.0,12.0,-32.93,151.78,52.0,20.9
9.0,9.0,-32.93,151.78,52.0,17.4
9.0,15.0,-32.93,151.78,52.0,20.8
9.0,3.0,-32.93,151.78,52.0,11.9
9.0,12.0,-32.93,151.78,52.0,21.8
9.0,9.0,-32.93,151.78,52.0,16.1
9.0,15.0,-32.93,151.78,52.0,20.7
9.0,3.0,-32.93,151.78,52.0,11.5
9.0,12.0,-32.93,151.78,52.0,20.7
9.0,9.0,-32.93,151.78,52.0,18.0
9.0,15.0,-32.93,151.78,52.0,18.3
9.0,3.0,-32.93,151.78,52.0,15.2
9.0,12.0,-32.93,151.78,52.0,17.7
9.0,9.0,-32.93,151.78,52.0,15.7
9.0,15.0,-32.93,151.78,52.0,15.8
9.0,3.0,-32.93,151.78,52.0,13.0
9.0,12.0,-32.93,151.78,52.0,22.1
9.0,9.0,-32.93,151.78,52.0,17.6
9.0,15.0,-32.93,151.78,52.0,22.0
9.0,3.0,-32.93,151.78,52.0,10.2
9.0,12.0,-32.93,151.78,52.0,17.7
9.0,9.0,-32.93,151.78,52.0,14.7
9.0,15.0,-32.93,151.78,52.0,16.3
9.0,3.0,-32.93,151.78,52.0,13.0
9.0,12.0,-32.93,151.78,52.0,18.6
9.0,9.0,-32.93,151.78,52.0,14.1
9.0,15.0,-32.93,151.78,52.0,17.0
9.0,3.0,-32.93,151.78,52.0,14.0
9.0,12.0,-32.93,151.78,52.0,20.4
9.0,9.0,-32.93,151.78,52.0,17.5
9.0,15.0,-32.93,151.78,52.0,19.6
9.0,3.0,-32.93,151.78,52.0,15.6
9.0,12.0,-32.93,151.78,52.0,19.2
9.0,9.0,-32.93,151.78,52.0,18.2
9.0,15.0,-32.93,151.78,52.0,18.4
9.0,3.0,-32.93,151.78,52.0,13.4
9.0,12.0,-32.93,151.78,52.0,20.2
9.0,9.0,-32.93,151.78,52.0,18.0
9.0,15.0,-32.93,151.78,52.0,19.9
9.0,3.0,-32.93,151.78,52.0,13.7
9.0,12.0,-32.93,151.78,52.0,21.4
9.0,9.0,-32.93,151.78,52.0,15.2
9.0,15.0,-32.93,151.78,52.0,19.1
9.0,3.0,-32.93,151.78,52.0,13.3
9.0,12.0,-32.93,151.78,52.0,19.1
9.0,9.0,-32.93,151.78,52.0,17.2
9.0,15.0,-32.93,151.78,52.0,18.1
9.0,3.0,-32.93,151.78,52.0,10.9
9.0,12.0,-32.93,151.78,52.0,24.1
9.0,9.0,-32.93,151.78,52.0,17.1
9.0,15.0,-32.93,151.78,52.0,23.5
9.0,3.0,-32.93,151.78,52.0,10.3
9.0,12.0,-32.93,151.78,52.0,19.6
9.0,9.0,-32.93,151.78,52.0,17.1
9.0,15.0,-32.93,151.78,52.0,18.3
9.0,3.0,-32.93,151.78,52.0,14.3
9.0,12.0,-32.93,151.78,52.0,21.7
9.0,9.0,-32.93,151.78,52.0,15.6
9.0,15.0,-32.93,151.78,52.0,19.2
9.0,3.0,-32.93,151.78,52.0,11.7
9.0,12.0,-32.93,151.78,52.0,18.2
9.0,9.0,-32.93,151.78,52.0,16.6
9.0,15.0,-32.93,151.78,52.0,15.5
