3.0,3.0,-32.93,151.78,52.0,19.7
3.0,12.0,-32.93,151.78,52.0,25.9
3.0,9.0,-32.93,151.78,52.0,22.7
3.0,15.0,-32.93,151.78,52.0,25.2
3.0,3.0,-32.93,151.78,52.0,21.0
3.0,12.0,-32.93,151.78,52.0,25.6
3.0,9.0,-32.93,151.78,52.0,22.4
3.0,15.0,-32.93,151.78,52.0,25.2
3.0,3.0,-32.93,151.78,52.0,20.9
3.0,12.0,-32.93,151.78,52.0,25.0
3.0,9.0,-32.93,151.78,52.0,21.6
3.0,15.0,-32.93,151.78,52.0,23.4
3.0,3.0,-32.93,151.78,52.0,20.9
3.0,12.0,-32.93,151.78,52.0,23.3
3.0,9.0,-32.93,151.78,52.0,22.0
3.0,15.0,-32.93,151.78,52.0,22.9
3.0,3.0,-32.93,151.78,52.0,19.5
3.0,12.0,-32.93,151.78,52.0,23.0
3.0,9.0,-32.93,151.78,52.0,20.1
3.0,15.0,-32.93,151.78,52.0,22.7
3.0,3.0,-32.93,151.78,52.0,19.6
3.0,12.0,-32.93,151.78,52.0,23.2
3.0,9.0,-32.93,151.78,52.0,20.9
3.0,15.0,-32.93,151.78,52.0,22.8
3.0,3.0,-32.93,151.78,52.0,18.3
3.0,12.0,-32.93,151.78,52.0,22.9
3.0,9.0,-32.93,151.78,52.0,22.1
3.0,15.0,-32.93,151.78,52.0,20.0
3.0,3.0,-32.93,151.78,52.0,18.4
3.0,12.0,-32.93,151.78,52.0,22.2
3.0,9.0,-32.93,151.78,52.0,21.3
3.0,15.0,-32.93,151.78,52.0,21.7
3.0,3.0,-32.93,151.78,52.0,17.6
3.0,12.0,-32.93,151.78,52.0,23.1
3.0,9.0,-32.93,151.78,52.0,22.0
3.0,15.0,-32.93,151.78,52.0,22.4
3.0,3.0,-32.93,151.78,52.0,18.7
3.0,12.0,-32.93,151.78,52.0,22.9
3.0,9.0,-32.93,151.78,52.0,19.9
3.0,15.0,-32.93,151.78,52.0,22.3
3.0,3.0,-32.93,151.78,52.0,18.0
3.0,12.0,-32.93,151.78,52.0,24.1
3.0,9.0,-32.93,151.78,52.0,20.0
3.0,15.0,-32.93,151.78,52.0,23.0
3.0,3.0,-32.93,151.78,52.0,16.3
3.0,12.0,-32.93,151.78,52.0,26.3
3.0,9.0,-32.93,151.78,52.0,18.2
3.0,15.0,-32.93,151.78,52.0,24.5
3.0,3.0,-32.93,151.78,52.0,18.2
3.0,12.0,-32.93,151.78,52.0,25.6
3.0,9.0,-32.93,151.78,52.0,22.2
3.0,15.0,-32.93,151.78,52.0,24.9
3.0,3.0,-32.93,151.78,52.0,21.6
3.0,12.0,-32.93,151.78,52.0,24.1
3.0,9.0,-32.93,151.78,52.0,22.7
3.0,15.0,-32.93,151.78,52.0,23.0
3.0,3.0,-32.93,151.78,52.0,20.3
3.0,12.0,-32.93,151.78,52.0,24.9
3.0,9.0,-32.93,151.78,52.0,22.8
3.0,15.0,-32.93,151.78,52.0,24.5
3.0,3.0,-32.93,151.78,52.0,21.8
3.0,12.0,-32.93,151.78,52.0,24.8
3.0,9.0,-32.93,151.78,52.0,22.9
3.0,15.0,-32.93,151.78,52.0,23.9
3.0,3.0,-32.93,151.78,52.0,21.5
3.0,12.0,-32.93,151.78,52.0,23.8
3.0,9.0,-32.93,151.78,52.0,21.6
3.0,15.0,-32.93,151.78,52.0,20.4
3.0,3.0,-32.93,151.78,52.0,19.5
3.0,12.0,-32.93,151.78,52.0,24.9
3.0,9.0,-32.93,151.78,52.0,23.3
3.0,15.0,-32.93,151.78,52.0,24.3
3.0,3.0,-32.93,151.78,52.0,22.2
3.0,12.0,-32.93,151.78,52.0,25.7
3.0,9.0,-32.93,151.78,52.0,22.7
3.0,15.0,-32.93,151.78,52.0,25.5
3.0,3.0,-32.93,151.78,52.0,22.4
3.0,12.0,-32.93,151.78,52.0,26.1
3.0,9.0,-32.93,151.78,52.0,24.5
3.0,15.0,-32.93,151.78,52.0,24.8
3.0,3.0,-32.93,151.78,52.0,22.5
3.0,12.0,-32.93,151.78,52.0,29.6
3.0,9.0,-32.93,151.78,52.0,23.4
3.0,15.0,-32.93,151.78,52.0,26.1
3.0,3.0,-32.93,151.78,52.0,22.8
3.0,12.0,-32.93,151.78,52.0,30.7
3.0,9.0,-32.93,151.78,52.0,23.6
3.0,15.0,-32.93,151.78,52.0,29.7
3.0,3.0,-32.93,151.78,52.0,20.5
3.0,12.0,-32.93,151.78,52.0,22.7
3.0,9.0,-32.93,151.78,52.0,21.9
3.0,15.0,-32.93,151.78,52.0,22.4
3.0,3.0,-32.93,151.78,52.0,18.9
3.0,12.0,-32.93,151.78,52.0,23.9
3.0,9.0,-32.93,151.78,52.0,19.8
3.0,15.0,-32.93,151.78,52.0,23.0
3.0,3.0,-32.93,151.78,52.0,19.3
3.0,12.0,-32.93,151.78,52.0,24.5
3.0,9.0,-32.93,151.78,52.0,21.3
3.0,15.0,-32.93,151.78,52.0,22.9
3.0,3.0,-32.93,151.78,52.0,21.1
3.0,12.0,-32.93,151.78,52.0,26.2
3.0,9.0,-32.93,151.78,52.0,22.3
3.0,15.0,-32.93,151.78,52.0,25.3
3.0,3.0,-32.93,151.78,52.0,20.4
3.0,12.0,-32.93,151.78,52.0,25.8
3.0,9.0,-32.93,151.78,52.0,23.1
3.0,15.0,-32.93,151.78,52.0,24.6
3.0,3.0,-32.93,151.78,52.0,21.0
3.0,12.0,-32.93,151.78,52.0,24.5
3.0,9.0,-32.93,151.78,52.0,22.8
3.0,15.0,-32.93,151.78,52.0,23.4
3.0,3.0,-32.93,151.78,52.0,22.3
3.0,12.0,-32.93,151.78,52.0,28.8
3.0,9.0,-32.93,151.78,52.0,23.0
3.0,15.0,-32.93,151.78,52.0,26.0
3.0,3.0,-32.93,151.78,52.0,22.9
3.0,12.0,-32.93,151.78,52.0,24.5
3.0,9.0,-32.93,151.78,52.0,23.9
3.0,15.0,-32.93,151.78,52.0,22.2
3.0,3.0,-32.93,151.78,52.0,16.1
3.0,12.0,-32.93,151.78,52.0,20.9
3.0,9.0,-32.93,151.78,52.0,16.9
3.0,15.0,-32.93,151.78,52.0,20.4
