12.0,3.0,-32.93,151.78,52.0,18.1
12.0,12.0,-32.93,151.78,52.0,26.2
12.0,9.0,-32.93,151.78,52.0,19.5
12.0,15.0,-32.93,151.78,52.0,23.1
12.0,3.0,-32.93,151.78,52.0,17.9
12.0,12.0,-32.93,151.78,52.0,29.8
12.0,9.0,-32.93,151.78,52.0,25.6
12.0,15.0,-32.93,151.78,52.0,25.6
12.0,3.0,-32.93,151.78,52.0,21.1
12.0,12.0,-32.93,151.78,52.0,24.2
12.0,9.0,-32.93,151.78,52.0,21.9
12.0,15.0,-32.93,151.78,52.0,22.6
12.0,3.0,-32.93,151.78,52.0,20.3
12.0,12.0,-32.93,151.78,52.0,24.9
12.0,9.0,-32.93,151.78,52.0,22.2
12.0,15.0,-32.93,151.78,52.0,23.6
12.0,3.0,-32.93,151.78,52.0,22.0
12.0,12.0,-32.93,151.78,52.0,28.3
12.0,9.0,-32.93,151.78,52.0,22.7
12.0,15.0,-32.93,151.78,52.0,23.4
12.0,3.0,-32.93,151.78,52.0,20.6
12.0,12.0,-32.93,151.78,52.0,23.6
12.0,9.0,-32.93,151.78,52.0,21.4
12.0,15.0,-32.93,151.78,52.0,22.2
12.0,3.0,-32.93,151.78,52.0,17.9
12.0,12.0,-32.93,151.78,52.0,23.3
12.0,9.0,-32.93,151.78,52.0,21.1
12.0,15.0,-32.93,151.78,52.0,22.9
12.0,3.0,-32.93,151.78,52.0,19.4
12.0,12.0,-32.93,151.78,52.0,27.4
12.0,9.0,-32.93,151.78,52.0,21.8
12.0,15.0,-32.93,151.78,52.0,24.2
12.0,3.0,-32.93,151.78,52.0,19.5
12.0,12.0,-32.93,151.78,52.0,26.7
12.0,9.0,-32.93,151.78,52.0,20.7
12.0,15.0,-32.93,151.78,52.0,23.2
12.0,3.0,-32.93,151.78,52.0,19.0
12.0,12.0,-32.93,151.78,52.0,22.6
12.0,9.0,-32.93,151.78,52.0,21.7
12.0,15.0,-32.93,151.78,52.0,21.6
12.0,3.0,-32.93,151.78,52.0,18.8
12.0,12.0,-32.93,151.78,52.0,24.6
12.0,9.0,-32.93,151.78,52.0,20.9
12.0,15.0,-32.93,151.78,52.0,22.8
12.0,3.0,-32.93,151.78,52.0,19.6
12.0,12.0,-32.93,151.78,52.0,27.3
12.0,9.0,-32.93,151.78,52.0,22.4
12.0,15.0,-32.93,151.78,52.0,23.2
12.0,3.0,-32.93,151.78,52.0,20.1
12.0,12.0,-32.93,151.78,52.0,35.5
12.0,9.0,-32.93,151.78,52.0,27.1
12.0,15.0,-32.93,151.78,52.0,35.0
12.0,3.0,-32.93,151.78,52.0,23.1
12.0,12.0,-32.93,151.78,52.0,36.2
12.0,9.0,-32.93,151.78,52.0,29.5
12.0,15.0,-32.93,151.78,52.0,35.3
12.0,3.0,-32.93,151.78,52.0,18.9
12.0,12.0,-32.93,151.78,52.0,19.2
12.0,9.0,-32.93,151.78,52.0,18.9
12.0,15.0,-32.93,151.78,52.0,17.9
12.0,3.0,-32.93,151.78,52.0,17.2
12.0,12.0,-32.93,151.78,52.0,25.1
12.0,9.0,-32.93,151.78,52.0,19.1
12.0,15.0,-32.93,151.78,52.0,20.5
12.0,3.0,-32.93,151.78,52.0,18.5
12.0,12.0,-32.93,151.78,52.0,30.4
12.0,9.0,-32.93,151.78,52.0,25.1
12.0,15.0,-32.93,151.78,52.0,26.6
12.0,3.0,-32.93,151.78,52.0,19.0
12.0,12.0,-32.93,151.78,52.0,21.4
12.0,9.0,-32.93,151.78,52.0,19.2
12.0,15.0,-32.93,151.78,52.0,20.7
12.0,3.0,-32.93,151.78,52.0,17.0
12.0,12.0,-32.93,151.78,52.0,21.7
12.0,9.0,-32.93,151.78,52.0,17.2
12.0,15.0,-32.93,151.78,52.0,21.1
12.0,3.0,-32.93,151.78,52.0,16.9
12.0,12.0,-32.93,151.78,52.0,31.2
12.0,9.0,-32.93,151.78,52.0,20.4
12.0,15.0,-32.93,151.78,52.0,23.2
12.0,3.0,-32.93,151.78,52.0,19.6
12.0,12.0,-32.93,151.78,52.0,22.7
12.0,9.0,-32.93,151.78,52.0,20.9
12.0,15.0,-32.93,151.78,52.0,22.4
12.0,3.0,-32.93,151.78,52.0,20.1
12.0,12.0,-32.93,151.78,52.0,22.9
12.0,9.0,-32.93,151.78,52.0,21.0
12.0,15.0,-32.93,151.78,52.0,22.1
12.0,3.0,-32.93,151.78,52.0,19.8
12.0,12.0,-32.93,151.78,52.0,22.8
12.0,9.0,-32.93,151.78,52.0,21.9
12.0,15.0,-32.93,151.78,52.0,22.3
12.0,3.0,-32.93,151.78,52.0,19.1
12.0,12.0,-32.93,151.78,52.0,24.4
12.0,9.0,-32.93,151.78,52.0,22.4
12.0,15.0,-32.93,151.78,52.0,24.0
12.0,3.0,-32.93,151.78,52.0,19.0
12.0,12.0,-32.93,151.78,52.0,25.5
12.0,9.0,-32.93,151.78,52.0,22.9
12.0,15.0,-32.93,151.78,52.0,23.4
12.0,3.0,-32.93,151.78,52.0,20.3
12.0,12.0,-32.93,151.78,52.0,24.2
12.0,9.0,-32.93,151.78,52.0,23.4
12.0,15.0,-32.93,151.78,52.0,23.3
12.0,3.0,-32.93,151.78,52.0,19.7
12.0,12.0,-32.93,151.78,52.0,24.4
12.0,9.0,-32.93,151.78,52.0,22.0
12.0,15.0,-32.93,151.78,52.0,22.8
12.0,3.0,-32.93,151.78,52.0,19.9
12.0,12.0,-32.93,151.78,52.0,29.7
12.0,9.0,-32.93,151.78,52.0,24.2
12.0,15.0,-32.93,151.78,52.0,22.7
12.0,3.0,-32.93,151.78,52.0,20.4
12.0,12.0,-32.93,151.78,52.0,38.9
12.0,9.0,-32.93,151.78,52.0,29.4
12.0,15.0,-32.93,151.78,52.0,24.9
12.0,3.0,-32.93,151.78,52.0,20.2
12.0,12.0,-32.93,151.78,52.0,29.6
12.0,9.0,-32.93,151.78,52.0,26.2
12.0,15.0,-32.93,151.78,52.0,25.0
12.0,3.0,-32.93,151.78,52.0,21.0
12.0,12.0,-32.93,151.78,52.0,25.7
12.0,9.0,-32.93,151.78,52.0,23.5
12.0,15.0,-32.93,151.78,52.0,22.8
