7.0,3.0,-32.93,151.78,52.0,8.4
7.0,12.0,-32.93,151.78,52.0,15.8
7.0,9.0,-32.93,151.78,52.0,11.7
7.0,15.0,-32.93,151.78,52.0,14.7
7.0,3.0,-32.93,151.78,52.0,5.7
7.0,12.0,-32.93,151.78,52.0,18.0
7.0,9.0,-32.93,151.78,52.0,9.0
7.0,15.0,-32.93,151.78,52.0,17.4
7.0,3.0,-32.93,151.78,52.0,6.3
7.0,12.0,-32.93,151.78,52.0,18.3
7.0,9.0,-32.93,151.78,52.0,8.6
7.0,15.0,-32.93,151.78,52.0,18.1
7.0,3.0,-32.93,151.78,52.0,8.4
7.0,12.0,-32.93,151.78,52.0,21.7
7.0,9.0,-32.93,151.78,52.0,16.5
7.0,15.0,-32.93,151.78,52.0,21.3
7.0,3.0,-32.93,151.78,52.0,12.1
7.0,12.0,-32.93,151.78,52.0,19.9
7.0,9.0,-32.93,151.78,52.0,14.2
7.0,15.0,-32.93,151.78,52.0,19.5
7.0,3.0,-32.93,151.78,52.0,7.3
7.0,12.0,-32.93,151.78,52.0,19.1
7.0,9.0,-32.93,151.78,52.0,10.0
7.0,15.0,-32.93,151.78,52.0,18.6
7.0,3.0,-32.93,151.78,52.0,8.4
7.0,12.0,-32.93,151.78,52.0,18.2
7.0,9.0,-32.93,151.78,52.0,11.9
7.0,15.0,-32.93,151.78,52.0,18.0
7.0,3.0,-32.93,151.78,52.0,8.1
7.0,12.0,-32.93,151.78,52.0,18.5
7.0,9.0,-32.93,151.78,52.0,12.6
7.0,15.0,-32.93,151.78,52.0,17.6
7.0,3.0,-32.93,151.78,52.0,7.6
7.0,12.0,-32.93,151.78,52.0,18.6
7.0,9.0,-32.93,151.78,52.0,11.6
7.0,15.0,-32.93,151.78,52.0,15.7
7.0,3.0,-32.93,151.78,52.0,6.2
7.0,12.0,-32.93,151.78,52.0,17.1
7.0,9.0,-32.93,151.78,52.0,10.5
7.0,15.0,-32.93,151.78,52.0,14.3
7.0,3.0,-32.93,151.78,52.0,10.4
7.0,12.0,-32.93,151.78,52.0,15.3
7.0,9.0,-32.93,151.78,52.0,10.9
7.0,15.0,-32.93,151.78,52.0,14.2
7.0,3.0,-32.93,151.78,52.0,8.4
7.0,12.0,-32.93,151.78,52.0,17.8
7.0,9.0,-32.93,151.78,52.0,11.2
7.0,15.0,-32.93,151.78,52.0,16.4
7.0,3.0,-32.93,151.78,52.0,7.6
7.0,12.0,-32.93,151.78,52.0,19.0
7.0,9.0,-32.93,151.78,52.0,10.2
7.0,15.0,-32.93,151.78,52.0,17.9
7.0,3.0,-32.93,151.78,52.0,10.1
7.0,12.0,-32.93,151.78,52.0,18.6
7.0,9.0,-32.93,151.78,52.0,13.5
7.0,15.0,-32.93,151.78,52.0,15.9
7.0,3.0,-32.93,151.78,52.0,11.7
7.0,12.0,-32.93,151.78,52.0,17.0
7.0,9.0,-32.93,151.78,52.0,13.0
7.0,15.0,-32.93,151.78,52.0,16.3
7.0,3.0,-32.93,151.78,52.0,8.5
7.0,12.0,-32.93,151.78,52.0,19.1
7.0,9.0,-32.93,151.78,52.0,11.5
7.0,15.0,-32.93,151.78,52.0,18.6
7.0,3.0,-32.93,151.78,52.0,10.3
7.0,12.0,-32.93,151.78,52.0,23.7
7.0,9.0,-32.93,151.78,52.0,14.2
7.0,15.0,-32.93,151.78,52.0,23.4
7.0,3.0,-32.93,151.78,52.0,10.0
7.0,12.0,-32.93,151.78,52.0,17.5
7.0,9.0,-32.93,151.78,52.0,13.6
7.0,15.0,-32.93,151.78,52.0,16.1
7.0,3.0,-32.93,151.78,52.0,9.6
7.0,12.0,-32.93,151.78,52.0,19.3
7.0,9.0,-32.93,151.78,52.0,12.5
7.0,15.0,-32.93,151.78,52.0,18.8
7.0,3.0,-32.93,151.78,52.0,7.9
7.0,12.0,-32.93,151.78,52.0,16.6
7.0,9.0,-32.93,151.78,52.0,11.2
7.0,15.0,-32.93,151.78,52.0,15.3
7.0,3.0,-32.93,151.78,52.0,6.5
7.0,12.0,-32.93,151.78,52.0,18.0
7.0,9.0,-32.93,151.78,52.0,10.2
7.0,15.0,-32.93,151.78,52.0,17.7
7.0,3.0,-32.93,151.78,52.0,8.6
7.0,12.0,-32.93,151.78,52.0,20.3
7.0,9.0,-32.93,151.78,52.0,13.2
7.0,15.0,-32.93,151.78,52.0,19.9
7.0,3.0,-32.93,151.78,52.0,11.8
7.0,12.0,-32.93,151.78,52.0,21.9
7.0,9.0,-32.93,151.78,52.0,14.3
7.0,15.0,-32.93,151.78,52.0,19.6
7.0,3.0,-32.93,151.78,52.0,9.0
7.0,12.0,-32.93,151.78,52.0,20.2
7.0,9.0,-32.93,151.78,52.0,12.9
7.0,15.0,-32.93,151.78,52.0,19.0
7.0,3.0,-32.93,151.78,52.0,12.2
7.0,12.0,-32.93,151.78,52.0,23.8
7.0,9.0,-32.93,151.78,52.0,17.6
7.0,15.0,-32.93,151.78,52.0,23.2
7.0,3.0,-32.93,151.78,52.0,9.5
7.0,12.0,-32.93,151.78,52.0,18.9
7.0,9.0,-32.93,151.78,52.0,14.0
7.0,15.0,-32.93,151.78,52.0,17.2
7.0,3.0,-32.93,151.78,52.0,9.4
7.0,12.0,-32.93,151.78,52.0,21.6
7.0,9.0,-32.93,151.78,52.0,10.9
7.0,15.0,-32.93,151.78,52.0,21.1
7.0,3.0,-32.93,151.78,52.0,7.6
7.0,12.0,-32.93,151.78,52.0,19.6
7.0,9.0,-32.93,151.78,52.0,11.5
7.0,15.0,-32.93,151.78,52.0,18.9
7.0,3.0,-32.93,151.78,52.0,11.6
7.0,12.0,-32.93,151.78,52.0,22.2
7.0,9.0,-32.93,151.78,52.0,14.1
7.0,15.0,-32.93,151.78,52.0,19.7
7.0,3.0,-32.93,151.78,52.0,14.1
7.0,12.0,-32.93,151.78,52.0,21.7
7.0,9.0,-32.93,151.78,52.0,19.5
7.0,15.0,-32.93,151.78,52.0,20.4
