10.0,3.0,-32.93,151.78,52.0,13.7
10.0,12.0,-32.93,151.78,52.0,21.4
10.0,9.0,-32.93,151.78,52.0,17.7
10.0,15.0,-32.93,151.78,52.0,21.4
10.0,3.0,-32.93,151.78,52.0,12.9
10.0,12.0,-32.93,151.78,52.0,25.7
10.0,9.0,-32.93,151.78,52.0,17.2
10.0,15.0,-32.93,151.78,52.0,25.0
10.0,3.0,-32.93,151.78,52.0,16.2
10.0,12.0,-32.93,151.78,52.0,23.6
10.0,9.0,-32.93,151.78,52.0,19.0
10.0,15.0,-32.93,151.78,52.0,20.5
10.0,3.0,-32.93,151.78,52.0,13.2
10.0,12.0,-32.93,151.78,52.0,21.7
10.0,9.0,-32.93,151.78,52.0,15.7
10.0,15.0,-32.93,151.78,52.0,21.3
10.0,3.0,-32.93,151.78,52.0,13.3
10.0,12.0,-32.93,151.78,52.0,23.4
10.0,9.0,-32.93,151.78,52.0,15.6
10.0,15.0,-32.93,151.78,52.0,22.6
10.0,3.0,-32.93,151.78,52.0,14.2
10.0,12.0,-32.93,151.78,52.0,27.7
10.0,9.0,-32.93,151.78,52.0,17.4
10.0,15.0,-32.93,151.78,52.0,26.2
10.0,3.0,-32.93,151.78,52.0,16.8
10.0,12.0,-32.93,151.78,52.0,28.4
10.0,9.0,-32.93,151.78,52.0,20.1
10.0,15.0,-32.93,151.78,52.0,27.9
10.0,3.0,-32.93,151.78,52.0,18.8
10.0,12.0,-32.93,151.78,52.0,25.3
10.0,9.0,-32.93,151.78,52.0,22.4
10.0,15.0,-32.93,151.78,52.0,19.9
10.0,3.0,-32.93,151.78,52.0,15.7
10.0,12.0,-32.93,151.78,52.0,20.8
10.0,9.0,-32.93,151.78,52.0,19.4
10.0,15.0,-32.93,151.78,52.0,19.2
10.0,3.0,-32.93,151.78,52.0,15.6
10.0,12.0,-32.93,151.78,52.0,31.0
10.0,9.0,-32.93,151.78,52.0,20.6
10.0,15.0,-32.93,151.78,52.0,29.5
10.0,3.0,-32.93,151.78,52.0,11.2
10.0,12.0,-32.93,151.78,52.0,20.9
10.0,9.0,-32.93,151.78,52.0,14.7
10.0,15.0,-32.93,151.78,52.0,18.4
10.0,3.0,-32.93,151.78,52.0,9.8
10.0,12.0,-32.93,151.78,52.0,20.9
10.0,9.0,-32.93,151.78,52.0,14.2
10.0,15.0,-32.93,151.78,52.0,19.6
10.0,3.0,-32.93,151.78,52.0,12.1
10.0,12.0,-32.93,151.78,52.0,15.6
10.0,9.0,-32.93,151.78,52.0,13.3
10.0,15.0,-32.93,151.78,52.0,14.6
10.0,3.0,-32.93,151.78,52.0,10.9
10.0,12.0,-32.93,151.78,52.0,18.9
10.0,9.0,-32.93,151.78,52.0,13.2
10.0,15.0,-32.93,151.78,52.0,18.2
10.0,3.0,-32.93,151.78,52.0,10.3
10.0,12.0,-32.93,151.78,52.0,23.3
10.0,9.0,-32.93,151.78,52.0,14.9
10.0,15.0,-32.93,151.78,52.0,20.5
10.0,3.0,-32.93,151.78,52.0,12.9
10.0,12.0,-32.93,151.78,52.0,24.7
10.0,9.0,-32.93,151.78,52.0,17.7
10.0,15.0,-32.93,151.78,52.0,21.1
10.0,3.0,-32.93,151.78,52.0,17.6
10.0,12.0,-32.93,151.78,52.0,22.6
10.0,9.0,-32.93,151.78,52.0,21.4
10.0,15.0,-32.93,151.78,52.0,13.3
10.0,3.0,-32.93,151.78,52.0,11.2
10.0,12.0,-32.93,151.78,52.0,23.5
10.0,9.0,-32.93,151.78,52.0,15.9
10.0,15.0,-32.93,151.78,52.0,22.6
10.0,3.0,-32.93,151.78,52.0,13.6
10.0,12.0,-32.93,151.78,52.0,20.6
10.0,9.0,-32.93,151.78,52.0,18.3
10.0,15.0,-32.93,151.78,52.0,19.4
10.0,3.0,-32.93,151.78,52.0,17.1
10.0,12.0,-32.93,151.78,52.0,19.8
10.0,9.0,-32.93,151.78,52.0,18.6
10.0,15.0,-32.93,151.78,52.0,19.6
10.0,3.0,-32.93,151.78,52.0,16.9
10.0,12.0,-32.93,151.78,52.0,23.4
10.0,9.0,-32.93,151.78,52.0,19.1
10.0,15.0,-32.93,151.78,52.0,21.4
10.0,3.0,-32.93,151.78,52.0,17.5
10.0,12.0,-32.93,151.78,52.0,18.9
10.0,9.0,-32.93,151.78,52.0,17.8
10.0,15.0,-32.93,151.78,52.0,17.6
10.0,3.0,-32.93,151.78,52.0,10.5
10.0,12.0,-32.93,151.78,52.0,16.4
10.0,9.0,-32.93,151.78,52.0,12.9
10.0,15.0,-32.93,151.78,52.0,16.1
10.0,3.0,-32.93,151.78,52.0,11.7
10.0,12.0,-32.93,151.78,52.0,18.4
10.0,9.0,-32.93,151.78,52.0,15.0
10.0,15.0,-32.93,151.78,52.0,17.3
10.0,3.0,-32.93,151.78,52.0,10.7
10.0,12.0,-32.93,151.78,52.0,24.2
10.0,9.0,-32.93,151.78,52.0,16.3
10.0,15.0,-32.93,151.78,52.0,20.6
10.0,3.0,-32.93,151.78,52.0,14.5
10.0,12.0,-32.93,151.78,52.0,27.8
10.0,9.0,-32.93,151.78,52.0,21.2
10.0,15.0,-32.93,151.78,52.0,27.5
10.0,3.0,-32.93,151.78,52.0,17.4
10.0,12.0,-32.93,151.78,52.0,21.1
10.0,9.0,-32.93,151.78,52.0,20.9
10.0,15.0,-32.93,151.78,52.0,20.2
10.0,3.0,-32.93,151.78,52.0,15.4
10.0,12.0,-32.93,151.78,52.0,19.0
10.0,9.0,-32.93,151.78,52.0,16.4
10.0,15.0,-32.93,151.78,52.0,18.2
10.0,3.0,-32.93,151.78,52.0,16.1
10.0,12.0,-32.93,151.78,52.0,21.9
10.0,9.0,-32.93,151.78,52.0,17.9
10.0,15.0,-32.93,151.78,52.0,21.0
10.0,3.0,-32.93,151.78,52.0,17.5
10.0,12.0,-32.93,151.78,52.0,25.7
10.0,9.0,-32.93,151.78,52.0,20.7
10.0,15.0,-32.93,151.78,52.0,23.6
10.0,3.0,-32.93,151.78,52.0,18.5
10.0,12.0,-32.93,151.78,52.0,19.4
10.0,9.0,-32.93,151.78,52.0,18.7
10.0,15.0,-32.93,151.78,52.0,19.0
