8.0,3.0,-32.93,151.78,52.0,12.7
8.0,12.0,-32.93,151.78,52.0,17.6
8.0,9.0,-32.93,151.78,52.0,13.2
8.0,15.0,-32.93,151.78,52.0,16.5
8.0,3.0,-32.93,151.78,52.0,12.9
8.0,12.0,-32.93,151.78,52.0,16.9
8.0,9.0,-32.93,151.78,52.0,16.0
8.0,15.0,-32.93,151.78,52.0,16.6
8.0,3.0,-32.93,151.78,52.0,12.2
8.0,12.0,-32.93,151.78,52.0,16.6
8.0,9.0,-32.93,151.78,52.0,15.6
8.0,15.0,-32.93,151.78,52.0,13.9
8.0,3.0,-32.93,151.78,52.0,11.2
8.0,12.0,-32.93,151.78,52.0,16.3
8.0,9.0,-32.93,151.78,52.0,11.7
8.0,15.0,-32.93,151.78,52.0,15.0
8.0,3.0,-32.93,151.78,52.0,11.4
8.0,12.0,-32.93,151.78,52.0,13.7
8.0,9.0,-32.93,151.78,52.0,12.3
8.0,15.0,-32.93,151.78,52.0,13.1
8.0,3.0,-32.93,151.78,52.0,10.9
8.0,12.0,-32.93,151.78,52.0,17.6
8.0,9.0,-32.93,151.78,52.0,12.8
8.0,15.0,-32.93,151.78,52.0,16.5
8.0,3.0,-32.93,151.78,52.0,8.2
8.0,12.0,-32.93,151.78,52.0,17.6
8.0,9.0,-32.93,151.78,52.0,12.5
8.0,15.0,-32.93,151.78,52.0,16.9
8.0,3.0,-32.93,151.78,52.0,7.7
8.0,12.0,-32.93,151.78,52.0,20.1
8.0,9.0,-32.93,151.78,52.0,11.7
8.0,15.0,-32.93,151.78,52.0,17.7
8.0,3.0,-32.93,151.78,52.0,11.7
8.0,12.0,-32.93,151.78,52.0,24.3
8.0,9.0,-32.93,151.78,52.0,15.8
8.0,15.0,-32.93,151.78,52.0,23.8
8.0,3.0,-32.93,151.78,52.0,13.6
8.0,12.0,-32.93,151.78,52.0,20.8
8.0,9.0,-32.93,151.78,52.0,16.9
8.0,15.0,-32.93,151.78,52.0,20.5
8.0,3.0,-32.93,151.78,52.0,8.2
8.0,12.0,-32.93,151.78,52.0,19.3
8.0,9.0,-32.93,151.78,52.0,13.0
8.0,15.0,-32.93,151.78,52.0,19.1
8.0,3.0,-32.93,151.78,52.0,8.9
8.0,12.0,-32.93,151.78,52.0,18.7
8.0,9.0,-32.93,151.78,52.0,12.8
8.0,15.0,-32.93,151.78,52.0,17.8
8.0,3.0,-32.93,151.78,52.0,9.1
8.0,12.0,-32.93,151.78,52.0,18.6
8.0,9.0,-32.93,151.78,52.0,15.4
8.0,15.0,-32.93,151.78,52.0,17.0
8.0,3.0,-32.93,151.78,52.0,9.5
8.0,12.0,-32.93,151.78,52.0,19.8
8.0,9.0,-32.93,151.78,52.0,14.6
8.0,15.0,-32.93,151.78,52.0,18.6
8.0,3.0,-32.93,151.78,52.0,9.4
8.0,12.0,-32.93,151.78,52.0,21.4
8.0,9.0,-32.93,151.78,52.0,13.5
8.0,15.0,-32.93,151.78,52.0,18.7
8.0,3.0,-32.93,151.78,52.0,10.5
8.0,12.0,-32.93,151.78,52.0,23.7
8.0,9.0,-32.93,151.78,52.0,16.2
8.0,15.0,-32.93,151.78,52.0,23.3
8.0,3.0,-32.93,151.78,52.0,10.9
8.0,12.0,-32.93,151.78,52.0,23.8
8.0,9.0,-32.93,151.78,52.0,15.6
8.0,15.0,-32.93,151.78,52.0,19.7
8.0,3.0,-32.93,151.78,52.0,10.4
8.0,12.0,-32.93,151.78,52.0,22.8
8.0,9.0,-32.93,151.78,52.0,15.0
8.0,15.0,-32.93,151.78,52.0,19.6
8.0,3.0,-32.93,151.78,52.0,12.9
8.0,12.0,-32.93,151.78,52.0,19.1
8.0,9.0,-32.93,151.78,52.0,14.7
8.0,15.0,-32.93,151.78,52.0,18.2
8.0,3.0,-32.93,151.78,52.0,7.9
8.0,12.0,-32.93,151.78,52.0,18.2
8.0,9.0,-32.93,151.78,52.0,12.8
8.0,15.0,-32.93,151.78,52.0,16.3
8.0,3.0,-32.93,151.78,52.0,7.5
8.0,12.0,-32.93,151.78,52.0,14.0
8.0,9.0,-32.93,151.78,52.0,9.6
8.0,15.0,-32.93,151.78,52.0,13.2
8.0,3.0,-32.93,151.78,52.0,9.7
8.0,12.0,-32.93,151.78,52.0,15.9
8.0,9.0,-32.93,151.78,52.0,13.7
8.0,15.0,-32.93,151.78,52.0,15.6
8.0,3.0,-32.93,151.78,52.0,12.4
8.0,12.0,-32.93,151.78,52.0,15.9
8.0,9.0,-32.93,151.78,52.0,12.6
8.0,15.0,-32.93,151.78,52.0,15.5
8.0,3.0,-32.93,151.78,52.0,10.3
8.0,12.0,-32.93,151.78,52.0,17.1
8.0,9.0,-32.93,151.78,52.0,11.9
8.0,15.0,-32.93,151.78,52.0,15.5
8.0,3.0,-32.93,151.78,52.0,6.9
8.0,12.0,-32.93,151.78,52.0,16.3
8.0,9.0,-32.93,151.78,52.0,11.5
8.0,15.0,-32.93,151.78,52.0,13.9
8.0,3.0,-32.93,151.78,52.0,10.4
8.0,12.0,-32.93,151.78,52.0,17.3
8.0,9.0,-32.93,151.78,52.0,11.5
8.0,15.0,-32.93,151.78,52.0,16.8
8.0,3.0,-32.93,151.78,52.0,7.9
8.0,12.0,-32.93,151.78,52.0,21.1
8.0,9.0,-32.93,151.78,52.0,12.5
8.0,15.0,-32.93,151.78,52.0,19.4
8.0,3.0,-32.93,151.78,52.0,7.8
8.0,12.0,-32.93,151.78,52.0,20.2
8.0,9.0,-32.93,151.78,52.0,12.9
8.0,15.0,-32.93,151.78,52.0,17.6
8.0,3.0,-32.93,151.78,52.0,11.6
8.0,12.0,-32.93,151.78,52.0,21.0
8.0,9.0,-32.93,151.78,52.0,15.2
8.0,15.0,-32.93,151.78,52.0,18.5
8.0,3.0,-32.93,151.78,52.0,14.6
8.0,12.0,-32.93,151.78,52.0,19.8
8.0,9.0,-32.93,151.78,52.0,15.9
8.0,15.0,-32.93,151.78,52.0,18.9
