2.0,3.0,-32.93,151.78,52.0,20.9
2.0,12.0,-32.93,151.78,52.0,23.8
2.0,9.0,-32.93,151.78,52.0,21.2
2.0,15.0,-32.93,151.78,52.0,22.6
2.0,3.0,-32.93,151.78,52.0,21.1
2.0,12.0,-32.93,151.78,52.0,23.6
2.0,9.0,-32.93,151.78,52.0,23.2
2.0,15.0,-32.93,151.78,52.0,23.0
2.0,3.0,-32.93,151.78,52.0,21.7
2.0,12.0,-32.93,151.78,52.0,24.7
2.0,9.0,-32.93,151.78,52.0,23.1
2.0,15.0,-32.93,151.78,52.0,23.7
2.0,3.0,-32.93,151.78,52.0,23.1
2.0,12.0,-32.93,151.78,52.0,28.8
2.0,9.0,-32.93,151.78,52.0,24.6
2.0,15.0,-32.93,151.78,52.0,26.0
2.0,3.0,-32.93,151.78,52.0,24.3
2.0,12.0,-32.93,151.78,52.0,32.1
2.0,9.0,-32.93,151.78,52.0,26.6
2.0,15.0,-32.93,151.78,52.0,26.7
2.0,3.0,-32.93,151.78,52.0,24.6
2.0,12.0,-32.93,151.78,52.0,32.6
2.0,9.0,-32.93,151.78,52.0,27.8
2.0,15.0,-32.93,151.78,52.0,25.9
2.0,3.0,-32.93,151.78,52.0,23.4
2.0,12.0,-32.93,151.78,52.0,26.6
2.0,9.0,-32.93,151.78,52.0,25.4
2.0,15.0,-32.93,151.78,52.0,24.6
2.0,3.0,-32.93,151.78,52.0,21.7
2.0,12.0,-32.93,151.78,52.0,26.0
2.0,9.0,-32.93,151.78,52.0,24.2
2.0,15.0,-32.93,151.78,52.0,25.4
2.0,3.0,-32.93,151.78,52.0,22.5
2.0,12.0,-32.93,151.78,52.0,27.5
2.0,9.0,-32.93,151.78,52.0,25.1
2.0,15.0,-32.93,151.78,52.0,26.0
2.0,3.0,-32.93,151.78,52.0,21.9
2.0,12.0,-32.93,151.78,52.0,32.7
2.0,9.0,-32.93,151.78,52.0,25.8
2.0,15.0,-32.93,151.78,52.0,27.7
2.0,3.0,-32.93,151.78,52.0,23.7
2.0,12.0,-32.93,151.78,52.0,36.4
2.0,9.0,-32.93,151.78,52.0,26.6
2.0,15.0,-32.93,151.78,52.0,26.6
2.0,3.0,-32.93,151.78,52.0,23.5
2.0,12.0,-32.93,151.78,52.0,30.8
2.0,9.0,-32.93,151.78,52.0,27.8
2.0,15.0,-32.93,151.78,52.0,24.8
2.0,3.0,-32.93,151.78,52.0,20.0
2.0,12.0,-32.93,151.78,52.0,24.0
2.0,9.0,-32.93,151.78,52.0,21.7
2.0,15.0,-32.93,151.78,52.0,23.7
2.0,3.0,-32.93,151.78,52.0,21.1
2.0,12.0,-32.93,151.78,52.0,23.8
2.0,9.0,-32.93,151.78,52.0,23.3
2.0,15.0,-32.93,151.78,52.0,23.2
2.0,3.0,-32.93,151.78,52.0,18.9
2.0,12.0,-32.93,151.78,52.0,24.5
2.0,9.0,-32.93,151.78,52.0,22.0
2.0,15.0,-32.93,151.78,52.0,24.0
2.0,3.0,-32.93,151.78,52.0,20.1
2.0,12.0,-32.93,151.78,52.0,27.4
2.0,9.0,-32.93,151.78,52.0,22.5
2.0,15.0,-32.93,151.78,52.0,24.6
2.0,3.0,-32.93,151.78,52.0,22.3
2.0,12.0,-32.93,151.78,52.0,30.2
2.0,9.0,-32.93,151.78,52.0,24.4
2.0,15.0,-32.93,151.78,52.0,25.0
2.0,3.0,-32.93,151.78,52.0,21.4
2.0,12.0,-32.93,151.78,52.0,32.1
2.0,9.0,-32.93,151.78,52.0,23.9
2.0,15.0,-32.93,151.78,52.0,23.8
2.0,3.0,-32.93,151.78,52.0,19.8
2.0,12.0,-32.93,151.78,52.0,21.3
2.0,9.0,-32.93,151.78,52.0,19.9
2.0,15.0,-32.93,151.78,52.0,20.3
2.0,3.0,-32.93,151.78,52.0,18.1
2.0,12.0,-32.93,151.78,52.0,26.8
2.0,9.0,-32.93,151.78,52.0,20.5
2.0,15.0,-32.93,151.78,52.0,22.8
2.0,3.0,-32.93,151.78,52.0,18.9
2.0,12.0,-32.93,151.78,52.0,24.2
2.0,9.0,-32.93,151.78,52.0,20.8
2.0,15.0,-32.93,151.78,52.0,23.9
2.0,3.0,-32.93,151.78,52.0,20.4
2.0,12.0,-32.93,151.78,52.0,25.1
2.0,9.0,-32.93,151.78,52.0,22.5
2.0,15.0,-32.93,151.78,52.0,23.9
2.0,3.0,-32.93,151.78,52.0,19.8
2.0,12.0,-32.93,151.78,52.0,26.3
2.0,9.0,-32.93,151.78,52.0,22.0
2.0,15.0,-32.93,151.78,52.0,23.3
2.0,3.0,-32.93,151.78,52.0,19.6
2.0,12.0,-32.93,151.78,52.0,23.6
2.0,9.0,-32.93,151.78,52.0,21.2
2.0,15.0,-32.93,151.78,52.0,23.0
2.0,3.0,-32.93,151.78,52.0,20.1
2.0,12.0,-32.93,151.78,52.0,23.2
2.0,9.0,-32.93,151.78,52.0,21.5
2.0,15.0,-32.93,151.78,52.0,22.4
2.0,3.0,-32.93,151.78,52.0,20.2
2.0,12.0,-32.93,151.78,52.0,23.1
2.0,9.0,-32.93,151.78,52.0,22.6
2.0,15.0,-32.93,151.78,52.0,21.6
2.0,3.0,-32.93,151.78,52.0,19.3
2.0,12.0,-32.93,151.78,52.0,24.2
2.0,9.0,-32.93,151.78,52.0,22.8
2.0,15.0,-32.93,151.78,52.0,23.4
2.0,3.0,-32.93,151.78,52.0,19.6
2.0,12.0,-32.93,151.78,52.0,24.2
2.0,9.0,-32.93,151.78,52.0,21.4
2.0,15.0,-32.93,151.78,52.0,22.9
