6.0,3.0,-32.93,151.78,52.0,10.8
6.0,12.0,-32.93,151.78,52.0,16.3
6.0,9.0,-32.93,151.78,52.0,13.1
6.0,15.0,-32.93,151.78,52.0,15.8
6.0,3.0,-32.93,151.78,52.0,11.6
6.0,12.0,-32.93,151.78,52.0,17.7
6.0,9.0,-32.93,151.78,52.0,14.2
6.0,15.0,-32.93,151.78,52.0,15.2
6.0,3.0,-32.93,151.78,52.0,13.0
6.0,12.0,-32.93,151.78,52.0,17.0
6.0,9.0,-32.93,151.78,52.0,14.3
6.0,15.0,-32.93,151.78,52.0,15.6
6.0,3.0,-32.93,151.78,52.0,13.3
6.0,12.0,-32.93,151.78,52.0,17.7
6.0,9.0,-32.93,151.78,52.0,13.8
6.0,15.0,-32.93,151.78,52.0,17.1
6.0,3.0,-32.93,151.78,52.0,9.1
6.0,12.0,-32.93,151.78,52.0,19.6
6.0,9.0,-32.93,151.78,52.0,11.1
6.0,15.0,-32.93,151.78,52.0,16.8
6.0,3.0,-32.93,151.78,52.0,8.3
6.0,12.0,-32.93,151.78,52.0,16.9
6.0,9.0,-32.93,151.78,52.0,11.4
6.0,15.0,-32.93,151.78,52.0,15.9
6.0,3.0,-32.93,151.78,52.0,10.4
6.0,12.0,-32.93,151.78,52.0,17.0
6.0,9.0,-32.93,151.78,52.0,11.4
6.0,15.0,-32.93,151.78,52.0,13.4
6.0,3.0,-32.93,151.78,52.0,11.0
6.0,12.0,-32.93,151.78,52.0,18.8
6.0,9.0,-32.93,151.78,52.0,16.5
6.0,15.0,-32.93,151.78,52.0,17.1
6.0,3.0,-32.93,151.78,52.0,14.4
6.0,12.0,-32.93,151.78,52.0,18.7
6.0,9.0,-32.93,151.78,52.0,14.7
6.0,15.0,-32.93,151.78,52.0,15.1
6.0,3.0,-32.93,151.78,52.0,13.1
6.0,12.0,-32.93,151.78,52.0,18.7
6.0,9.0,-32.93,151.78,52.0,18.0
6.0,15.0,-32.93,151.78,52.0,17.9
6.0,3.0,-32.93,151.78,52.0,14.1
6.0,12.0,-32.93,151.78,52.0,17.8
6.0,9.0,-32.93,151.78,52.0,14.7
6.0,15.0,-32.93,151.78,52.0,16.9
6.0,3.0,-32.93,151.78,52.0,11.2
6.0,12.0,-32.93,151.78,52.0,20.9
6.0,9.0,-32.93,151.78,52.0,14.5
6.0,15.0,-32.93,151.78,52.0,18.6
6.0,3.0,-32.93,151.78,52.0,14.5
6.0,12.0,-32.93,151.78,52.0,19.8
6.0,9.0,-32.93,151.78,52.0,18.9
6.0,15.0,-32.93,151.78,52.0,18.5
6.0,3.0,-32.93,151.78,52.0,14.8
6.0,12.0,-32.93,151.78,52.0,19.3
6.0,9.0,-32.93,151.78,52.0,15.4
6.0,15.0,-32.93,151.78,52.0,18.6
6.0,3.0,-32.93,151.78,52.0,12.1
6.0,12.0,-32.93,151.78,52.0,19.8
6.0,9.0,-32.93,151.78,52.0,13.5
6.0,15.0,-32.93,151.78,52.0,19.3
6.0,3.0,-32.93,151.78,52.0,12.1
6.0,12.0,-32.93,151.78,52.0,19.1
6.0,9.0,-32.93,151.78,52.0,13.4
6.0,15.0,-32.93,151.78,52.0,17.4
6.0,3.0,-32.93,151.78,52.0,13.4
6.0,12.0,-32.93,151.78,52.0,18.9
6.0,9.0,-32.93,151.78,52.0,15.2
6.0,15.0,-32.93,151.78,52.0,17.7
6.0,3.0,-32.93,151.78,52.0,14.3
6.0,12.0,-32.93,151.78,52.0,18.8
6.0,9.0,-32.93,151.78,52.0,15.5
6.0,15.0,-32.93,151.78,52.0,17.8
6.0,3.0,-32.93,151.78,52.0,14.3
6.0,12.0,-32.93,151.78,52.0,18.8
6.0,9.0,-32.93,151.78,52.0,15.6
6.0,15.0,-32.93,151.78,52.0,17.6
6.0,3.0,-32.93,151.78,52.0,15.4
6.0,12.0,-32.93,151.78,52.0,18.5
6.0,9.0,-32.93,151.78,52.0,16.4
6.0,15.0,-32.93,151.78,52.0,17.8
6.0,3.0,-32.93,151.78,52.0,10.5
6.0,12.0,-32.93,151.78,52.0,18.5
6.0,9.0,-32.93,151.78,52.0,13.8
6.0,15.0,-32.93,151.78,52.0,17.9
6.0,3.0,-32.93,151.78,52.0,13.1
6.0,12.0,-32.93,151.78,52.0,18.0
6.0,9.0,-32.93,151.78,52.0,15.7
6.0,15.0,-32.93,151.78,52.0,17.4
6.0,3.0,-32.93,151.78,52.0,9.7
6.0,12.0,-32.93,151.78,52.0,17.3
6.0,9.0,-32.93,151.78,52.0,11.3
6.0,15.0,-32.93,151.78,52.0,16.4
6.0,3.0,-32.93,151.78,52.0,11.2
6.0,12.0,-32.93,151.78,52.0,20.4
6.0,9.0,-32.93,151.78,52.0,14.6
6.0,15.0,-32.93,151.78,52.0,19.6
6.0,3.0,-32.93,151.78,52.0,10.1
6.0,12.0,-32.93,151.78,52.0,20.8
6.0,9.0,-32.93,151.78,52.0,14.2
6.0,15.0,-32.93,151.78,52.0,19.8
6.0,3.0,-32.93,151.78,52.0,9.5
6.0,12.0,-32.93,151.78,52.0,18.1
6.0,9.0,-32.93,151.78,52.0,13.7
6.0,15.0,-32.93,151.78,52.0,16.8
6.0,3.0,-32.93,151.78,52.0,7.4
6.0,12.0,-32.93,151.78,52.0,17.9
6.0,9.0,-32.93,151.78,52.0,10.6
6.0,15.0,-32.93,151.78,52.0,16.4
6.0,3.0,-32.93,151.78,52.0,9.9
6.0,12.0,-32.93,151.78,52.0,14.8
6.0,9.0,-32.93,151.78,52.0,13.1
6.0,15.0,-32.93,151.78,52.0,13.4
6.0,3.0,-32.93,151.78,52.0,11.6
6.0,12.0,-32.93,151.78,52.0,14.2
6.0,9.0,-32.93,151.78,52.0,12.1
6.0,15.0,-32.93,151.78,52.0,14.0
6.0,3.0,-32.93,151.78,52.0,8.3
6.0,12.0,-32.93,151.78,52.0,15.3
6.0,9.0,-32.93,151.78,52.0,11.7
6.0,15.0,-32.93,151.78,52.0,14.9
