1.0,3.0,-32.93,151.78,52.0,20.9
1.0,12.0,-32.93,151.78,52.0,25.2
1.0,9.0,-32.93,151.78,52.0,21.8
1.0,15.0,-32.93,151.78,52.0,22.9
1.0,3.0,-32.93,151.78,52.0,20.4
1.0,12.0,-32.93,151.78,52.0,22.3
1.0,9.0,-32.93,151.78,52.0,20.7
1.0,15.0,-32.93,151.78,52.0,21.5
1.0,3.0,-32.93,151.78,52.0,19.4
1.0,12.0,-32.93,151.78,52.0,22.6
1.0,9.0,-32.93,151.78,52.0,20.9
1.0,15.0,-32.93,151.78,52.0,22.0
1.0,3.0,-32.93,151.78,52.0,20.3
1.0,12.0,-32.93,151.78,52.0,23.3
1.0,9.0,-32.93,151.78,52.0,21.9
1.0,15.0,-32.93,151.78,52.0,22.6
1.0,3.0,-32.93,151.78,52.0,19.5
1.0,12.0,-32.93,151.78,52.0,23.8
1.0,9.0,-32.93,151.78,52.0,20.6
1.0,15.0,-32.93,151.78,52.0,22.6
1.0,3.0,-32.93,151.78,52.0,20.0
1.0,12.0,-32.93,151.78,52.0,24.1
1.0,9.0,-32.93,151.78,52.0,21.9
1.0,15.0,-32.93,151.78,52.0,23.5
1.0,3.0,-32.93,151.78,52.0,21.1
1.0,12.0,-32.93,151.78,52.0,24.7
1.0,9.0,-32.93,151.78,52.0,23.9
1.0,15.0,-32.93,151.78,52.0,23.4
1.0,3.0,-32.93,151.78,52.0,19.9
1.0,12.0,-32.93,151.78,52.0,27.5
1.0,9.0,-32.93,151.78,52.0,22.8
1.0,15.0,-32.93,151.78,52.0,24.1
1.0,3.0,-32.93,151.78,52.0,19.6
1.0,12.0,-32.93,151.78,52.0,24.9
1.0,9.0,-32.93,151.78,52.0,23.6
1.0,15.0,-32.93,151.78,52.0,24.5
1.0,3.0,-32.93,151.78,52.0,20.1
1.0,12.0,-32.93,151.78,52.0,31.6
1.0,9.0,-32.93,151.78,52.0,24.2
1.0,15.0,-32.93,151.78,52.0,23.2
1.0,3.0,-32.93,151.78,52.0,22.6
1.0,12.0,-32.93,151.78,52.0,37.5
1.0,9.0,-32.93,151.78,52.0,25.9
1.0,15.0,-32.93,151.78,52.0,28.0
1.0,3.0,-32.93,151.78,52.0,21.9
1.0,12.0,-32.93,151.78,52.0,25.7
1.0,9.0,-32.93,151.78,52.0,23.0
1.0,15.0,-32.93,151.78,52.0,25.4
1.0,3.0,-32.93,151.78,52.0,21.7
1.0,12.0,-32.93,151.78,52.0,33.3
1.0,9.0,-32.93,151.78,52.0,24.6
1.0,15.0,-32.93,151.78,52.0,25.0
1.0,3.0,-32.93,151.78,52.0,24.1
1.0,12.0,-32.93,151.78,52.0,31.0
1.0,9.0,-32.93,151.78,52.0,29.2
1.0,15.0,-32.93,151.78,52.0,26.1
1.0,3.0,-32.93,151.78,52.0,21.9
1.0,12.0,-32.93,151.78,52.0,24.8
1.0,9.0,-32.93,151.78,52.0,22.8
1.0,15.0,-32.93,151.78,52.0,24.0
1.0,3.0,-32.93,151.78,52.0,20.7
1.0,12.0,-32.93,151.78,52.0,24.5
1.0,9.0,-32.93,151.78,52.0,23.6
1.0,15.0,-32.93,151.78,52.0,24.0
1.0,3.0,-32.93,151.78,52.0,20.5
1.0,12.0,-32.93,151.78,52.0,36.1
1.0,9.0,-32.93,151.78,52.0,23.1
1.0,15.0,-32.93,151.78,52.0,26.0
1.0,3.0,-32.93,151.78,52.0,23.1
1.0,12.0,-32.93,151.78,52.0,38.3
1.0,9.0,-32.93,151.78,52.0,34.7
1.0,15.0,-32.93,151.78,52.0,24.4
1.0,3.0,-32.93,151.78,52.0,20.0
1.0,12.0,-32.93,151.78,52.0,23.9
1.0,9.0,-32.93,151.78,52.0,20.8
1.0,15.0,-32.93,151.78,52.0,22.8
1.0,3.0,-32.93,151.78,52.0,20.4
1.0,12.0,-32.93,151.78,52.0,28.7
1.0,9.0,-32.93,151.78,52.0,23.8
1.0,15.0,-32.93,151.78,52.0,24.5
1.0,3.0,-32.93,151.78,52.0,21.0
1.0,12.0,-32.93,151.78,52.0,23.2
1.0,9.0,-32.93,151.78,52.0,21.7
1.0,15.0,-32.93,151.78,52.0,22.5
1.0,3.0,-32.93,151.78,52.0,20.4
1.0,12.0,-32.93,151.78,52.0,25.2
1.0,9.0,-32.93,151.78,52.0,22.2
1.0,15.0,-32.93,151.78,52.0,24.1
1.0,3.0,-32.93,151.78,52.0,20.8
1.0,12.0,-32.93,151.78,52.0,31.3
1.0,9.0,-32.93,151.78,52.0,23.2
1.0,15.0,-32.93,151.78,52.0,24.9
1.0,3.0,-32.93,151.78,52.0,21.9
1.0,12.0,-32.93,151.78,52.0,38.7
1.0,9.0,-32.93,151.78,52.0,31.1
1.0,15.0,-32.93,151.78,52.0,33.5
1.0,3.0,-32.93,151.78,52.0,19.3
1.0,12.0,-32.93,151.78,52.0,21.8
1.0,9.0,-32.93,151.78,52.0,20.6
1.0,15.0,-32.93,151.78,52.0,21.5
1.0,3.0,-32.93,151.78,52.0,20.1
1.0,12.0,-32.93,151.78,52.0,23.1
1.0,9.0,-32.93,151.78,52.0,20.6
1.0,15.0,-32.93,151.78,52.0,22.6
1.0,3.0,-32.93,151.78,52.0,20.5
1.0,12.0,-32.93,151.78,52.0,24.8
1.0,9.0,-32.93,151.78,52.0,22.7
1.0,15.0,-32.93,151.78,52.0,24.6
1.0,3.0,-32.93,151.78,52.0,21.2
1.0,12.0,-32.93,151.78,52.0,26.5
1.0,9.0,-32.93,151.78,52.0,24.3
1.0,15.0,-32.93,151.78,52.0,25.3
1.0,3.0,-32.93,151.78,52.0,22.0
1.0,12.0,-32.93,151.78,52.0,25.0
1.0,9.0,-32.93,151.78,52.0,22.8
1.0,15.0,-32.93,151.78,52.0,24.4
1.0,3.0,-32.93,151.78,52.0,22.0
1.0,12.0,-32.93,151.78,52.0,31.9
1.0,9.0,-32.93,151.78,52.0,24.9
1.0,15.0,-32.93,151.78,52.0,27.3
1.0,3.0,-32.93,151.78,52.0,24.8
1.0,12.0,-32.93,151.78,52.0,39.2
1.0,9.0,-32.93,151.78,52.0,31.7
1.0,15.0,-32.93,151.78,52.0,38.3
