12.0,9.0,-34.43,150.89,11.0,68.0
12.0,15.0,-34.43,150.89,11.0,73.0
12.0,9.0,-34.43,150.89,11.0,79.0
12.0,15.0,-34.43,150.89,11.0,73.0
12.0,9.0,-34.43,150.89,11.0,76.0
12.0,15.0,-34.43,150.89,11.0,60.0
12.0,9.0,-34.43,150.89,11.0,70.0
12.0,15.0,-34.43,150.89,11.0,69.0
12.0,9.0,-34.43,150.89,11.0,85.0
12.0,15.0,-34.43,150.89,11.0,78.0
12.0,9.0,-34.43,150.89,11.0,85.0
12.0,15.0,-34.43,150.89,11.0,88.0
12.0,9.0,-34.43,150.89,11.0,80.0
12.0,15.0,-34.43,150.89,11.0,66.0
12.0,9.0,-34.43,150.89,11.0,73.0
12.0,15.0,-34.43,150.89,11.0,80.0
12.0,9.0,-34.43,150.89,11.0,35.0
12.0,15.0,-34.43,150.89,11.0,60.0
12.0,9.0,-34.43,150.89,11.0,60.0
12.0,15.0,-34.43,150.89,11.0,58.0
12.0,9.0,-34.43,150.89,11.0,69.0
12.0,15.0,-34.43,150.89,11.0,71.0
12.0,9.0,-34.43,150.89,11.0,70.0
12.0,15.0,-34.43,150.89,11.0,70.0
12.0,9.0,-34.43,150.89,11.0,30.0
12.0,15.0,-34.43,150.89,11.0,71.0
12.0,9.0,-34.43,150.89,11.0,22.0
12.0,15.0,-34.43,150.89,11.0,24.0
12.0,9.0,-34.43,150.89,11.0,93.0
12.0,15.0,-34.43,150.89,11.0,86.0
12.0,9.0,-34.43,150.89,11.0,93.0
12.0,15.0,-34.43,150.89,11.0,93.0
12.0,9.0,-34.43,150.89,11.0,64.0
12.0,15.0,-34.43,150.89,11.0,29.0
12.0,9.0,-34.43,150.89,11.0,64.0
12.0,15.0,-34.43,150.89,11.0,60.0
12.0,9.0,-34.43,150.89,11.0,59.0
12.0,15.0,-34.43,150.89,11.0,57.0
12.0,9.0,-34.43,150.89,11.0,67.0
12.0,15.0,-34.43,150.89,11.0,72.0
12.0,9.0,-34.43,150.89,11.0,72.0
12.0,15.0,-34.43,150.89,11.0,64.0
12.0,9.0,-34.43,150.89,11.0,78.0
12.0,15.0,-34.43,150.89,11.0,72.0
12.0,9.0,-34.43,150.89,11.0,66.0
12.0,15.0,-34.43,150.89,11.0,68.0
12.0,9.0,-34.43,150.89,11.0,80.0
12.0,15.0,-34.43,150.89,11.0,83.0
12.0,9.0,-34.43,150.89,11.0,78.0
12.0,15.0,-34.43,150.89,11.0,73.0
12.0,9.0,-34.43,150.89,11.0,78.0
12.0,15.0,-34.43,150.89,11.0,76.0
12.0,9.0,-34.43,150.89,11.0,79.0
12.0,15.0,-34.43,150.89,11.0,75.0
12.0,9.0,-34.43,150.89,11.0,82.0
12.0,15.0,-34.43,150.89,11.0,75.0
12.0,9.0,-34.43,150.89,11.0,46.0
12.0,15.0,-34.43,150.89,11.0,59.0
12.0,9.0,-34.43,150.89,11.0,65.0
12.0,15.0,-34.43,150.89,11.0,39.0
12.0,9.0,-34.43,150.89,11.0,88.0
12.0,15.0,-34.43,150.89,11.0,80.0
