8.0,9.0,-34.43,150.89,11.0,59.0
8.0,15.0,-34.43,150.89,11.0,62.0
8.0,9.0,-34.43,150.89,11.0,66.0
8.0,15.0,-34.43,150.89,11.0,89.0
8.0,9.0,-34.43,150.89,11.0,85.0
8.0,15.0,-34.43,150.89,11.0,71.0
8.0,9.0,-34.43,150.89,11.0,92.0
8.0,15.0,-34.43,150.89,11.0,86.0
8.0,9.0,-34.43,150.89,11.0,82.0
8.0,15.0,-34.43,150.89,11.0,74.0
8.0,9.0,-34.43,150.89,11.0,74.0
8.0,15.0,-34.43,150.89,11.0,70.0
8.0,9.0,-34.43,150.89,11.0,65.0
8.0,15.0,-34.43,150.89,11.0,60.0
8.0,9.0,-34.43,150.89,11.0,64.0
8.0,15.0,-34.43,150.89,11.0,52.0
8.0,9.0,-34.43,150.89,11.0,57.0
8.0,15.0,-34.43,150.89,11.0,59.0
8.0,9.0,-34.43,150.89,11.0,57.0
8.0,15.0,-34.43,150.89,11.0,37.0
8.0,9.0,-34.43,150.89,11.0,50.0
8.0,15.0,-34.43,150.89,11.0,28.0
8.0,9.0,-34.43,150.89,11.0,53.0
8.0,15.0,-34.43,150.89,11.0,35.0
8.0,9.0,-34.43,150.89,11.0,44.0
8.0,15.0,-34.43,150.89,11.0,33.0
8.0,9.0,-34.43,150.89,11.0,44.0
8.0,15.0,-34.43,150.89,11.0,50.0
8.0,9.0,-34.43,150.89,11.0,61.0
8.0,15.0,-34.43,150.89,11.0,64.0
8.0,9.0,-34.43,150.89,11.0,62.0
8.0,15.0,-34.43,150.89,11.0,73.0
8.0,9.0,-34.43,150.89,11.0,50.0
8.0,15.0,-34.43,150.89,11.0,71.0
8.0,9.0,-34.43,150.89,11.0,45.0
8.0,15.0,-34.43,150.89,11.0,62.0
8.0,9.0,-34.43,150.89,11.0,47.0
8.0,15.0,-34.43,150.89,11.0,41.0
8.0,9.0,-34.43,150.89,11.0,47.0
8.0,15.0,-34.43,150.89,11.0,39.0
8.0,9.0,-34.43,150.89,11.0,50.0
8.0,15.0,-34.43,150.89,11.0,35.0
8.0,9.0,-34.43,150.89,11.0,56.0
8.0,15.0,-34.43,150.89,11.0,55.0
8.0,9.0,-34.43,150.89,11.0,61.0
8.0,15.0,-34.43,150.89,11.0,62.0
8.0,9.0,-34.43,150.89,11.0,84.0
8.0,15.0,-34.43,150.89,11.0,92.0
8.0,9.0,-34.43,150.89,11.0,61.0
8.0,15.0,-34.43,150.89,11.0,60.0
8.0,9.0,-34.43,150.89,11.0,54.0
8.0,15.0,-34.43,150.89,11.0,60.0
8.0,9.0,-34.43,150.89,11.0,48.0
8.0,15.0,-34.43,150.89,11.0,45.0
8.0,9.0,-34.43,150.89,11.0,43.0
8.0,15.0,-34.43,150.89,11.0,34.0
8.0,9.0,-34.43,150.89,11.0,54.0
8.0,15.0,-34.43,150.89,11.0,55.0
8.0,9.0,-34.43,150.89,11.0,71.0
8.0,15.0,-34.43,150.89,11.0,76.0
8.0,9.0,-34.43,150.89,11.0,72.0
8.0,15.0,-34.43,150.89,11.0,55.0
