7.0,9.0,-34.43,150.89,11.0,52.0
7.0,15.0,-34.43,150.89,11.0,56.0
7.0,9.0,-34.43,150.89,11.0,56.0
7.0,15.0,-34.43,150.89,11.0,46.0
7.0,9.0,-34.43,150.89,11.0,54.0
7.0,15.0,-34.43,150.89,11.0,66.0
7.0,9.0,-34.43,150.89,11.0,74.0
7.0,15.0,-34.43,150.89,11.0,45.0
7.0,9.0,-34.43,150.89,11.0,59.0
7.0,15.0,-34.43,150.89,11.0,31.0
7.0,9.0,-34.43,150.89,11.0,52.0
7.0,15.0,-34.43,150.89,11.0,36.0
7.0,9.0,-34.43,150.89,11.0,56.0
7.0,15.0,-34.43,150.89,11.0,29.0
7.0,9.0,-34.43,150.89,11.0,52.0
7.0,15.0,-34.43,150.89,11.0,41.0
7.0,9.0,-34.43,150.89,11.0,46.0
7.0,15.0,-34.43,150.89,11.0,33.0
7.0,9.0,-34.43,150.89,11.0,52.0
7.0,15.0,-34.43,150.89,11.0,38.0
7.0,9.0,-34.43,150.89,11.0,46.0
7.0,15.0,-34.43,150.89,11.0,53.0
7.0,9.0,-34.43,150.89,11.0,64.0
7.0,15.0,-34.43,150.89,11.0,67.0
7.0,9.0,-34.43,150.89,11.0,73.0
7.0,15.0,-34.43,150.89,11.0,53.0
7.0,9.0,-34.43,150.89,11.0,65.0
7.0,15.0,-34.43,150.89,11.0,49.0
7.0,9.0,-34.43,150.89,11.0,50.0
7.0,15.0,-34.43,150.89,11.0,32.0
7.0,9.0,-34.43,150.89,11.0,49.0
7.0,15.0,-34.43,150.89,11.0,42.0
7.0,9.0,-34.43,150.89,11.0,66.0
7.0,15.0,-34.43,150.89,11.0,47.0
7.0,9.0,-34.43,150.89,11.0,49.0
7.0,15.0,-34.43,150.89,11.0,35.0
7.0,9.0,-34.43,150.89,11.0,51.0
7.0,15.0,-34.43,150.89,11.0,37.0
7.0,9.0,-34.43,150.89,11.0,42.0
7.0,15.0,-34.43,150.89,11.0,34.0
7.0,9.0,-34.43,150.89,11.0,51.0
7.0,15.0,-34.43,150.89,11.0,44.0
7.0,9.0,-34.43,150.89,11.0,44.0
7.0,15.0,-34.43,150.89,11.0,18.0
7.0,9.0,-34.43,150.89,11.0,27.0
7.0,15.0,-34.43,150.89,11.0,27.0
7.0,9.0,-34.43,150.89,11.0,48.0
7.0,15.0,-34.43,150.89,11.0,29.0
7.0,9.0,-34.43,150.89,11.0,55.0
7.0,15.0,-34.43,150.89,11.0,28.0
7.0,9.0,-34.43,150.89,11.0,41.0
7.0,15.0,-34.43,150.89,11.0,29.0
7.0,9.0,-34.43,150.89,11.0,53.0
7.0,15.0,-34.43,150.89,11.0,48.0
7.0,9.0,-34.43,150.89,11.0,61.0
7.0,15.0,-34.43,150.89,11.0,29.0
7.0,9.0,-34.43,150.89,11.0,42.0
7.0,15.0,-34.43,150.89,11.0,32.0
7.0,9.0,-34.43,150.89,11.0,33.0
7.0,15.0,-34.43,150.89,11.0,23.0
7.0,9.0,-34.43,150.89,11.0,72.0
7.0,15.0,-34.43,150.89,11.0,90.0
