11.0,9.0,-34.43,150.89,11.0,29.0
11.0,15.0,-34.43,150.89,11.0,40.0
11.0,9.0,-34.43,150.89,11.0,30.0
11.0,15.0,-34.43,150.89,11.0,43.0
11.0,9.0,-34.43,150.89,11.0,40.0
11.0,15.0,-34.43,150.89,11.0,70.0
11.0,9.0,-34.43,150.89,11.0,47.0
11.0,15.0,-34.43,150.89,11.0,16.0
11.0,9.0,-34.43,150.89,11.0,17.0
11.0,15.0,-34.43,150.89,11.0,21.0
11.0,9.0,-34.43,150.89,11.0,28.0
11.0,15.0,-34.43,150.89,11.0,43.0
11.0,9.0,-34.43,150.89,11.0,35.0
11.0,15.0,-34.43,150.89,11.0,65.0
11.0,9.0,-34.43,150.89,11.0,80.0
11.0,15.0,-34.43,150.89,11.0,79.0
11.0,9.0,-34.43,150.89,11.0,87.0
11.0,15.0,-34.43,150.89,11.0,86.0
11.0,9.0,-34.43,150.89,11.0,85.0
11.0,15.0,-34.43,150.89,11.0,74.0
11.0,9.0,-34.43,150.89,11.0,74.0
11.0,15.0,-34.43,150.89,11.0,64.0
11.0,9.0,-34.43,150.89,11.0,84.0
11.0,15.0,-34.43,150.89,11.0,78.0
11.0,9.0,-34.43,150.89,11.0,33.0
11.0,15.0,-34.43,150.89,11.0,17.0
11.0,9.0,-34.43,150.89,11.0,37.0
11.0,15.0,-34.43,150.89,11.0,71.0
11.0,9.0,-34.43,150.89,11.0,62.0
11.0,15.0,-34.43,150.89,11.0,53.0
11.0,9.0,-34.43,150.89,11.0,64.0
11.0,15.0,-34.43,150.89,11.0,70.0
11.0,9.0,-34.43,150.89,11.0,66.0
11.0,15.0,-34.43,150.89,11.0,66.0
11.0,9.0,-34.43,150.89,11.0,43.0
11.0,15.0,-34.43,150.89,11.0,73.0
11.0,9.0,-34.43,150.89,11.0,80.0
11.0,15.0,-34.43,150.89,11.0,74.0
11.0,9.0,-34.43,150.89,11.0,75.0
11.0,15.0,-34.43,150.89,11.0,69.0
11.0,9.0,-34.43,150.89,11.0,82.0
11.0,15.0,-34.43,150.89,11.0,80.0
11.0,9.0,-34.43,150.89,11.0,71.0
11.0,15.0,-34.43,150.89,11.0,76.0
11.0,9.0,-34.43,150.89,11.0,72.0
11.0,15.0,-34.43,150.89,11.0,87.0
11.0,9.0,-34.43,150.89,11.0,43.0
11.0,15.0,-34.43,150.89,11.0,54.0
11.0,9.0,-34.43,150.89,11.0,37.0
11.0,15.0,-34.43,150.89,11.0,59.0
11.0,9.0,-34.43,150.89,11.0,62.0
11.0,15.0,-34.43,150.89,11.0,65.0
11.0,9.0,-34.43,150.89,11.0,78.0
11.0,15.0,-34.43,150.89,11.0,71.0
11.0,9.0,-34.43,150.89,11.0,71.0
11.0,15.0,-34.43,150.89,11.0,76.0
11.0,9.0,-34.43,150.89,11.0,75.0
11.0,15.0,-34.43,150.89,11.0,76.0
11.0,9.0,-34.43,150.89,11.0,69.0
11.0,15.0,-34.43,150.89,11.0,70.0
