10.0,9.0,-34.43,150.89,11.0,50.0
10.0,15.0,-34.43,150.89,11.0,37.0
10.0,9.0,-34.43,150.89,11.0,52.0
10.0,15.0,-34.43,150.89,11.0,66.0
10.0,9.0,-34.43,150.89,11.0,56.0
10.0,15.0,-34.43,150.89,11.0,19.0
10.0,9.0,-34.43,150.89,11.0,39.0
10.0,15.0,-34.43,150.89,11.0,29.0
10.0,9.0,-34.43,150.89,11.0,40.0
10.0,15.0,-34.43,150.89,11.0,22.0
10.0,9.0,-34.43,150.89,11.0,39.0
10.0,15.0,-34.43,150.89,11.0,50.0
10.0,9.0,-34.43,150.89,11.0,42.0
10.0,15.0,-34.43,150.89,11.0,23.0
10.0,9.0,-34.43,150.89,11.0,77.0
10.0,15.0,-34.43,150.89,11.0,78.0
10.0,9.0,-34.43,150.89,11.0,51.0
10.0,15.0,-34.43,150.89,11.0,63.0
10.0,9.0,-34.43,150.89,11.0,62.0
10.0,15.0,-34.43,150.89,11.0,34.0
10.0,9.0,-34.43,150.89,11.0,32.0
10.0,15.0,-34.43,150.89,11.0,27.0
10.0,9.0,-34.43,150.89,11.0,45.0
10.0,15.0,-34.43,150.89,11.0,42.0
10.0,9.0,-34.43,150.89,11.0,63.0
10.0,15.0,-34.43,150.89,11.0,57.0
10.0,9.0,-34.43,150.89,11.0,53.0
10.0,15.0,-34.43,150.89,11.0,50.0
10.0,9.0,-34.43,150.89,11.0,42.0
10.0,15.0,-34.43,150.89,11.0,66.0
10.0,9.0,-34.43,150.89,11.0,52.0
10.0,15.0,-34.43,150.89,11.0,65.0
10.0,9.0,-34.43,150.89,11.0,48.0
10.0,15.0,-34.43,150.89,11.0,60.0
10.0,9.0,-34.43,150.89,11.0,49.0
10.0,15.0,-34.43,150.89,11.0,25.0
10.0,9.0,-34.43,150.89,11.0,34.0
10.0,15.0,-34.43,150.89,11.0,63.0
10.0,9.0,-34.43,150.89,11.0,64.0
10.0,15.0,-34.43,150.89,11.0,62.0
10.0,9.0,-34.43,150.89,11.0,71.0
10.0,15.0,-34.43,150.89,11.0,79.0
10.0,9.0,-34.43,150.89,11.0,89.0
10.0,15.0,-34.43,150.89,11.0,83.0
10.0,9.0,-34.43,150.89,11.0,47.0
10.0,15.0,-34.43,150.89,11.0,62.0
10.0,9.0,-34.43,150.89,11.0,45.0
10.0,15.0,-34.43,150.89,11.0,51.0
10.0,9.0,-34.43,150.89,11.0,49.0
10.0,15.0,-34.43,150.89,11.0,61.0
10.0,9.0,-34.43,150.89,11.0,47.0
10.0,15.0,-34.43,150.89,11.0,54.0
10.0,9.0,-34.43,150.89,11.0,77.0
10.0,15.0,-34.43,150.89,11.0,75.0
10.0,9.0,-34.43,150.89,11.0,92.0
10.0,15.0,-34.43,150.89,11.0,87.0
10.0,9.0,-34.43,150.89,11.0,88.0
10.0,15.0,-34.43,150.89,11.0,81.0
10.0,9.0,-34.43,150.89,11.0,83.0
10.0,15.0,-34.43,150.89,11.0,55.0
10.0,9.0,-34.43,150.89,11.0,26.0
10.0,15.0,-34.43,150.89,11.0,19.0
