4.0,9.0,-34.43,150.89,11.0,70.0
4.0,15.0,-34.43,150.89,11.0,57.0
4.0,9.0,-34.43,150.89,11.0,80.0
4.0,15.0,-34.43,150.89,11.0,62.0
4.0,9.0,-34.43,150.89,11.0,87.0
4.0,15.0,-34.43,150.89,11.0,85.0
4.0,9.0,-34.43,150.89,11.0,76.0
4.0,15.0,-34.43,150.89,11.0,62.0
4.0,9.0,-34.43,150.89,11.0,78.0
4.0,15.0,-34.43,150.89,11.0,55.0
4.0,9.0,-34.43,150.89,11.0,59.0
4.0,15.0,-34.43,150.89,11.0,52.0
4.0,9.0,-34.43,150.89,11.0,60.0
4.0,15.0,-34.43,150.89,11.0,42.0
4.0,9.0,-34.43,150.89,11.0,59.0
4.0,15.0,-34.43,150.89,11.0,66.0
4.0,9.0,-34.43,150.89,11.0,62.0
4.0,15.0,-34.43,150.89,11.0,64.0
4.0,9.0,-34.43,150.89,11.0,56.0
4.0,15.0,-34.43,150.89,11.0,50.0
4.0,9.0,-34.43,150.89,11.0,54.0
4.0,15.0,-34.43,150.89,11.0,59.0
4.0,9.0,-34.43,150.89,11.0,68.0
4.0,15.0,-34.43,150.89,11.0,87.0
4.0,9.0,-34.43,150.89,11.0,70.0
4.0,15.0,-34.43,150.89,11.0,58.0
4.0,9.0,-34.43,150.89,11.0,63.0
4.0,15.0,-34.43,150.89,11.0,59.0
4.0,9.0,-34.43,150.89,11.0,73.0
4.0,15.0,-34.43,150.89,11.0,64.0
4.0,9.0,-34.43,150.89,11.0,67.0
4.0,15.0,-34.43,150.89,11.0,50.0
4.0,9.0,-34.43,150.89,11.0,63.0
4.0,15.0,-34.43,150.89,11.0,62.0
4.0,9.0,-34.43,150.89,11.0,66.0
4.0,15.0,-34.43,150.89,11.0,65.0
4.0,9.0,-34.43,150.89,11.0,65.0
4.0,15.0,-34.43,150.89,11.0,68.0
4.0,9.0,-34.43,150.89,11.0,82.0
4.0,15.0,-34.43,150.89,11.0,66.0
4.0,9.0,-34.43,150.89,11.0,60.0
4.0,15.0,-34.43,150.89,11.0,72.0
4.0,9.0,-34.43,150.89,11.0,78.0
4.0,15.0,-34.43,150.89,11.0,77.0
4.0,9.0,-34.43,150.89,11.0,77.0
4.0,15.0,-34.43,150.89,11.0,71.0
4.0,9.0,-34.43,150.89,11.0,74.0
4.0,15.0,-34.43,150.89,11.0,73.0
4.0,9.0,-34.43,150.89,11.0,73.0
4.0,15.0,-34.43,150.89,11.0,69.0
4.0,9.0,-34.43,150.89,11.0,54.0
4.0,15.0,-34.43,150.89,11.0,52.0
4.0,9.0,-34.43,150.89,11.0,46.0
4.0,15.0,-34.43,150.89,11.0,58.0
4.0,9.0,-34.43,150.89,11.0,49.0
4.0,15.0,-34.43,150.89,11.0,53.0
4.0,9.0,-34.43,150.89,11.0,55.0
4.0,15.0,-34.43,150.89,11.0,57.0
4.0,9.0,-34.43,150.89,11.0,63.0
4.0,15.0,-34.43,150.89,11.0,64.0
