3.0,9.0,-34.43,150.89,11.0,80.0
3.0,15.0,-34.43,150.89,11.0,71.0
3.0,9.0,-34.43,150.89,11.0,92.0
3.0,15.0,-34.43,150.89,11.0,75.0
3.0,9.0,-34.43,150.89,11.0,91.0
3.0,15.0,-34.43,150.89,11.0,92.0
3.0,9.0,-34.43,150.89,11.0,90.0
3.0,15.0,-34.43,150.89,11.0,89.0
3.0,9.0,-34.43,150.89,11.0,90.0
3.0,15.0,-34.43,150.89,11.0,74.0
3.0,9.0,-34.43,150.89,11.0,64.0
3.0,15.0,-34.43,150.89,11.0,65.0
3.0,9.0,-34.43,150.89,11.0,71.0
3.0,15.0,-34.43,150.89,11.0,74.0
3.0,9.0,-34.43,150.89,11.0,76.0
3.0,15.0,-34.43,150.89,11.0,59.0
3.0,9.0,-34.43,150.89,11.0,70.0
3.0,15.0,-34.43,150.89,11.0,59.0
3.0,9.0,-34.43,150.89,11.0,72.0
3.0,15.0,-34.43,150.89,11.0,67.0
3.0,9.0,-34.43,150.89,11.0,69.0
3.0,15.0,-34.43,150.89,11.0,62.0
3.0,9.0,-34.43,150.89,11.0,70.0
3.0,15.0,-34.43,150.89,11.0,69.0
3.0,9.0,-34.43,150.89,11.0,79.0
3.0,15.0,-34.43,150.89,11.0,75.0
3.0,9.0,-34.43,150.89,11.0,80.0
3.0,15.0,-34.43,150.89,11.0,81.0
3.0,9.0,-34.43,150.89,11.0,85.0
3.0,15.0,-34.43,150.89,11.0,77.0
3.0,9.0,-34.43,150.89,11.0,93.0
3.0,15.0,-34.43,150.89,11.0,96.0
3.0,9.0,-34.43,150.89,11.0,81.0
3.0,15.0,-34.43,150.89,11.0,81.0
3.0,9.0,-34.43,150.89,11.0,84.0
3.0,15.0,-34.43,150.89,11.0,84.0
3.0,9.0,-34.43,150.89,11.0,93.0
3.0,15.0,-34.43,150.89,11.0,87.0
3.0,9.0,-34.43,150.89,11.0,93.0
3.0,15.0,-34.43,150.89,11.0,89.0
3.0,9.0,-34.43,150.89,11.0,93.0
3.0,15.0,-34.43,150.89,11.0,91.0
3.0,9.0,-34.43,150.89,11.0,82.0
3.0,15.0,-34.43,150.89,11.0,72.0
3.0,9.0,-34.43,150.89,11.0,79.0
3.0,15.0,-34.43,150.89,11.0,92.0
3.0,9.0,-34.43,150.89,11.0,85.0
3.0,15.0,-34.43,150.89,11.0,75.0
3.0,9.0,-34.43,150.89,11.0,74.0
3.0,15.0,-34.43,150.89,11.0,84.0
3.0,9.0,-34.43,150.89,11.0,83.0
3.0,15.0,-34.43,150.89,11.0,74.0
3.0,9.0,-34.43,150.89,11.0,73.0
3.0,15.0,-34.43,150.89,11.0,78.0
3.0,9.0,-34.43,150.89,11.0,77.0
3.0,15.0,-34.43,150.89,11.0,77.0
3.0,9.0,-34.43,150.89,11.0,89.0
3.0,15.0,-34.43,150.89,11.0,82.0
3.0,9.0,-34.43,150.89,11.0,91.0
3.0,15.0,-34.43,150.89,11.0,86.0
3.0,9.0,-34.43,150.89,11.0,59.0
3.0,15.0,-34.43,150.89,11.0,64.0
