2.0,9.0,-34.43,150.89,11.0,90.0
2.0,15.0,-34.43,150.89,11.0,87.0
2.0,9.0,-34.43,150.89,11.0,76.0
2.0,15.0,-34.43,150.89,11.0,65.0
2.0,9.0,-34.43,150.89,11.0,76.0
2.0,15.0,-34.43,150.89,11.0,77.0
2.0,9.0,-34.43,150.89,11.0,82.0
2.0,15.0,-34.43,150.89,11.0,85.0
2.0,9.0,-34.43,150.89,11.0,49.0
2.0,15.0,-34.43,150.89,11.0,59.0
2.0,9.0,-34.43,150.89,11.0,75.0
2.0,15.0,-34.43,150.89,11.0,73.0
2.0,9.0,-34.43,150.89,11.0,93.0
2.0,15.0,-34.43,150.89,11.0,87.0
2.0,9.0,-34.43,150.89,11.0,89.0
2.0,15.0,-34.43,150.89,11.0,85.0
2.0,9.0,-34.43,150.89,11.0,78.0
2.0,15.0,-34.43,150.89,11.0,76.0
2.0,9.0,-34.43,150.89,11.0,59.0
2.0,15.0,-34.43,150.89,11.0,69.0
2.0,9.0,-34.43,150.89,11.0,65.0
2.0,15.0,-34.43,150.89,11.0,72.0
2.0,9.0,-34.43,150.89,11.0,88.0
2.0,15.0,-34.43,150.89,11.0,93.0
2.0,9.0,-34.43,150.89,11.0,40.0
2.0,15.0,-34.43,150.89,11.0,55.0
2.0,9.0,-34.43,150.89,11.0,88.0
2.0,15.0,-34.43,150.89,11.0,76.0
2.0,9.0,-34.43,150.89,11.0,61.0
2.0,15.0,-34.43,150.89,11.0,63.0
2.0,9.0,-34.43,150.89,11.0,73.0
2.0,15.0,-34.43,150.89,11.0,73.0
2.0,9.0,-34.43,150.89,11.0,84.0
2.0,15.0,-34.43,150.89,11.0,69.0
2.0,9.0,-34.43,150.89,11.0,86.0
2.0,15.0,-34.43,150.89,11.0,79.0
2.0,9.0,-34.43,150.89,11.0,74.0
2.0,15.0,-34.43,150.89,11.0,60.0
2.0,9.0,-34.43,150.89,11.0,34.0
2.0,15.0,-34.43,150.89,11.0,17.0
2.0,9.0,-34.43,150.89,11.0,53.0
2.0,15.0,-34.43,150.89,11.0,55.0
2.0,9.0,-34.43,150.89,11.0,60.0
2.0,15.0,-34.43,150.89,11.0,69.0
2.0,9.0,-34.43,150.89,11.0,75.0
2.0,15.0,-34.43,150.89,11.0,71.0
2.0,9.0,-34.43,150.89,11.0,81.0
2.0,15.0,-34.43,150.89,11.0,75.0
2.0,9.0,-34.43,150.89,11.0,82.0
2.0,15.0,-34.43,150.89,11.0,73.0
2.0,9.0,-34.43,150.89,11.0,73.0
2.0,15.0,-34.43,150.89,11.0,59.0
2.0,9.0,-34.43,150.89,11.0,73.0
2.0,15.0,-34.43,150.89,11.0,61.0
2.0,9.0,-34.43,150.89,11.0,91.0
2.0,15.0,-34.43,150.89,11.0,72.0
