6.0,9.0,-34.43,150.89,11.0,49.0
6.0,15.0,-34.43,150.89,11.0,50.0
6.0,9.0,-34.43,150.89,11.0,52.0
6.0,15.0,-34.43,150.89,11.0,53.0
6.0,9.0,-34.43,150.89,11.0,62.0
6.0,15.0,-34.43,150.89,11.0,66.0
6.0,9.0,-34.43,150.89,11.0,69.0
6.0,15.0,-34.43,150.89,11.0,67.0
6.0,9.0,-34.43,150.89,11.0,72.0
6.0,15.0,-34.43,150.89,11.0,57.0
6.0,9.0,-34.43,150.89,11.0,60.0
6.0,15.0,-34.43,150.89,11.0,42.0
6.0,9.0,-34.43,150.89,11.0,94.0
6.0,15.0,-34.43,150.89,11.0,83.0
6.0,9.0,-34.43,150.89,11.0,87.0
6.0,15.0,-34.43,150.89,11.0,77.0
6.0,9.0,-34.43,150.89,11.0,85.0
6.0,15.0,-34.43,150.89,11.0,82.0
6.0,9.0,-34.43,150.89,11.0,75.0
6.0,15.0,-34.43,150.89,11.0,93.0
6.0,9.0,-34.43,150.89,11.0,87.0
6.0,15.0,-34.43,150.89,11.0,81.0
6.0,9.0,-34.43,150.89,11.0,74.0
6.0,15.0,-34.43,150.89,11.0,76.0
6.0,9.0,-34.43,150.89,11.0,76.0
6.0,15.0,-34.43,150.89,11.0,69.0
6.0,9.0,-34.43,150.89,11.0,75.0
6.0,15.0,-34.43,150.89,11.0,74.0
6.0,9.0,-34.43,150.89,11.0,77.0
6.0,15.0,-34.43,150.89,11.0,75.0
6.0,9.0,-34.43,150.89,11.0,73.0
6.0,15.0,-34.43,150.89,11.0,78.0
6.0,9.0,-34.43,150.89,11.0,72.0
6.0,15.0,-34.43,150.89,11.0,76.0
6.0,9.0,-34.43,150.89,11.0,79.0
6.0,15.0,-34.43,150.89,11.0,65.0
6.0,9.0,-34.43,150.89,11.0,65.0
6.0,15.0,-34.43,150.89,11.0,74.0
6.0,9.0,-34.43,150.89,11.0,72.0
6.0,15.0,-34.43,150.89,11.0,66.0
6.0,9.0,-34.43,150.89,11.0,62.0
6.0,15.0,-34.43,150.89,11.0,62.0
6.0,9.0,-34.43,150.89,11.0,71.0
6.0,15.0,-34.43,150.89,11.0,61.0
6.0,9.0,-34.43,150.89,11.0,68.0
6.0,15.0,-34.43,150.89,11.0,54.0
6.0,9.0,-34.43,150.89,11.0,50.0
6.0,15.0,-34.43,150.89,11.0,38.0
6.0,9.0,-34.43,150.89,11.0,51.0
6.0,15.0,-34.43,150.89,11.0,35.0
6.0,9.0,-34.43,150.89,11.0,50.0
6.0,15.0,-34.43,150.89,11.0,45.0
6.0,9.0,-34.43,150.89,11.0,67.0
6.0,15.0,-34.43,150.89,11.0,65.0
6.0,9.0,-34.43,150.89,11.0,61.0
6.0,15.0,-34.43,150.89,11.0,58.0
6.0,9.0,-34.43,150.89,11.0,69.0
6.0,15.0,-34.43,150.89,11.0,62.0
6.0,9.0,-34.43,150.89,11.0,56.0
6.0,15.0,-34.43,150.89,11.0,32.0
