9.0,9.0,-34.43,150.89,11.0,57.0
9.0,15.0,-34.43,150.89,11.0,63.0
9.0,9.0,-34.43,150.89,11.0,94.0
9.0,15.0,-34.43,150.89,11.0,93.0
9.0,9.0,-34.43,150.89,11.0,58.0
9.0,15.0,-34.43,150.89,11.0,48.0
9.0,9.0,-34.43,150.89,11.0,54.0
9.0,15.0,-34.43,150.89,11.0,46.0
9.0,9.0,-34.43,150.89,11.0,60.0
9.0,15.0,-34.43,150.89,11.0,60.0
9.0,9.0,-34.43,150.89,11.0,71.0
9.0,15.0,-34.43,150.89,11.0,74.0
9.0,9.0,-34.43,150.89,11.0,79.0
9.0,15.0,-34.43,150.89,11.0,80.0
9.0,9.0,-34.43,150.89,11.0,79.0
9.0,15.0,-34.43,150.89,11.0,83.0
9.0,9.0,-34.43,150.89,11.0,59.0
9.0,15.0,-34.43,150.89,11.0,81.0
9.0,9.0,-34.43,150.89,11.0,62.0
9.0,15.0,-34.43,150.89,11.0,38.0
9.0,9.0,-34.43,150.89,11.0,55.0
9.0,15.0,-34.43,150.89,11.0,62.0
9.0,9.0,-34.43,150.89,11.0,50.0
9.0,15.0,-34.43,150.89,11.0,59.0
9.0,9.0,-34.43,150.89,11.0,71.0
9.0,15.0,-34.43,150.89,11.0,81.0
9.0,9.0,-34.43,150.89,11.0,85.0
9.0,15.0,-34.43,150.89,11.0,81.0
9.0,9.0,-34.43,150.89,11.0,34.0
9.0,15.0,-34.43,150.89,11.0,35.0
9.0,9.0,-34.43,150.89,11.0,62.0
9.0,15.0,-34.43,150.89,11.0,31.0
9.0,9.0,-34.43,150.89,11.0,62.0
9.0,15.0,-34.43,150.89,11.0,63.0
9.0,9.0,-34.43,150.89,11.0,75.0
9.0,15.0,-34.43,150.89,11.0,78.0
9.0,9.0,-34.43,150.89,11.0,57.0
9.0,15.0,-34.43,150.89,11.0,39.0
9.0,9.0,-34.43,150.89,11.0,44.0
9.0,15.0,-34.43,150.89,11.0,52.0
9.0,9.0,-34.43,150.89,11.0,69.0
9.0,15.0,-34.43,150.89,11.0,78.0
9.0,9.0,-34.43,150.89,11.0,57.0
9.0,15.0,-34.43,150.89,11.0,73.0
9.0,9.0,-34.43,150.89,11.0,61.0
9.0,15.0,-34.43,150.89,11.0,55.0
9.0,9.0,-34.43,150.89,11.0,66.0
9.0,15.0,-34.43,150.89,11.0,74.0
9.0,9.0,-34.43,150.89,11.0,60.0
9.0,15.0,-34.43,150.89,11.0,71.0
9.0,9.0,-34.43,150.89,11.0,52.0
9.0,15.0,-34.43,150.89,11.0,54.0
9.0,9.0,-34.43,150.89,11.0,54.0
9.0,15.0,-34.43,150.89,11.0,27.0
9.0,9.0,-34.43,150.89,11.0,47.0
9.0,15.0,-34.43,150.89,11.0,56.0
9.0,9.0,-34.43,150.89,11.0,78.0
9.0,15.0,-34.43,150.89,11.0,72.0
9.0,9.0,-34.43,150.89,11.0,52.0
9.0,15.0,-34.43,150.89,11.0,45.0
