5.0,9.0,-34.43,150.89,11.0,64.0
5.0,15.0,-34.43,150.89,11.0,74.0
5.0,9.0,-34.43,150.89,11.0,56.0
5.0,15.0,-34.43,150.89,11.0,43.0
5.0,9.0,-34.43,150.89,11.0,60.0
5.0,15.0,-34.43,150.89,11.0,63.0
5.0,9.0,-34.43,150.89,11.0,76.0
5.0,15.0,-34.43,150.89,11.0,64.0
5.0,9.0,-34.43,150.89,11.0,67.0
5.0,15.0,-34.43,150.89,11.0,63.0
5.0,9.0,-34.43,150.89,11.0,65.0
5.0,15.0,-34.43,150.89,11.0,49.0
5.0,9.0,-34.43,150.89,11.0,40.0
5.0,15.0,-34.43,150.89,11.0,40.0
5.0,9.0,-34.43,150.89,11.0,43.0
5.0,15.0,-34.43,150.89,11.0,52.0
5.0,9.0,-34.43,150.89,11.0,48.0
5.0,15.0,-34.43,150.89,11.0,53.0
5.0,9.0,-34.43,150.89,11.0,62.0
5.0,15.0,-34.43,150.89,11.0,61.0
5.0,9.0,-34.43,150.89,11.0,65.0
5.0,15.0,-34.43,150.89,11.0,58.0
5.0,9.0,-34.43,150.89,11.0,66.0
5.0,15.0,-34.43,150.89,11.0,70.0
5.0,9.0,-34.43,150.89,11.0,70.0
5.0,15.0,-34.43,150.89,11.0,75.0
5.0,9.0,-34.43,150.89,11.0,82.0
5.0,15.0,-34.43,150.89,11.0,74.0
5.0,9.0,-34.43,150.89,11.0,76.0
5.0,15.0,-34.43,150.89,11.0,55.0
5.0,9.0,-34.43,150.89,11.0,54.0
5.0,15.0,-34.43,150.89,11.0,55.0
5.0,9.0,-34.43,150.89,11.0,63.0
5.0,15.0,-34.43,150.89,11.0,60.0
5.0,9.0,-34.43,150.89,11.0,76.0
5.0,15.0,-34.43,150.89,11.0,69.0
5.0,9.0,-34.43,150.89,11.0,83.0
5.0,15.0,-34.43,150.89,11.0,87.0
5.0,9.0,-34.43,150.89,11.0,84.0
5.0,15.0,-34.43,150.89,11.0,75.0
5.0,9.0,-34.43,150.89,11.0,59.0
5.0,15.0,-34.43,150.89,11.0,70.0
5.0,9.0,-34.43,150.89,11.0,84.0
5.0,15.0,-34.43,150.89,11.0,75.0
5.0,9.0,-34.43,150.89,11.0,74.0
5.0,15.0,-34.43,150.89,11.0,78.0
5.0,9.0,-34.43,150.89,11.0,77.0
5.0,15.0,-34.43,150.89,11.0,34.0
5.0,9.0,-34.43,150.89,11.0,60.0
5.0,15.0,-34.43,150.89,11.0,46.0
5.0,9.0,-34.43,150.89,11.0,68.0
5.0,15.0,-34.43,150.89,11.0,65.0
5.0,9.0,-34.43,150.89,11.0,82.0
5.0,15.0,-34.43,150.89,11.0,70.0
5.0,9.0,-34.43,150.89,11.0,64.0
5.0,15.0,-34.43,150.89,11.0,41.0
5.0,9.0,-34.43,150.89,11.0,46.0
5.0,15.0,-34.43,150.89,11.0,33.0
5.0,9.0,-34.43,150.89,11.0,53.0
5.0,15.0,-34.43,150.89,11.0,42.0
5.0,9.0,-34.43,150.89,11.0,58.0
5.0,15.0,-34.43,150.89,11.0,46.0
