1.0,9.0,-34.43,150.89,11.0,86.0
1.0,15.0,-34.43,150.89,11.0,86.0
1.0,9.0,-34.43,150.89,11.0,78.0
1.0,15.0,-34.43,150.89,11.0,78.0
1.0,9.0,-34.43,150.89,11.0,70.0
1.0,15.0,-34.43,150.89,11.0,76.0
1.0,9.0,-34.43,150.89,11.0,65.0
1.0,15.0,-34.43,150.89,11.0,57.0
1.0,9.0,-34.43,150.89,11.0,91.0
1.0,15.0,-34.43,150.89,11.0,91.0
1.0,9.0,-34.43,150.89,11.0,93.0
1.0,15.0,-34.43,150.89,11.0,76.0
1.0,9.0,-34.43,150.89,11.0,80.0
1.0,15.0,-34.43,150.89,11.0,72.0
1.0,9.0,-34.43,150.89,11.0,69.0
1.0,15.0,-34.43,150.89,11.0,69.0
1.0,9.0,-34.43,150.89,11.0,83.0
1.0,15.0,-34.43,150.89,11.0,74.0
1.0,9.0,-34.43,150.89,11.0,76.0
1.0,15.0,-34.43,150.89,11.0,74.0
1.0,9.0,-34.43,150.89,11.0,83.0
1.0,15.0,-34.43,150.89,11.0,65.0
1.0,9.0,-34.43,150.89,11.0,79.0
1.0,15.0,-34.43,150.89,11.0,70.0
1.0,9.0,-34.43,150.89,11.0,76.0
1.0,15.0,-34.43,150.89,11.0,76.0
1.0,9.0,-34.43,150.89,11.0,45.0
1.0,15.0,-34.43,150.89,11.0,72.0
1.0,9.0,-34.43,150.89,11.0,73.0
1.0,15.0,-34.43,150.89,11.0,74.0
1.0,9.0,-34.43,150.89,11.0,69.0
1.0,15.0,-34.43,150.89,11.0,72.0
1.0,9.0,-34.43,150.89,11.0,72.0
1.0,15.0,-34.43,150.89,11.0,73.0
1.0,9.0,-34.43,150.89,11.0,72.0
1.0,15.0,-34.43,150.89,11.0,70.0
1.0,9.0,-34.43,150.89,11.0,68.0
1.0,15.0,-34.43,150.89,11.0,60.0
1.0,9.0,-34.43,150.89,11.0,73.0
1.0,15.0,-34.43,150.89,11.0,74.0
1.0,9.0,-34.43,150.89,11.0,53.0
1.0,15.0,-34.43,150.89,11.0,58.0
1.0,9.0,-34.43,150.89,11.0,64.0
1.0,15.0,-34.43,150.89,11.0,60.0
1.0,9.0,-34.43,150.89,11.0,74.0
1.0,15.0,-34.43,150.89,11.0,71.0
1.0,9.0,-34.43,150.89,11.0,37.0
1.0,15.0,-34.43,150.89,11.0,42.0
1.0,9.0,-34.43,150.89,11.0,72.0
1.0,15.0,-34.43,150.89,11.0,61.0
1.0,9.0,-34.43,150.89,11.0,84.0
1.0,15.0,-34.43,150.89,11.0,75.0
1.0,9.0,-34.43,150.89,11.0,73.0
1.0,15.0,-34.43,150.89,11.0,66.0
1.0,9.0,-34.43,150.89,11.0,70.0
1.0,15.0,-34.43,150.89,11.0,77.0
1.0,9.0,-34.43,150.89,11.0,77.0
1.0,15.0,-34.43,150.89,11.0,79.0
1.0,9.0,-34.43,150.89,11.0,71.0
1.0,15.0,-34.43,150.89,11.0,76.0
1.0,9.0,-34.43,150.89,11.0,77.0
1.0,15.0,-34.43,150.89,11.0,81.0
