8.0,9.0,-12.46,130.84,41.0,60.0
8.0,15.0,-12.46,130.84,41.0,44.0
8.0,9.0,-12.46,130.84,41.0,59.0
8.0,15.0,-12.46,130.84,41.0,48.0
8.0,9.0,-12.46,130.84,41.0,25.0
8.0,15.0,-12.46,130.84,41.0,17.0
8.0,9.0,-12.46,130.84,41.0,20.0
8.0,15.0,-12.46,130.84,41.0,10.0
8.0,9.0,-12.46,130.84,41.0,23.0
8.0,15.0,-12.46,130.84,41.0,11.0
8.0,9.0,-12.46,130.84,41.0,48.0
8.0,15.0,-12.46,130.84,41.0,36.0
8.0,9.0,-12.46,130.84,41.0,52.0
8.0,15.0,-12.46,130.84,41.0,48.0
8.0,9.0,-12.46,130.84,41.0,68.0
8.0,15.0,-12.46,130.84,41.0,25.0
8.0,9.0,-12.46,130.84,41.0,69.0
8.0,15.0,-12.46,130.84,41.0,38.0
8.0,9.0,-12.46,130.84,41.0,67.0
8.0,15.0,-12.46,130.84,41.0,36.0
8.0,9.0,-12.46,130.84,41.0,73.0
8.0,15.0,-12.46,130.84,41.0,46.0
8.0,9.0,-12.46,130.84,41.0,70.0
8.0,15.0,-12.46,130.84,41.0,16.0
8.0,9.0,-12.46,130.84,41.0,68.0
8.0,15.0,-12.46,130.84,41.0,36.0
8.0,9.0,-12.46,130.84,41.0,63.0
8.0,15.0,-12.46,130.84,41.0,17.0
8.0,9.0,-12.46,130.84,41.0,34.0
8.0,15.0,-12.46,130.84,41.0,12.0
8.0,9.0,-12.46,130.84,41.0,48.0
8.0,15.0,-12.46,130.84,41.0,26.0
8.0,9.0,-12.46,130.84,41.0,67.0
8.0,15.0,-12.46,130.84,41.0,49.0
8.0,9.0,-12.46,130.84,41.0,74.0
8.0,15.0,-12.46,130.84,41.0,44.0
8.0,9.0,-12.46,130.84,41.0,77.0
8.0,15.0,-12.46,130.84,41.0,51.0
8.0,9.0,-12.46,130.84,41.0,68.0
8.0,15.0,-12.46,130.84,41.0,29.0
8.0,9.0,-12.46,130.84,41.0,71.0
8.0,15.0,-12.46,130.84,41.0,38.0
8.0,9.0,-12.46,130.84,41.0,76.0
8.0,15.0,-12.46,130.84,41.0,42.0
8.0,9.0,-12.46,130.84,41.0,66.0
8.0,15.0,-12.46,130.84,41.0,47.0
8.0,9.0,-12.46,130.84,41.0,60.0
8.0,15.0,-12.46,130.84,41.0,46.0
8.0,9.0,-12.46,130.84,41.0,51.0
8.0,15.0,-12.46,130.84,41.0,31.0
8.0,9.0,-12.46,130.84,41.0,71.0
8.0,15.0,-12.46,130.84,41.0,45.0
8.0,9.0,-12.46,130.84,41.0,37.0
8.0,15.0,-12.46,130.84,41.0,17.0
8.0,9.0,-12.46,130.84,41.0,68.0
8.0,15.0,-12.46,130.84,41.0,35.0
8.0,9.0,-12.46,130.84,41.0,65.0
8.0,15.0,-12.46,130.84,41.0,44.0
8.0,9.0,-12.46,130.84,41.0,72.0
8.0,15.0,-12.46,130.84,41.0,45.0
8.0,9.0,-12.46,130.84,41.0,71.0
8.0,15.0,-12.46,130.84,41.0,43.0
