6.0,9.0,-12.46,130.84,41.0,25.0
6.0,15.0,-12.46,130.84,41.0,18.0
6.0,9.0,-12.46,130.84,41.0,34.0
6.0,15.0,-12.46,130.84,41.0,33.0
6.0,9.0,-12.46,130.84,41.0,42.0
6.0,15.0,-12.46,130.84,41.0,37.0
6.0,9.0,-12.46,130.84,41.0,59.0
6.0,15.0,-12.46,130.84,41.0,40.0
6.0,9.0,-12.46,130.84,41.0,66.0
6.0,15.0,-12.46,130.84,41.0,32.0
6.0,9.0,-12.46,130.84,41.0,45.0
6.0,15.0,-12.46,130.84,41.0,26.0
6.0,9.0,-12.46,130.84,41.0,48.0
6.0,15.0,-12.46,130.84,41.0,38.0
6.0,9.0,-12.46,130.84,41.0,43.0
6.0,15.0,-12.46,130.84,41.0,28.0
6.0,9.0,-12.46,130.84,41.0,46.0
6.0,15.0,-12.46,130.84,41.0,26.0
6.0,9.0,-12.46,130.84,41.0,29.0
6.0,15.0,-12.46,130.84,41.0,24.0
6.0,9.0,-12.46,130.84,41.0,31.0
6.0,15.0,-12.46,130.84,41.0,24.0
6.0,9.0,-12.46,130.84,41.0,41.0
6.0,15.0,-12.46,130.84,41.0,21.0
6.0,9.0,-12.46,130.84,41.0,43.0
6.0,15.0,-12.46,130.84,41.0,24.0
6.0,9.0,-12.46,130.84,41.0,41.0
6.0,15.0,-12.46,130.84,41.0,43.0
6.0,9.0,-12.46,130.84,41.0,43.0
6.0,15.0,-12.46,130.84,41.0,27.0
6.0,9.0,-12.46,130.84,41.0,52.0
6.0,15.0,-12.46,130.84,41.0,29.0
6.0,9.0,-12.46,130.84,41.0,51.0
6.0,15.0,-12.46,130.84,41.0,35.0
6.0,9.0,-12.46,130.84,41.0,70.0
6.0,15.0,-12.46,130.84,41.0,33.0
6.0,9.0,-12.46,130.84,41.0,43.0
6.0,15.0,-12.46,130.84,41.0,28.0
6.0,9.0,-12.46,130.84,41.0,63.0
6.0,15.0,-12.46,130.84,41.0,32.0
6.0,9.0,-12.46,130.84,41.0,56.0
6.0,15.0,-12.46,130.84,41.0,28.0
6.0,9.0,-12.46,130.84,41.0,46.0
6.0,15.0,-12.46,130.84,41.0,23.0
6.0,9.0,-12.46,130.84,41.0,62.0
6.0,15.0,-12.46,130.84,41.0,58.0
6.0,9.0,-12.46,130.84,41.0,73.0
6.0,15.0,-12.46,130.84,41.0,32.0
6.0,9.0,-12.46,130.84,41.0,68.0
6.0,15.0,-12.46,130.84,41.0,45.0
6.0,9.0,-12.46,130.84,41.0,61.0
6.0,15.0,-12.46,130.84,41.0,31.0
6.0,9.0,-12.46,130.84,41.0,81.0
6.0,15.0,-12.46,130.84,41.0,50.0
6.0,9.0,-12.46,130.84,41.0,67.0
6.0,15.0,-12.46,130.84,41.0,64.0
6.0,9.0,-12.46,130.84,41.0,78.0
6.0,15.0,-12.46,130.84,41.0,32.0
6.0,9.0,-12.46,130.84,41.0,46.0
6.0,15.0,-12.46,130.84,41.0,29.0
