1.0,9.0,-12.46,130.84,41.0,86.0
1.0,15.0,-12.46,130.84,41.0,69.0
1.0,9.0,-12.46,130.84,41.0,98.0
1.0,15.0,-12.46,130.84,41.0,75.0
1.0,9.0,-12.46,130.84,41.0,94.0
1.0,15.0,-12.46,130.84,41.0,87.0
1.0,9.0,-12.46,130.84,41.0,79.0
1.0,15.0,-12.46,130.84,41.0,67.0
1.0,9.0,-12.46,130.84,41.0,93.0
1.0,15.0,-12.46,130.84,41.0,85.0
1.0,9.0,-12.46,130.84,41.0,76.0
1.0,15.0,-12.46,130.84,41.0,69.0
1.0,9.0,-12.46,130.84,41.0,76.0
1.0,15.0,-12.46,130.84,41.0,61.0
1.0,9.0,-12.46,130.84,41.0,77.0
1.0,15.0,-12.46,130.84,41.0,63.0
1.0,9.0,-12.46,130.84,41.0,73.0
1.0,15.0,-12.46,130.84,41.0,67.0
1.0,9.0,-12.46,130.84,41.0,75.0
1.0,15.0,-12.46,130.84,41.0,65.0
1.0,9.0,-12.46,130.84,41.0,73.0
1.0,15.0,-12.46,130.84,41.0,70.0
1.0,9.0,-12.46,130.84,41.0,74.0
1.0,15.0,-12.46,130.84,41.0,66.0
1.0,9.0,-12.46,130.84,41.0,68.0
1.0,15.0,-12.46,130.84,41.0,60.0
1.0,9.0,-12.46,130.84,41.0,66.0
1.0,15.0,-12.46,130.84,41.0,62.0
1.0,9.0,-12.46,130.84,41.0,67.0
1.0,15.0,-12.46,130.84,41.0,64.0
1.0,9.0,-12.46,130.84,41.0,74.0
1.0,15.0,-12.46,130.84,41.0,66.0
1.0,9.0,-12.46,130.84,41.0,75.0
1.0,15.0,-12.46,130.84,41.0,47.0
1.0,9.0,-12.46,130.84,41.0,68.0
1.0,15.0,-12.46,130.84,41.0,74.0
1.0,9.0,-12.46,130.84,41.0,79.0
1.0,15.0,-12.46,130.84,41.0,61.0
1.0,9.0,-12.46,130.84,41.0,93.0
1.0,15.0,-12.46,130.84,41.0,77.0
1.0,9.0,-12.46,130.84,41.0,96.0
1.0,15.0,-12.46,130.84,41.0,72.0
1.0,9.0,-12.46,130.84,41.0,79.0
1.0,15.0,-12.46,130.84,41.0,65.0
1.0,9.0,-12.46,130.84,41.0,83.0
1.0,15.0,-12.46,130.84,41.0,91.0
1.0,9.0,-12.46,130.84,41.0,96.0
1.0,15.0,-12.46,130.84,41.0,89.0
1.0,9.0,-12.46,130.84,41.0,83.0
1.0,15.0,-12.46,130.84,41.0,71.0
1.0,9.0,-12.46,130.84,41.0,80.0
1.0,15.0,-12.46,130.84,41.0,65.0
1.0,9.0,-12.46,130.84,41.0,79.0
1.0,15.0,-12.46,130.84,41.0,87.0
1.0,9.0,-12.46,130.84,41.0,78.0
1.0,15.0,-12.46,130.84,41.0,67.0
1.0,9.0,-12.46,130.84,41.0,78.0
1.0,15.0,-12.46,130.84,41.0,72.0
1.0,9.0,-12.46,130.84,41.0,93.0
1.0,15.0,-12.46,130.84,41.0,67.0
1.0,9.0,-12.46,130.84,41.0,84.0
1.0,15.0,-12.46,130.84,41.0,65.0
