7.0,9.0,-12.46,130.84,41.0,42.0
7.0,15.0,-12.46,130.84,41.0,35.0
7.0,9.0,-12.46,130.84,41.0,51.0
7.0,15.0,-12.46,130.84,41.0,44.0
7.0,9.0,-12.46,130.84,41.0,70.0
7.0,15.0,-12.46,130.84,41.0,37.0
7.0,9.0,-12.46,130.84,41.0,67.0
7.0,15.0,-12.46,130.84,41.0,50.0
7.0,9.0,-12.46,130.84,41.0,71.0
7.0,15.0,-12.46,130.84,41.0,47.0
7.0,9.0,-12.46,130.84,41.0,75.0
7.0,15.0,-12.46,130.84,41.0,59.0
7.0,9.0,-12.46,130.84,41.0,79.0
7.0,15.0,-12.46,130.84,41.0,64.0
7.0,9.0,-12.46,130.84,41.0,81.0
7.0,15.0,-12.46,130.84,41.0,57.0
7.0,9.0,-12.46,130.84,41.0,76.0
7.0,15.0,-12.46,130.84,41.0,46.0
7.0,9.0,-12.46,130.84,41.0,77.0
7.0,15.0,-12.46,130.84,41.0,41.0
7.0,9.0,-12.46,130.84,41.0,66.0
7.0,15.0,-12.46,130.84,41.0,39.0
7.0,9.0,-12.46,130.84,41.0,62.0
7.0,15.0,-12.46,130.84,41.0,34.0
7.0,9.0,-12.46,130.84,41.0,60.0
7.0,15.0,-12.46,130.84,41.0,30.0
7.0,9.0,-12.46,130.84,41.0,82.0
7.0,15.0,-12.46,130.84,41.0,21.0
7.0,9.0,-12.46,130.84,41.0,81.0
7.0,15.0,-12.46,130.84,41.0,23.0
7.0,9.0,-12.46,130.84,41.0,59.0
7.0,15.0,-12.46,130.84,41.0,25.0
7.0,9.0,-12.46,130.84,41.0,56.0
7.0,15.0,-12.46,130.84,41.0,37.0
7.0,9.0,-12.46,130.84,41.0,72.0
7.0,15.0,-12.46,130.84,41.0,24.0
7.0,9.0,-12.46,130.84,41.0,53.0
7.0,15.0,-12.46,130.84,41.0,20.0
7.0,9.0,-12.46,130.84,41.0,58.0
7.0,15.0,-12.46,130.84,41.0,21.0
7.0,9.0,-12.46,130.84,41.0,28.0
7.0,15.0,-12.46,130.84,41.0,15.0
7.0,9.0,-12.46,130.84,41.0,32.0
7.0,15.0,-12.46,130.84,41.0,19.0
7.0,9.0,-12.46,130.84,41.0,28.0
7.0,15.0,-12.46,130.84,41.0,14.0
7.0,9.0,-12.46,130.84,41.0,39.0
7.0,15.0,-12.46,130.84,41.0,19.0
7.0,9.0,-12.46,130.84,41.0,72.0
7.0,15.0,-12.46,130.84,41.0,41.0
7.0,9.0,-12.46,130.84,41.0,77.0
7.0,15.0,-12.46,130.84,41.0,38.0
7.0,9.0,-12.46,130.84,41.0,67.0
7.0,15.0,-12.46,130.84,41.0,22.0
7.0,9.0,-12.46,130.84,41.0,68.0
7.0,15.0,-12.46,130.84,41.0,27.0
7.0,9.0,-12.46,130.84,41.0,73.0
7.0,15.0,-12.46,130.84,41.0,47.0
7.0,9.0,-12.46,130.84,41.0,63.0
7.0,15.0,-12.46,130.84,41.0,50.0
7.0,9.0,-12.46,130.84,41.0,70.0
7.0,15.0,-12.46,130.84,41.0,52.0
