3.0,9.0,-12.46,130.84,41.0,70.0
3.0,15.0,-12.46,130.84,41.0,62.0
3.0,9.0,-12.46,130.84,41.0,76.0
3.0,15.0,-12.46,130.84,41.0,49.0
3.0,9.0,-12.46,130.84,41.0,70.0
3.0,15.0,-12.46,130.84,41.0,64.0
3.0,9.0,-12.46,130.84,41.0,75.0
3.0,15.0,-12.46,130.84,41.0,62.0
3.0,9.0,-12.46,130.84,41.0,96.0
3.0,15.0,-12.46,130.84,41.0,86.0
3.0,9.0,-12.46,130.84,41.0,87.0
3.0,15.0,-12.46,130.84,41.0,90.0
3.0,9.0,-12.46,130.84,41.0,82.0
3.0,15.0,-12.46,130.84,41.0,69.0
3.0,9.0,-12.46,130.84,41.0,82.0
3.0,15.0,-12.46,130.84,41.0,96.0
3.0,9.0,-12.46,130.84,41.0,86.0
3.0,15.0,-12.46,130.84,41.0,91.0
3.0,9.0,-12.46,130.84,41.0,90.0
3.0,15.0,-12.46,130.84,41.0,58.0
3.0,9.0,-12.46,130.84,41.0,79.0
3.0,15.0,-12.46,130.84,41.0,70.0
3.0,9.0,-12.46,130.84,41.0,81.0
3.0,15.0,-12.46,130.84,41.0,62.0
3.0,9.0,-12.46,130.84,41.0,82.0
3.0,15.0,-12.46,130.84,41.0,69.0
3.0,9.0,-12.46,130.84,41.0,72.0
3.0,15.0,-12.46,130.84,41.0,70.0
3.0,9.0,-12.46,130.84,41.0,83.0
3.0,15.0,-12.46,130.84,41.0,62.0
3.0,9.0,-12.46,130.84,41.0,86.0
3.0,15.0,-12.46,130.84,41.0,71.0
3.0,9.0,-12.46,130.84,41.0,84.0
3.0,15.0,-12.46,130.84,41.0,75.0
3.0,9.0,-12.46,130.84,41.0,83.0
3.0,15.0,-12.46,130.84,41.0,68.0
3.0,9.0,-12.46,130.84,41.0,90.0
3.0,15.0,-12.46,130.84,41.0,70.0
3.0,9.0,-12.46,130.84,41.0,91.0
3.0,15.0,-12.46,130.84,41.0,79.0
3.0,9.0,-12.46,130.84,41.0,92.0
3.0,15.0,-12.46,130.84,41.0,73.0
3.0,9.0,-12.46,130.84,41.0,85.0
3.0,15.0,-12.46,130.84,41.0,83.0
3.0,9.0,-12.46,130.84,41.0,88.0
3.0,15.0,-12.46,130.84,41.0,69.0
3.0,9.0,-12.46,130.84,41.0,82.0
3.0,15.0,-12.46,130.84,41.0,86.0
3.0,9.0,-12.46,130.84,41.0,89.0
3.0,15.0,-12.46,130.84,41.0,87.0
3.0,9.0,-12.46,130.84,41.0,90.0
3.0,15.0,-12.46,130.84,41.0,69.0
3.0,9.0,-12.46,130.84,41.0,85.0
3.0,15.0,-12.46,130.84,41.0,78.0
3.0,9.0,-12.46,130.84,41.0,77.0
3.0,15.0,-12.46,130.84,41.0,64.0
3.0,9.0,-12.46,130.84,41.0,75.0
3.0,15.0,-12.46,130.84,41.0,66.0
3.0,9.0,-12.46,130.84,41.0,84.0
3.0,15.0,-12.46,130.84,41.0,65.0
3.0,9.0,-12.46,130.84,41.0,89.0
3.0,15.0,-12.46,130.84,41.0,69.0
