2.0,9.0,-12.46,130.84,41.0,88.0
2.0,15.0,-12.46,130.84,41.0,67.0
2.0,9.0,-12.46,130.84,41.0,78.0
2.0,15.0,-12.46,130.84,41.0,62.0
2.0,9.0,-12.46,130.84,41.0,83.0
2.0,15.0,-12.46,130.84,41.0,82.0
2.0,9.0,-12.46,130.84,41.0,87.0
2.0,15.0,-12.46,130.84,41.0,96.0
2.0,9.0,-12.46,130.84,41.0,93.0
2.0,15.0,-12.46,130.84,41.0,85.0
2.0,9.0,-12.46,130.84,41.0,90.0
2.0,15.0,-12.46,130.84,41.0,92.0
2.0,9.0,-12.46,130.84,41.0,77.0
2.0,15.0,-12.46,130.84,41.0,76.0
2.0,9.0,-12.46,130.84,41.0,86.0
2.0,15.0,-12.46,130.84,41.0,91.0
2.0,9.0,-12.46,130.84,41.0,91.0
2.0,15.0,-12.46,130.84,41.0,79.0
2.0,9.0,-12.46,130.84,41.0,86.0
2.0,15.0,-12.46,130.84,41.0,87.0
2.0,9.0,-12.46,130.84,41.0,75.0
2.0,15.0,-12.46,130.84,41.0,73.0
2.0,9.0,-12.46,130.84,41.0,96.0
2.0,15.0,-12.46,130.84,41.0,80.0
2.0,9.0,-12.46,130.84,41.0,77.0
2.0,15.0,-12.46,130.84,41.0,71.0
2.0,9.0,-12.46,130.84,41.0,69.0
2.0,15.0,-12.46,130.84,41.0,64.0
2.0,9.0,-12.46,130.84,41.0,70.0
2.0,15.0,-12.46,130.84,41.0,60.0
2.0,9.0,-12.46,130.84,41.0,75.0
2.0,15.0,-12.46,130.84,41.0,65.0
2.0,9.0,-12.46,130.84,41.0,74.0
2.0,15.0,-12.46,130.84,41.0,61.0
2.0,9.0,-12.46,130.84,41.0,79.0
2.0,15.0,-12.46,130.84,41.0,63.0
2.0,9.0,-12.46,130.84,41.0,81.0
2.0,15.0,-12.46,130.84,41.0,63.0
2.0,9.0,-12.46,130.84,41.0,74.0
2.0,15.0,-12.46,130.84,41.0,67.0
2.0,9.0,-12.46,130.84,41.0,78.0
2.0,15.0,-12.46,130.84,41.0,30.0
2.0,9.0,-12.46,130.84,41.0,75.0
2.0,15.0,-12.46,130.84,41.0,60.0
2.0,9.0,-12.46,130.84,41.0,73.0
2.0,15.0,-12.46,130.84,41.0,63.0
2.0,9.0,-12.46,130.84,41.0,79.0
2.0,15.0,-12.46,130.84,41.0,68.0
2.0,9.0,-12.46,130.84,41.0,82.0
2.0,15.0,-12.46,130.84,41.0,66.0
2.0,9.0,-12.46,130.84,41.0,81.0
2.0,15.0,-12.46,130.84,41.0,62.0
2.0,9.0,-12.46,130.84,41.0,78.0
2.0,15.0,-12.46,130.84,41.0,61.0
2.0,9.0,-12.46,130.84,41.0,79.0
2.0,15.0,-12.46,130.84,41.0,62.0
