4.0,9.0,-12.46,130.84,41.0,74.0
4.0,15.0,-12.46,130.84,41.0,52.0
4.0,9.0,-12.46,130.84,41.0,51.0
4.0,15.0,-12.46,130.84,41.0,40.0
4.0,9.0,-12.46,130.84,41.0,49.0
4.0,15.0,-12.46,130.84,41.0,31.0
4.0,9.0,-12.46,130.84,41.0,78.0
4.0,15.0,-12.46,130.84,41.0,51.0
4.0,9.0,-12.46,130.84,41.0,62.0
4.0,15.0,-12.46,130.84,41.0,62.0
4.0,9.0,-12.46,130.84,41.0,83.0
4.0,15.0,-12.46,130.84,41.0,59.0
4.0,9.0,-12.46,130.84,41.0,81.0
4.0,15.0,-12.46,130.84,41.0,53.0
4.0,9.0,-12.46,130.84,41.0,75.0
4.0,15.0,-12.46,130.84,41.0,40.0
4.0,9.0,-12.46,130.84,41.0,65.0
4.0,15.0,-12.46,130.84,41.0,57.0
4.0,9.0,-12.46,130.84,41.0,73.0
4.0,15.0,-12.46,130.84,41.0,55.0
4.0,9.0,-12.46,130.84,41.0,95.0
4.0,15.0,-12.46,130.84,41.0,95.0
4.0,9.0,-12.46,130.84,41.0,98.0
4.0,15.0,-12.46,130.84,41.0,78.0
4.0,9.0,-12.46,130.84,41.0,78.0
4.0,15.0,-12.46,130.84,41.0,56.0
4.0,9.0,-12.46,130.84,41.0,80.0
4.0,15.0,-12.46,130.84,41.0,55.0
4.0,9.0,-12.46,130.84,41.0,84.0
4.0,15.0,-12.46,130.84,41.0,62.0
4.0,9.0,-12.46,130.84,41.0,77.0
4.0,15.0,-12.46,130.84,41.0,51.0
4.0,9.0,-12.46,130.84,41.0,77.0
4.0,15.0,-12.46,130.84,41.0,55.0
4.0,9.0,-12.46,130.84,41.0,83.0
4.0,15.0,-12.46,130.84,41.0,48.0
4.0,9.0,-12.46,130.84,41.0,70.0
4.0,15.0,-12.46,130.84,41.0,46.0
4.0,9.0,-12.46,130.84,41.0,80.0
4.0,15.0,-12.46,130.84,41.0,53.0
4.0,9.0,-12.46,130.84,41.0,78.0
4.0,15.0,-12.46,130.84,41.0,63.0
4.0,9.0,-12.46,130.84,41.0,70.0
4.0,15.0,-12.46,130.84,41.0,46.0
4.0,9.0,-12.46,130.84,41.0,83.0
4.0,15.0,-12.46,130.84,41.0,43.0
4.0,9.0,-12.46,130.84,41.0,79.0
4.0,15.0,-12.46,130.84,41.0,38.0
4.0,9.0,-12.46,130.84,41.0,80.0
4.0,15.0,-12.46,130.84,41.0,44.0
4.0,9.0,-12.46,130.84,41.0,72.0
4.0,15.0,-12.46,130.84,41.0,66.0
4.0,9.0,-12.46,130.84,41.0,73.0
4.0,15.0,-12.46,130.84,41.0,86.0
4.0,9.0,-12.46,130.84,41.0,78.0
4.0,15.0,-12.46,130.84,41.0,59.0
4.0,9.0,-12.46,130.84,41.0,46.0
4.0,15.0,-12.46,130.84,41.0,36.0
4.0,9.0,-12.46,130.84,41.0,55.0
4.0,15.0,-12.46,130.84,41.0,47.0
