9.0,9.0,-12.46,130.84,41.0,75.0
9.0,15.0,-12.46,130.84,41.0,57.0
9.0,9.0,-12.46,130.84,41.0,73.0
9.0,15.0,-12.46,130.84,41.0,59.0
9.0,9.0,-12.46,130.84,41.0,74.0
9.0,15.0,-12.46,130.84,41.0,59.0
9.0,9.0,-12.46,130.84,41.0,66.0
9.0,15.0,-12.46,130.84,41.0,44.0
9.0,9.0,-12.46,130.84,41.0,47.0
9.0,15.0,-12.46,130.84,41.0,38.0
9.0,9.0,-12.46,130.84,41.0,55.0
9.0,15.0,-12.46,130.84,41.0,43.0
9.0,9.0,-12.46,130.84,41.0,66.0
9.0,15.0,-12.46,130.84,41.0,57.0
9.0,9.0,-12.46,130.84,41.0,68.0
9.0,15.0,-12.46,130.84,41.0,43.0
9.0,9.0,-12.46,130.84,41.0,64.0
9.0,15.0,-12.46,130.84,41.0,52.0
9.0,9.0,-12.46,130.84,41.0,66.0
9.0,15.0,-12.46,130.84,41.0,63.0
9.0,9.0,-12.46,130.84,41.0,63.0
9.0,15.0,-12.46,130.84,41.0,44.0
9.0,9.0,-12.46,130.84,41.0,71.0
9.0,15.0,-12.46,130.84,41.0,50.0
9.0,9.0,-12.46,130.84,41.0,66.0
9.0,15.0,-12.46,130.84,41.0,50.0
9.0,9.0,-12.46,130.84,41.0,66.0
9.0,15.0,-12.46,130.84,41.0,49.0
9.0,9.0,-12.46,130.84,41.0,59.0
9.0,15.0,-12.46,130.84,41.0,44.0
9.0,9.0,-12.46,130.84,41.0,69.0
9.0,15.0,-12.46,130.84,41.0,57.0
9.0,9.0,-12.46,130.84,41.0,73.0
9.0,15.0,-12.46,130.84,41.0,48.0
9.0,9.0,-12.46,130.84,41.0,86.0
9.0,15.0,-12.46,130.84,41.0,89.0
9.0,9.0,-12.46,130.84,41.0,90.0
9.0,15.0,-12.46,130.84,41.0,76.0
9.0,9.0,-12.46,130.84,41.0,76.0
9.0,15.0,-12.46,130.84,41.0,52.0
9.0,9.0,-12.46,130.84,41.0,69.0
9.0,15.0,-12.46,130.84,41.0,60.0
9.0,9.0,-12.46,130.84,41.0,70.0
9.0,15.0,-12.46,130.84,41.0,41.0
9.0,9.0,-12.46,130.84,41.0,68.0
9.0,15.0,-12.46,130.84,41.0,63.0
9.0,9.0,-12.46,130.84,41.0,68.0
9.0,15.0,-12.46,130.84,41.0,55.0
9.0,9.0,-12.46,130.84,41.0,74.0
9.0,15.0,-12.46,130.84,41.0,50.0
9.0,9.0,-12.46,130.84,41.0,68.0
9.0,15.0,-12.46,130.84,41.0,59.0
9.0,9.0,-12.46,130.84,41.0,67.0
9.0,15.0,-12.46,130.84,41.0,55.0
9.0,9.0,-12.46,130.84,41.0,75.0
9.0,15.0,-12.46,130.84,41.0,39.0
9.0,9.0,-12.46,130.84,41.0,71.0
9.0,15.0,-12.46,130.84,41.0,55.0
9.0,9.0,-12.46,130.84,41.0,78.0
9.0,15.0,-12.46,130.84,41.0,57.0
