10.0,9.0,-12.46,130.84,41.0,71.0
10.0,15.0,-12.46,130.84,41.0,52.0
10.0,9.0,-12.46,130.84,41.0,70.0
10.0,15.0,-12.46,130.84,41.0,57.0
10.0,9.0,-12.46,130.84,41.0,77.0
10.0,15.0,-12.46,130.84,41.0,83.0
10.0,9.0,-12.46,130.84,41.0,76.0
10.0,15.0,-12.46,130.84,41.0,50.0
10.0,9.0,-12.46,130.84,41.0,82.0
10.0,15.0,-12.46,130.84,41.0,35.0
10.0,9.0,-12.46,130.84,41.0,40.0
10.0,15.0,-12.46,130.84,41.0,26.0
10.0,9.0,-12.46,130.84,41.0,60.0
10.0,15.0,-12.46,130.84,41.0,31.0
10.0,9.0,-12.46,130.84,41.0,64.0
10.0,15.0,-12.46,130.84,41.0,16.0
10.0,9.0,-12.46,130.84,41.0,66.0
10.0,15.0,-12.46,130.84,41.0,35.0
10.0,9.0,-12.46,130.84,41.0,63.0
10.0,15.0,-12.46,130.84,41.0,58.0
10.0,9.0,-12.46,130.84,41.0,68.0
10.0,15.0,-12.46,130.84,41.0,55.0
10.0,9.0,-12.46,130.84,41.0,72.0
10.0,15.0,-12.46,130.84,41.0,47.0
10.0,9.0,-12.46,130.84,41.0,69.0
10.0,15.0,-12.46,130.84,41.0,60.0
10.0,9.0,-12.46,130.84,41.0,64.0
10.0,15.0,-12.46,130.84,41.0,51.0
10.0,9.0,-12.46,130.84,41.0,55.0
10.0,15.0,-12.46,130.84,41.0,50.0
10.0,9.0,-12.46,130.84,41.0,61.0
10.0,15.0,-12.46,130.84,41.0,50.0
10.0,9.0,-12.46,130.84,41.0,59.0
10.0,15.0,-12.46,130.84,41.0,34.0
10.0,9.0,-12.46,130.84,41.0,66.0
10.0,15.0,-12.46,130.84,41.0,48.0
10.0,9.0,-12.46,130.84,41.0,62.0
10.0,15.0,-12.46,130.84,41.0,73.0
10.0,9.0,-12.46,130.84,41.0,65.0
10.0,15.0,-12.46,130.84,41.0,77.0
10.0,9.0,-12.46,130.84,41.0,68.0
10.0,15.0,-12.46,130.84,41.0,43.0
10.0,9.0,-12.46,130.84,41.0,88.0
10.0,15.0,-12.46,130.84,41.0,79.0
10.0,9.0,-12.46,130.84,41.0,64.0
10.0,15.0,-12.46,130.84,41.0,45.0
10.0,9.0,-12.46,130.84,41.0,60.0
10.0,15.0,-12.46,130.84,41.0,32.0
10.0,9.0,-12.46,130.84,41.0,72.0
10.0,15.0,-12.46,130.84,41.0,59.0
10.0,9.0,-12.46,130.84,41.0,80.0
10.0,15.0,-12.46,130.84,41.0,64.0
10.0,9.0,-12.46,130.84,41.0,75.0
10.0,15.0,-12.46,130.84,41.0,64.0
10.0,9.0,-12.46,130.84,41.0,66.0
10.0,15.0,-12.46,130.84,41.0,68.0
10.0,9.0,-12.46,130.84,41.0,69.0
10.0,15.0,-12.46,130.84,41.0,60.0
10.0,9.0,-12.46,130.84,41.0,62.0
10.0,15.0,-12.46,130.84,41.0,53.0
10.0,9.0,-12.46,130.84,41.0,62.0
10.0,15.0,-12.46,130.84,41.0,55.0
