12.0,9.0,-12.46,130.84,41.0,78.0
12.0,15.0,-12.46,130.84,41.0,58.0
12.0,9.0,-12.46,130.84,41.0,66.0
12.0,15.0,-12.46,130.84,41.0,50.0
12.0,9.0,-12.46,130.84,41.0,76.0
12.0,15.0,-12.46,130.84,41.0,67.0
12.0,9.0,-12.46,130.84,41.0,72.0
12.0,15.0,-12.46,130.84,41.0,50.0
12.0,9.0,-12.46,130.84,41.0,61.0
12.0,15.0,-12.46,130.84,41.0,79.0
12.0,9.0,-12.46,130.84,41.0,67.0
12.0,15.0,-12.46,130.84,41.0,56.0
12.0,9.0,-12.46,130.84,41.0,74.0
12.0,15.0,-12.46,130.84,41.0,63.0
12.0,9.0,-12.46,130.84,41.0,76.0
12.0,15.0,-12.46,130.84,41.0,56.0
12.0,9.0,-12.46,130.84,41.0,67.0
12.0,15.0,-12.46,130.84,41.0,57.0
12.0,9.0,-12.46,130.84,41.0,68.0
12.0,15.0,-12.46,130.84,41.0,56.0
12.0,9.0,-12.46,130.84,41.0,67.0
12.0,15.0,-12.46,130.84,41.0,68.0
12.0,9.0,-12.46,130.84,41.0,67.0
12.0,15.0,-12.46,130.84,41.0,56.0
12.0,9.0,-12.46,130.84,41.0,69.0
12.0,15.0,-12.46,130.84,41.0,54.0
12.0,9.0,-12.46,130.84,41.0,81.0
12.0,15.0,-12.46,130.84,41.0,60.0
12.0,9.0,-12.46,130.84,41.0,77.0
12.0,15.0,-12.46,130.84,41.0,67.0
12.0,9.0,-12.46,130.84,41.0,74.0
12.0,15.0,-12.46,130.84,41.0,60.0
12.0,9.0,-12.46,130.84,41.0,89.0
12.0,15.0,-12.46,130.84,41.0,79.0
12.0,9.0,-12.46,130.84,41.0,83.0
12.0,15.0,-12.46,130.84,41.0,79.0
12.0,9.0,-12.46,130.84,41.0,93.0
12.0,15.0,-12.46,130.84,41.0,82.0
12.0,9.0,-12.46,130.84,41.0,85.0
12.0,15.0,-12.46,130.84,41.0,90.0
12.0,9.0,-12.46,130.84,41.0,95.0
12.0,15.0,-12.46,130.84,41.0,71.0
12.0,9.0,-12.46,130.84,41.0,96.0
12.0,15.0,-12.46,130.84,41.0,94.0
12.0,9.0,-12.46,130.84,41.0,86.0
12.0,15.0,-12.46,130.84,41.0,60.0
12.0,9.0,-12.46,130.84,41.0,79.0
12.0,15.0,-12.46,130.84,41.0,71.0
12.0,9.0,-12.46,130.84,41.0,81.0
12.0,15.0,-12.46,130.84,41.0,66.0
12.0,9.0,-12.46,130.84,41.0,85.0
12.0,15.0,-12.46,130.84,41.0,55.0
12.0,9.0,-12.46,130.84,41.0,86.0
12.0,15.0,-12.46,130.84,41.0,80.0
12.0,9.0,-12.46,130.84,41.0,98.0
12.0,15.0,-12.46,130.84,41.0,84.0
12.0,9.0,-12.46,130.84,41.0,93.0
12.0,15.0,-12.46,130.84,41.0,66.0
12.0,9.0,-12.46,130.84,41.0,79.0
12.0,15.0,-12.46,130.84,41.0,90.0
12.0,9.0,-12.46,130.84,41.0,80.0
12.0,15.0,-12.46,130.84,41.0,71.0
