5.0,9.0,-12.46,130.84,41.0,57.0
5.0,15.0,-12.46,130.84,41.0,59.0
5.0,9.0,-12.46,130.84,41.0,76.0
5.0,15.0,-12.46,130.84,41.0,59.0
5.0,9.0,-12.46,130.84,41.0,75.0
5.0,15.0,-12.46,130.84,41.0,48.0
5.0,9.0,-12.46,130.84,41.0,74.0
5.0,15.0,-12.46,130.84,41.0,40.0
5.0,9.0,-12.46,130.84,41.0,57.0
5.0,15.0,-12.46,130.84,41.0,32.0
5.0,9.0,-12.46,130.84,41.0,68.0
5.0,15.0,-12.46,130.84,41.0,43.0
5.0,9.0,-12.46,130.84,41.0,72.0
5.0,15.0,-12.46,130.84,41.0,34.0
5.0,9.0,-12.46,130.84,41.0,57.0
5.0,15.0,-12.46,130.84,41.0,38.0
5.0,9.0,-12.46,130.84,41.0,55.0
5.0,15.0,-12.46,130.84,41.0,26.0
5.0,9.0,-12.46,130.84,41.0,44.0
5.0,15.0,-12.46,130.84,41.0,20.0
5.0,9.0,-12.46,130.84,41.0,39.0
5.0,15.0,-12.46,130.84,41.0,24.0
5.0,9.0,-12.46,130.84,41.0,47.0
5.0,15.0,-12.46,130.84,41.0,43.0
5.0,9.0,-12.46,130.84,41.0,71.0
5.0,15.0,-12.46,130.84,41.0,62.0
5.0,9.0,-12.46,130.84,41.0,64.0
5.0,15.0,-12.46,130.84,41.0,23.0
5.0,9.0,-12.46,130.84,41.0,46.0
5.0,15.0,-12.46,130.84,41.0,40.0
5.0,9.0,-12.46,130.84,41.0,78.0
5.0,15.0,-12.46,130.84,41.0,49.0
5.0,9.0,-12.46,130.84,41.0,79.0
5.0,15.0,-12.46,130.84,41.0,55.0
5.0,9.0,-12.46,130.84,41.0,71.0
5.0,15.0,-12.46,130.84,41.0,45.0
5.0,9.0,-12.46,130.84,41.0,64.0
5.0,15.0,-12.46,130.84,41.0,28.0
5.0,9.0,-12.46,130.84,41.0,64.0
5.0,15.0,-12.46,130.84,41.0,48.0
5.0,9.0,-12.46,130.84,41.0,60.0
5.0,15.0,-12.46,130.84,41.0,55.0
5.0,9.0,-12.46,130.84,41.0,75.0
5.0,15.0,-12.46,130.84,41.0,54.0
5.0,9.0,-12.46,130.84,41.0,71.0
5.0,15.0,-12.46,130.84,41.0,32.0
5.0,9.0,-12.46,130.84,41.0,60.0
5.0,15.0,-12.46,130.84,41.0,24.0
5.0,9.0,-12.46,130.84,41.0,60.0
5.0,15.0,-12.46,130.84,41.0,38.0
5.0,9.0,-12.46,130.84,41.0,48.0
5.0,15.0,-12.46,130.84,41.0,38.0
5.0,9.0,-12.46,130.84,41.0,59.0
5.0,15.0,-12.46,130.84,41.0,21.0
5.0,9.0,-12.46,130.84,41.0,56.0
5.0,15.0,-12.46,130.84,41.0,31.0
5.0,9.0,-12.46,130.84,41.0,48.0
5.0,15.0,-12.46,130.84,41.0,31.0
5.0,9.0,-12.46,130.84,41.0,52.0
5.0,15.0,-12.46,130.84,41.0,25.0
5.0,9.0,-12.46,130.84,41.0,31.0
5.0,15.0,-12.46,130.84,41.0,16.0
