11.0,9.0,-12.46,130.84,41.0,69.0
11.0,15.0,-12.46,130.84,41.0,84.0
11.0,9.0,-12.46,130.84,41.0,67.0
11.0,15.0,-12.46,130.84,41.0,56.0
11.0,9.0,-12.46,130.84,41.0,67.0
11.0,15.0,-12.46,130.84,41.0,53.0
11.0,9.0,-12.46,130.84,41.0,65.0
11.0,15.0,-12.46,130.84,41.0,57.0
11.0,9.0,-12.46,130.84,41.0,65.0
11.0,15.0,-12.46,130.84,41.0,58.0
11.0,9.0,-12.46,130.84,41.0,79.0
11.0,15.0,-12.46,130.84,41.0,93.0
11.0,9.0,-12.46,130.84,41.0,70.0
11.0,15.0,-12.46,130.84,41.0,57.0
11.0,9.0,-12.46,130.84,41.0,68.0
11.0,15.0,-12.46,130.84,41.0,61.0
11.0,9.0,-12.46,130.84,41.0,70.0
11.0,15.0,-12.46,130.84,41.0,61.0
11.0,9.0,-12.46,130.84,41.0,73.0
11.0,15.0,-12.46,130.84,41.0,74.0
11.0,9.0,-12.46,130.84,41.0,73.0
11.0,15.0,-12.46,130.84,41.0,56.0
11.0,9.0,-12.46,130.84,41.0,62.0
11.0,15.0,-12.46,130.84,41.0,53.0
11.0,9.0,-12.46,130.84,41.0,68.0
11.0,15.0,-12.46,130.84,41.0,52.0
11.0,9.0,-12.46,130.84,41.0,84.0
11.0,15.0,-12.46,130.84,41.0,56.0
11.0,9.0,-12.46,130.84,41.0,64.0
11.0,15.0,-12.46,130.84,41.0,63.0
11.0,9.0,-12.46,130.84,41.0,59.0
11.0,15.0,-12.46,130.84,41.0,51.0
11.0,9.0,-12.46,130.84,41.0,58.0
11.0,15.0,-12.46,130.84,41.0,58.0
11.0,9.0,-12.46,130.84,41.0,63.0
11.0,15.0,-12.46,130.84,41.0,51.0
11.0,9.0,-12.46,130.84,41.0,69.0
11.0,15.0,-12.46,130.84,41.0,61.0
11.0,9.0,-12.46,130.84,41.0,91.0
11.0,15.0,-12.46,130.84,41.0,52.0
11.0,9.0,-12.46,130.84,41.0,83.0
11.0,15.0,-12.46,130.84,41.0,58.0
11.0,9.0,-12.46,130.84,41.0,67.0
11.0,15.0,-12.46,130.84,41.0,82.0
11.0,9.0,-12.46,130.84,41.0,91.0
11.0,15.0,-12.46,130.84,41.0,71.0
11.0,9.0,-12.46,130.84,41.0,71.0
11.0,15.0,-12.46,130.84,41.0,57.0
11.0,9.0,-12.46,130.84,41.0,66.0
11.0,15.0,-12.46,130.84,41.0,51.0
11.0,9.0,-12.46,130.84,41.0,84.0
11.0,15.0,-12.46,130.84,41.0,58.0
11.0,9.0,-12.46,130.84,41.0,72.0
11.0,15.0,-12.46,130.84,41.0,47.0
11.0,9.0,-12.46,130.84,41.0,76.0
11.0,15.0,-12.46,130.84,41.0,82.0
11.0,9.0,-12.46,130.84,41.0,68.0
11.0,15.0,-12.46,130.84,41.0,56.0
11.0,9.0,-12.46,130.84,41.0,75.0
11.0,15.0,-12.46,130.84,41.0,65.0
