11.0,9.0,-34.93,138.6,58.0,68.0
11.0,15.0,-34.93,138.6,58.0,74.0
11.0,9.0,-34.93,138.6,58.0,54.0
11.0,15.0,-34.93,138.6,58.0,47.0
11.0,9.0,-34.93,138.6,58.0,63.0
11.0,15.0,-34.93,138.6,58.0,37.0
11.0,9.0,-34.93,138.6,58.0,57.0
11.0,15.0,-34.93,138.6,58.0,42.0
11.0,9.0,-34.93,138.6,58.0,53.0
11.0,15.0,-34.93,138.6,58.0,54.0
11.0,9.0,-34.93,138.6,58.0,70.0
11.0,15.0,-34.93,138.6,58.0,28.0
11.0,9.0,-34.93,138.6,58.0,66.0
11.0,15.0,-34.93,138.6,58.0,70.0
11.0,9.0,-34.93,138.6,58.0,47.0
11.0,15.0,-34.93,138.6,58.0,50.0
11.0,9.0,-34.93,138.6,58.0,59.0
11.0,15.0,-34.93,138.6,58.0,57.0
11.0,9.0,-34.93,138.6,58.0,59.0
11.0,15.0,-34.93,138.6,58.0,57.0
11.0,9.0,-34.93,138.6,58.0,28.0
11.0,15.0,-34.93,138.6,58.0,29.0
11.0,9.0,-34.93,138.6,58.0,80.0
11.0,15.0,-34.93,138.6,58.0,72.0
11.0,9.0,-34.93,138.6,58.0,66.0
11.0,15.0,-34.93,138.6,58.0,57.0
11.0,9.0,-34.93,138.6,58.0,84.0
11.0,15.0,-34.93,138.6,58.0,56.0
11.0,9.0,-34.93,138.6,58.0,65.0
11.0,15.0,-34.93,138.6,58.0,58.0
11.0,9.0,-34.93,138.6,58.0,61.0
11.0,15.0,-34.93,138.6,58.0,52.0
11.0,9.0,-34.93,138.6,58.0,24.0
11.0,15.0,-34.93,138.6,58.0,12.0
11.0,9.0,-34.93,138.6,58.0,57.0
11.0,15.0,-34.93,138.6,58.0,67.0
11.0,9.0,-34.93,138.6,58.0,44.0
11.0,15.0,-34.93,138.6,58.0,50.0
11.0,9.0,-34.93,138.6,58.0,47.0
11.0,15.0,-34.93,138.6,58.0,22.0
11.0,9.0,-34.93,138.6,58.0,34.0
11.0,15.0,-34.93,138.6,58.0,57.0
11.0,9.0,-34.93,138.6,58.0,73.0
11.0,15.0,-34.93,138.6,58.0,67.0
11.0,9.0,-34.93,138.6,58.0,46.0
11.0,15.0,-34.93,138.6,58.0,44.0
11.0,9.0,-34.93,138.6,58.0,49.0
11.0,15.0,-34.93,138.6,58.0,49.0
11.0,9.0,-34.93,138.6,58.0,57.0
11.0,15.0,-34.93,138.6,58.0,53.0
11.0,9.0,-34.93,138.6,58.0,53.0
11.0,15.0,-34.93,138.6,58.0,33.0
11.0,9.0,-34.93,138.6,58.0,55.0
11.0,15.0,-34.93,138.6,58.0,43.0
11.0,9.0,-34.93,138.6,58.0,41.0
11.0,15.0,-34.93,138.6,58.0,46.0
11.0,9.0,-34.93,138.6,58.0,41.0
11.0,15.0,-34.93,138.6,58.0,63.0
11.0,9.0,-34.93,138.6,58.0,62.0
11.0,15.0,-34.93,138.6,58.0,51.0
