10.0,9.0,-34.93,138.6,58.0,57.0
10.0,15.0,-34.93,138.6,58.0,38.0
10.0,9.0,-34.93,138.6,58.0,39.0
10.0,15.0,-34.93,138.6,58.0,64.0
10.0,9.0,-34.93,138.6,58.0,83.0
10.0,15.0,-34.93,138.6,58.0,67.0
10.0,9.0,-34.93,138.6,58.0,86.0
10.0,15.0,-34.93,138.6,58.0,68.0
10.0,9.0,-34.93,138.6,58.0,76.0
10.0,15.0,-34.93,138.6,58.0,46.0
10.0,9.0,-34.93,138.6,58.0,43.0
10.0,15.0,-34.93,138.6,58.0,29.0
10.0,9.0,-34.93,138.6,58.0,42.0
10.0,15.0,-34.93,138.6,58.0,71.0
10.0,9.0,-34.93,138.6,58.0,57.0
10.0,15.0,-34.93,138.6,58.0,53.0
10.0,9.0,-34.93,138.6,58.0,33.0
10.0,15.0,-34.93,138.6,58.0,91.0
10.0,9.0,-34.93,138.6,58.0,61.0
10.0,15.0,-34.93,138.6,58.0,51.0
10.0,9.0,-34.93,138.6,58.0,55.0
10.0,15.0,-34.93,138.6,58.0,57.0
10.0,9.0,-34.93,138.6,58.0,69.0
10.0,15.0,-34.93,138.6,58.0,66.0
10.0,9.0,-34.93,138.6,58.0,71.0
10.0,15.0,-34.93,138.6,58.0,57.0
10.0,9.0,-34.93,138.6,58.0,32.0
10.0,15.0,-34.93,138.6,58.0,39.0
10.0,9.0,-34.93,138.6,58.0,20.0
10.0,15.0,-34.93,138.6,58.0,19.0
10.0,9.0,-34.93,138.6,58.0,85.0
10.0,15.0,-34.93,138.6,58.0,81.0
10.0,9.0,-34.93,138.6,58.0,56.0
10.0,15.0,-34.93,138.6,58.0,66.0
10.0,9.0,-34.93,138.6,58.0,64.0
10.0,15.0,-34.93,138.6,58.0,64.0
10.0,9.0,-34.93,138.6,58.0,70.0
10.0,15.0,-34.93,138.6,58.0,55.0
10.0,9.0,-34.93,138.6,58.0,36.0
10.0,15.0,-34.93,138.6,58.0,21.0
10.0,9.0,-34.93,138.6,58.0,74.0
10.0,15.0,-34.93,138.6,58.0,47.0
10.0,9.0,-34.93,138.6,58.0,51.0
10.0,15.0,-34.93,138.6,58.0,51.0
10.0,9.0,-34.93,138.6,58.0,55.0
10.0,15.0,-34.93,138.6,58.0,53.0
10.0,9.0,-34.93,138.6,58.0,40.0
10.0,15.0,-34.93,138.6,58.0,28.0
10.0,9.0,-34.93,138.6,58.0,24.0
10.0,15.0,-34.93,138.6,58.0,16.0
10.0,9.0,-34.93,138.6,58.0,88.0
10.0,15.0,-34.93,138.6,58.0,54.0
10.0,9.0,-34.93,138.6,58.0,54.0
10.0,15.0,-34.93,138.6,58.0,55.0
10.0,9.0,-34.93,138.6,58.0,62.0
10.0,15.0,-34.93,138.6,58.0,55.0
10.0,9.0,-34.93,138.6,58.0,34.0
10.0,15.0,-34.93,138.6,58.0,18.0
10.0,9.0,-34.93,138.6,58.0,65.0
10.0,15.0,-34.93,138.6,58.0,48.0
10.0,9.0,-34.93,138.6,58.0,50.0
10.0,15.0,-34.93,138.6,58.0,53.0
