2.0,9.0,-34.93,138.6,58.0,55.0
2.0,15.0,-34.93,138.6,58.0,49.0
2.0,9.0,-34.93,138.6,58.0,66.0
2.0,15.0,-34.93,138.6,58.0,48.0
2.0,9.0,-34.93,138.6,58.0,59.0
2.0,15.0,-34.93,138.6,58.0,55.0
2.0,9.0,-34.93,138.6,58.0,44.0
2.0,15.0,-34.93,138.6,58.0,54.0
2.0,9.0,-34.93,138.6,58.0,80.0
2.0,15.0,-34.93,138.6,58.0,80.0
2.0,9.0,-34.93,138.6,58.0,83.0
2.0,15.0,-34.93,138.6,58.0,66.0
2.0,9.0,-34.93,138.6,58.0,59.0
2.0,15.0,-34.93,138.6,58.0,48.0
2.0,9.0,-34.93,138.6,58.0,42.0
2.0,15.0,-34.93,138.6,58.0,36.0
2.0,9.0,-34.93,138.6,58.0,65.0
2.0,15.0,-34.93,138.6,58.0,40.0
2.0,9.0,-34.93,138.6,58.0,78.0
2.0,15.0,-34.93,138.6,58.0,55.0
2.0,9.0,-34.93,138.6,58.0,77.0
2.0,15.0,-34.93,138.6,58.0,47.0
2.0,9.0,-34.93,138.6,58.0,53.0
2.0,15.0,-34.93,138.6,58.0,42.0
2.0,9.0,-34.93,138.6,58.0,59.0
2.0,15.0,-34.93,138.6,58.0,55.0
2.0,9.0,-34.93,138.6,58.0,70.0
2.0,15.0,-34.93,138.6,58.0,62.0
2.0,9.0,-34.93,138.6,58.0,33.0
2.0,15.0,-34.93,138.6,58.0,54.0
2.0,9.0,-34.93,138.6,58.0,69.0
2.0,15.0,-34.93,138.6,58.0,61.0
2.0,9.0,-34.93,138.6,58.0,59.0
2.0,15.0,-34.93,138.6,58.0,59.0
2.0,9.0,-34.93,138.6,58.0,50.0
2.0,15.0,-34.93,138.6,58.0,50.0
2.0,9.0,-34.93,138.6,58.0,80.0
2.0,15.0,-34.93,138.6,58.0,62.0
2.0,9.0,-34.93,138.6,58.0,60.0
2.0,15.0,-34.93,138.6,58.0,44.0
2.0,9.0,-34.93,138.6,58.0,49.0
2.0,15.0,-34.93,138.6,58.0,32.0
2.0,9.0,-34.93,138.6,58.0,17.0
2.0,15.0,-34.93,138.6,58.0,43.0
2.0,9.0,-34.93,138.6,58.0,59.0
2.0,15.0,-34.93,138.6,58.0,53.0
2.0,9.0,-34.93,138.6,58.0,57.0
2.0,15.0,-34.93,138.6,58.0,39.0
2.0,9.0,-34.93,138.6,58.0,50.0
2.0,15.0,-34.93,138.6,58.0,37.0
2.0,9.0,-34.93,138.6,58.0,51.0
2.0,15.0,-34.93,138.6,58.0,44.0
2.0,9.0,-34.93,138.6,58.0,67.0
2.0,15.0,-34.93,138.6,58.0,49.0
2.0,9.0,-34.93,138.6,58.0,23.0
2.0,15.0,-34.93,138.6,58.0,39.0
