5.0,9.0,-34.93,138.6,58.0,73.0
5.0,15.0,-34.93,138.6,58.0,80.0
5.0,9.0,-34.93,138.6,58.0,58.0
5.0,15.0,-34.93,138.6,58.0,49.0
5.0,9.0,-34.93,138.6,58.0,78.0
5.0,15.0,-34.93,138.6,58.0,53.0
5.0,9.0,-34.93,138.6,58.0,55.0
5.0,15.0,-34.93,138.6,58.0,44.0
5.0,9.0,-34.93,138.6,58.0,51.0
5.0,15.0,-34.93,138.6,58.0,30.0
5.0,9.0,-34.93,138.6,58.0,58.0
5.0,15.0,-34.93,138.6,58.0,50.0
5.0,9.0,-34.93,138.6,58.0,59.0
5.0,15.0,-34.93,138.6,58.0,42.0
5.0,9.0,-34.93,138.6,58.0,57.0
5.0,15.0,-34.93,138.6,58.0,43.0
5.0,9.0,-34.93,138.6,58.0,70.0
5.0,15.0,-34.93,138.6,58.0,58.0
5.0,9.0,-34.93,138.6,58.0,63.0
5.0,15.0,-34.93,138.6,58.0,34.0
5.0,9.0,-34.93,138.6,58.0,58.0
5.0,15.0,-34.93,138.6,58.0,58.0
5.0,9.0,-34.93,138.6,58.0,60.0
5.0,15.0,-34.93,138.6,58.0,38.0
5.0,9.0,-34.93,138.6,58.0,60.0
5.0,15.0,-34.93,138.6,58.0,52.0
5.0,9.0,-34.93,138.6,58.0,59.0
5.0,15.0,-34.93,138.6,58.0,45.0
5.0,9.0,-34.93,138.6,58.0,66.0
5.0,15.0,-34.93,138.6,58.0,47.0
5.0,9.0,-34.93,138.6,58.0,25.0
5.0,15.0,-34.93,138.6,58.0,55.0
5.0,9.0,-34.93,138.6,58.0,64.0
5.0,15.0,-34.93,138.6,58.0,71.0
5.0,9.0,-34.93,138.6,58.0,58.0
5.0,15.0,-34.93,138.6,58.0,37.0
5.0,9.0,-34.93,138.6,58.0,83.0
5.0,15.0,-34.93,138.6,58.0,60.0
5.0,9.0,-34.93,138.6,58.0,76.0
5.0,15.0,-34.93,138.6,58.0,55.0
5.0,9.0,-34.93,138.6,58.0,60.0
5.0,15.0,-34.93,138.6,58.0,43.0
5.0,9.0,-34.93,138.6,58.0,43.0
5.0,15.0,-34.93,138.6,58.0,43.0
5.0,9.0,-34.93,138.6,58.0,99.0
5.0,15.0,-34.93,138.6,58.0,63.0
5.0,9.0,-34.93,138.6,58.0,74.0
5.0,15.0,-34.93,138.6,58.0,67.0
5.0,9.0,-34.93,138.6,58.0,83.0
5.0,15.0,-34.93,138.6,58.0,61.0
5.0,9.0,-34.93,138.6,58.0,84.0
5.0,15.0,-34.93,138.6,58.0,35.0
5.0,9.0,-34.93,138.6,58.0,63.0
5.0,15.0,-34.93,138.6,58.0,63.0
5.0,9.0,-34.93,138.6,58.0,84.0
5.0,15.0,-34.93,138.6,58.0,60.0
5.0,9.0,-34.93,138.6,58.0,95.0
5.0,15.0,-34.93,138.6,58.0,93.0
5.0,9.0,-34.93,138.6,58.0,57.0
5.0,15.0,-34.93,138.6,58.0,46.0
5.0,9.0,-34.93,138.6,58.0,69.0
5.0,15.0,-34.93,138.6,58.0,41.0
