12.0,9.0,-34.93,138.6,58.0,61.0
12.0,15.0,-34.93,138.6,58.0,60.0
12.0,9.0,-34.93,138.6,58.0,63.0
12.0,15.0,-34.93,138.6,58.0,52.0
12.0,9.0,-34.93,138.6,58.0,43.0
12.0,15.0,-34.93,138.6,58.0,46.0
12.0,9.0,-34.93,138.6,58.0,65.0
12.0,15.0,-34.93,138.6,58.0,65.0
12.0,9.0,-34.93,138.6,58.0,53.0
12.0,15.0,-34.93,138.6,58.0,54.0
12.0,9.0,-34.93,138.6,58.0,47.0
12.0,15.0,-34.93,138.6,58.0,55.0
12.0,9.0,-34.93,138.6,58.0,45.0
12.0,15.0,-34.93,138.6,58.0,43.0
12.0,9.0,-34.93,138.6,58.0,68.0
12.0,15.0,-34.93,138.6,58.0,57.0
12.0,9.0,-34.93,138.6,58.0,42.0
12.0,15.0,-34.93,138.6,58.0,48.0
12.0,9.0,-34.93,138.6,58.0,51.0
12.0,15.0,-34.93,138.6,58.0,51.0
12.0,9.0,-34.93,138.6,58.0,55.0
12.0,15.0,-34.93,138.6,58.0,43.0
12.0,9.0,-34.93,138.6,58.0,23.0
12.0,15.0,-34.93,138.6,58.0,15.0
12.0,9.0,-34.93,138.6,58.0,19.0
12.0,15.0,-34.93,138.6,58.0,26.0
12.0,9.0,-34.93,138.6,58.0,72.0
12.0,15.0,-34.93,138.6,58.0,44.0
12.0,9.0,-34.93,138.6,58.0,42.0
12.0,15.0,-34.93,138.6,58.0,32.0
12.0,9.0,-34.93,138.6,58.0,52.0
12.0,15.0,-34.93,138.6,58.0,33.0
12.0,9.0,-34.93,138.6,58.0,69.0
12.0,15.0,-34.93,138.6,58.0,40.0
12.0,9.0,-34.93,138.6,58.0,47.0
12.0,15.0,-34.93,138.6,58.0,39.0
12.0,9.0,-34.93,138.6,58.0,14.0
12.0,15.0,-34.93,138.6,58.0,12.0
12.0,9.0,-34.93,138.6,58.0,53.0
12.0,15.0,-34.93,138.6,58.0,51.0
12.0,9.0,-34.93,138.6,58.0,50.0
12.0,15.0,-34.93,138.6,58.0,54.0
12.0,9.0,-34.93,138.6,58.0,51.0
12.0,15.0,-34.93,138.6,58.0,56.0
12.0,9.0,-34.93,138.6,58.0,19.0
12.0,15.0,-34.93,138.6,58.0,35.0
12.0,9.0,-34.93,138.6,58.0,45.0
12.0,15.0,-34.93,138.6,58.0,58.0
12.0,9.0,-34.93,138.6,58.0,33.0
12.0,15.0,-34.93,138.6,58.0,24.0
12.0,9.0,-34.93,138.6,58.0,88.0
12.0,15.0,-34.93,138.6,58.0,70.0
12.0,9.0,-34.93,138.6,58.0,80.0
12.0,15.0,-34.93,138.6,58.0,84.0
12.0,9.0,-34.93,138.6,58.0,93.0
12.0,15.0,-34.93,138.6,58.0,64.0
12.0,9.0,-34.93,138.6,58.0,34.0
12.0,15.0,-34.93,138.6,58.0,35.0
12.0,9.0,-34.93,138.6,58.0,73.0
12.0,15.0,-34.93,138.6,58.0,67.0
12.0,9.0,-34.93,138.6,58.0,67.0
12.0,15.0,-34.93,138.6,58.0,62.0
