8.0,9.0,-34.93,138.6,58.0,87.0
8.0,15.0,-34.93,138.6,58.0,74.0
8.0,9.0,-34.93,138.6,58.0,72.0
8.0,15.0,-34.93,138.6,58.0,75.0
8.0,9.0,-34.93,138.6,58.0,83.0
8.0,15.0,-34.93,138.6,58.0,45.0
8.0,9.0,-34.93,138.6,58.0,82.0
8.0,15.0,-34.93,138.6,58.0,50.0
8.0,9.0,-34.93,138.6,58.0,69.0
8.0,15.0,-34.93,138.6,58.0,51.0
8.0,9.0,-34.93,138.6,58.0,68.0
8.0,15.0,-34.93,138.6,58.0,49.0
8.0,9.0,-34.93,138.6,58.0,49.0
8.0,15.0,-34.93,138.6,58.0,38.0
8.0,9.0,-34.93,138.6,58.0,36.0
8.0,15.0,-34.93,138.6,58.0,36.0
8.0,9.0,-34.93,138.6,58.0,73.0
8.0,15.0,-34.93,138.6,58.0,73.0
8.0,9.0,-34.93,138.6,58.0,79.0
8.0,15.0,-34.93,138.6,58.0,92.0
8.0,9.0,-34.93,138.6,58.0,81.0
8.0,15.0,-34.93,138.6,58.0,68.0
8.0,9.0,-34.93,138.6,58.0,70.0
8.0,15.0,-34.93,138.6,58.0,54.0
8.0,9.0,-34.93,138.6,58.0,96.0
8.0,15.0,-34.93,138.6,58.0,63.0
8.0,9.0,-34.93,138.6,58.0,78.0
8.0,15.0,-34.93,138.6,58.0,45.0
8.0,9.0,-34.93,138.6,58.0,70.0
8.0,15.0,-34.93,138.6,58.0,31.0
8.0,9.0,-34.93,138.6,58.0,37.0
8.0,15.0,-34.93,138.6,58.0,32.0
8.0,9.0,-34.93,138.6,58.0,76.0
8.0,15.0,-34.93,138.6,58.0,62.0
8.0,9.0,-34.93,138.6,58.0,32.0
8.0,15.0,-34.93,138.6,58.0,23.0
8.0,9.0,-34.93,138.6,58.0,68.0
8.0,15.0,-34.93,138.6,58.0,77.0
8.0,9.0,-34.93,138.6,58.0,67.0
8.0,15.0,-34.93,138.6,58.0,77.0
8.0,9.0,-34.93,138.6,58.0,76.0
8.0,15.0,-34.93,138.6,58.0,51.0
8.0,9.0,-34.93,138.6,58.0,59.0
8.0,15.0,-34.93,138.6,58.0,64.0
8.0,9.0,-34.93,138.6,58.0,77.0
8.0,15.0,-34.93,138.6,58.0,74.0
8.0,9.0,-34.93,138.6,58.0,77.0
8.0,15.0,-34.93,138.6,58.0,72.0
8.0,9.0,-34.93,138.6,58.0,67.0
8.0,15.0,-34.93,138.6,58.0,58.0
8.0,9.0,-34.93,138.6,58.0,85.0
8.0,15.0,-34.93,138.6,58.0,42.0
8.0,9.0,-34.93,138.6,58.0,51.0
8.0,15.0,-34.93,138.6,58.0,43.0
8.0,9.0,-34.93,138.6,58.0,34.0
8.0,15.0,-34.93,138.6,58.0,27.0
8.0,9.0,-34.93,138.6,58.0,42.0
8.0,15.0,-34.93,138.6,58.0,32.0
8.0,9.0,-34.93,138.6,58.0,96.0
8.0,15.0,-34.93,138.6,58.0,67.0
8.0,9.0,-34.93,138.6,58.0,85.0
8.0,15.0,-34.93,138.6,58.0,89.0
