1.0,9.0,-34.93,138.6,58.0,74.0
1.0,15.0,-34.93,138.6,58.0,61.0
1.0,9.0,-34.93,138.6,58.0,57.0
1.0,15.0,-34.93,138.6,58.0,39.0
1.0,9.0,-34.93,138.6,58.0,53.0
1.0,15.0,-34.93,138.6,58.0,31.0
1.0,9.0,-34.93,138.6,58.0,46.0
1.0,15.0,-34.93,138.6,58.0,27.0
1.0,9.0,-34.93,138.6,58.0,37.0
1.0,15.0,-34.93,138.6,58.0,33.0
1.0,9.0,-34.93,138.6,58.0,33.0
1.0,15.0,-34.93,138.6,58.0,19.0
1.0,9.0,-34.93,138.6,58.0,27.0
1.0,15.0,-34.93,138.6,58.0,20.0
1.0,9.0,-34.93,138.6,58.0,65.0
1.0,15.0,-34.93,138.6,58.0,58.0
1.0,9.0,-34.93,138.6,58.0,65.0
1.0,15.0,-34.93,138.6,58.0,60.0
1.0,9.0,-34.93,138.6,58.0,61.0
1.0,15.0,-34.93,138.6,58.0,59.0
1.0,9.0,-34.93,138.6,58.0,57.0
1.0,15.0,-34.93,138.6,58.0,59.0
1.0,9.0,-34.93,138.6,58.0,54.0
1.0,15.0,-34.93,138.6,58.0,45.0
1.0,9.0,-34.93,138.6,58.0,95.0
1.0,15.0,-34.93,138.6,58.0,64.0
1.0,9.0,-34.93,138.6,58.0,56.0
1.0,15.0,-34.93,138.6,58.0,49.0
1.0,9.0,-34.93,138.6,58.0,59.0
1.0,15.0,-34.93,138.6,58.0,59.0
1.0,9.0,-34.93,138.6,58.0,56.0
1.0,15.0,-34.93,138.6,58.0,22.0
1.0,9.0,-34.93,138.6,58.0,31.0
1.0,15.0,-34.93,138.6,58.0,10.0
1.0,9.0,-34.93,138.6,58.0,61.0
1.0,15.0,-34.93,138.6,58.0,35.0
1.0,9.0,-34.93,138.6,58.0,41.0
1.0,15.0,-34.93,138.6,58.0,22.0
1.0,9.0,-34.93,138.6,58.0,72.0
1.0,15.0,-34.93,138.6,58.0,48.0
1.0,9.0,-34.93,138.6,58.0,59.0
1.0,15.0,-34.93,138.6,58.0,53.0
1.0,9.0,-34.93,138.6,58.0,36.0
1.0,15.0,-34.93,138.6,58.0,53.0
1.0,9.0,-34.93,138.6,58.0,59.0
1.0,15.0,-34.93,138.6,58.0,84.0
1.0,9.0,-34.93,138.6,58.0,64.0
1.0,15.0,-34.93,138.6,58.0,50.0
1.0,9.0,-34.93,138.6,58.0,52.0
1.0,15.0,-34.93,138.6,58.0,41.0
1.0,9.0,-34.93,138.6,58.0,57.0
1.0,15.0,-34.93,138.6,58.0,41.0
1.0,9.0,-34.93,138.6,58.0,63.0
1.0,15.0,-34.93,138.6,58.0,50.0
1.0,9.0,-34.93,138.6,58.0,50.0
1.0,15.0,-34.93,138.6,58.0,44.0
1.0,9.0,-34.93,138.6,58.0,52.0
1.0,15.0,-34.93,138.6,58.0,37.0
1.0,9.0,-34.93,138.6,58.0,57.0
1.0,15.0,-34.93,138.6,58.0,71.0
1.0,9.0,-34.93,138.6,58.0,60.0
1.0,15.0,-34.93,138.6,58.0,55.0
