3.0,9.0,-34.93,138.6,58.0,22.0
3.0,15.0,-34.93,138.6,58.0,23.0
3.0,9.0,-34.93,138.6,58.0,55.0
3.0,15.0,-34.93,138.6,58.0,44.0
3.0,9.0,-34.93,138.6,58.0,55.0
3.0,15.0,-34.93,138.6,58.0,22.0
3.0,9.0,-34.93,138.6,58.0,51.0
3.0,15.0,-34.93,138.6,58.0,57.0
3.0,9.0,-34.93,138.6,58.0,61.0
3.0,15.0,-34.93,138.6,58.0,42.0
3.0,9.0,-34.93,138.6,58.0,71.0
3.0,15.0,-34.93,138.6,58.0,48.0
3.0,9.0,-34.93,138.6,58.0,59.0
3.0,15.0,-34.93,138.6,58.0,65.0
3.0,9.0,-34.93,138.6,58.0,54.0
3.0,15.0,-34.93,138.6,58.0,62.0
3.0,9.0,-34.93,138.6,58.0,56.0
3.0,15.0,-34.93,138.6,58.0,58.0
3.0,9.0,-34.93,138.6,58.0,45.0
3.0,15.0,-34.93,138.6,58.0,50.0
3.0,9.0,-34.93,138.6,58.0,31.0
3.0,15.0,-34.93,138.6,58.0,26.0
3.0,9.0,-34.93,138.6,58.0,79.0
3.0,15.0,-34.93,138.6,58.0,68.0
3.0,9.0,-34.93,138.6,58.0,68.0
3.0,15.0,-34.93,138.6,58.0,55.0
3.0,9.0,-34.93,138.6,58.0,77.0
3.0,15.0,-34.93,138.6,58.0,53.0
3.0,9.0,-34.93,138.6,58.0,38.0
3.0,15.0,-34.93,138.6,58.0,28.0
3.0,9.0,-34.93,138.6,58.0,57.0
3.0,15.0,-34.93,138.6,58.0,44.0
3.0,9.0,-34.93,138.6,58.0,50.0
3.0,15.0,-34.93,138.6,58.0,40.0
3.0,9.0,-34.93,138.6,58.0,47.0
3.0,15.0,-34.93,138.6,58.0,34.0
3.0,9.0,-34.93,138.6,58.0,44.0
3.0,15.0,-34.93,138.6,58.0,35.0
3.0,9.0,-34.93,138.6,58.0,37.0
3.0,15.0,-34.93,138.6,58.0,63.0
3.0,9.0,-34.93,138.6,58.0,70.0
3.0,15.0,-34.93,138.6,58.0,50.0
3.0,9.0,-34.93,138.6,58.0,71.0
3.0,15.0,-34.93,138.6,58.0,64.0
3.0,9.0,-34.93,138.6,58.0,70.0
3.0,15.0,-34.93,138.6,58.0,63.0
3.0,9.0,-34.93,138.6,58.0,57.0
3.0,15.0,-34.93,138.6,58.0,55.0
3.0,9.0,-34.93,138.6,58.0,80.0
3.0,15.0,-34.93,138.6,58.0,70.0
3.0,9.0,-34.93,138.6,58.0,79.0
3.0,15.0,-34.93,138.6,58.0,45.0
3.0,9.0,-34.93,138.6,58.0,66.0
3.0,15.0,-34.93,138.6,58.0,46.0
3.0,9.0,-34.93,138.6,58.0,65.0
3.0,15.0,-34.93,138.6,58.0,44.0
3.0,9.0,-34.93,138.6,58.0,64.0
3.0,15.0,-34.93,138.6,58.0,91.0
3.0,9.0,-34.93,138.6,58.0,62.0
3.0,15.0,-34.93,138.6,58.0,40.0
3.0,9.0,-34.93,138.6,58.0,68.0
3.0,15.0,-34.93,138.6,58.0,49.0
