4.0,9.0,-34.93,138.6,58.0,93.0
4.0,15.0,-34.93,138.6,58.0,42.0
4.0,9.0,-34.93,138.6,58.0,48.0
4.0,15.0,-34.93,138.6,58.0,33.0
4.0,9.0,-34.93,138.6,58.0,45.0
4.0,15.0,-34.93,138.6,58.0,31.0
4.0,9.0,-34.93,138.6,58.0,48.0
4.0,15.0,-34.93,138.6,58.0,44.0
4.0,9.0,-34.93,138.6,58.0,26.0
4.0,15.0,-34.93,138.6,58.0,42.0
4.0,9.0,-34.93,138.6,58.0,30.0
4.0,15.0,-34.93,138.6,58.0,20.0
4.0,9.0,-34.93,138.6,58.0,27.0
4.0,15.0,-34.93,138.6,58.0,18.0
4.0,9.0,-34.93,138.6,58.0,29.0
4.0,15.0,-34.93,138.6,58.0,70.0
4.0,9.0,-34.93,138.6,58.0,44.0
4.0,15.0,-34.93,138.6,58.0,45.0
4.0,9.0,-34.93,138.6,58.0,44.0
4.0,15.0,-34.93,138.6,58.0,56.0
4.0,9.0,-34.93,138.6,58.0,73.0
4.0,15.0,-34.93,138.6,58.0,50.0
4.0,9.0,-34.93,138.6,58.0,63.0
4.0,15.0,-34.93,138.6,58.0,55.0
4.0,9.0,-34.93,138.6,58.0,60.0
4.0,15.0,-34.93,138.6,58.0,41.0
4.0,9.0,-34.93,138.6,58.0,50.0
4.0,15.0,-34.93,138.6,58.0,51.0
4.0,9.0,-34.93,138.6,58.0,62.0
4.0,15.0,-34.93,138.6,58.0,50.0
4.0,9.0,-34.93,138.6,58.0,52.0
4.0,15.0,-34.93,138.6,58.0,45.0
4.0,9.0,-34.93,138.6,58.0,44.0
4.0,15.0,-34.93,138.6,58.0,45.0
4.0,9.0,-34.93,138.6,58.0,31.0
4.0,15.0,-34.93,138.6,58.0,17.0
4.0,9.0,-34.93,138.6,58.0,32.0
4.0,15.0,-34.93,138.6,58.0,30.0
4.0,9.0,-34.93,138.6,58.0,91.0
4.0,15.0,-34.93,138.6,58.0,85.0
4.0,9.0,-34.93,138.6,58.0,77.0
4.0,15.0,-34.93,138.6,58.0,66.0
4.0,9.0,-34.93,138.6,58.0,77.0
4.0,15.0,-34.93,138.6,58.0,55.0
4.0,9.0,-34.93,138.6,58.0,74.0
4.0,15.0,-34.93,138.6,58.0,68.0
4.0,9.0,-34.93,138.6,58.0,93.0
4.0,15.0,-34.93,138.6,58.0,86.0
4.0,9.0,-34.93,138.6,58.0,71.0
4.0,15.0,-34.93,138.6,58.0,69.0
4.0,9.0,-34.93,138.6,58.0,45.0
4.0,15.0,-34.93,138.6,58.0,42.0
4.0,9.0,-34.93,138.6,58.0,76.0
4.0,15.0,-34.93,138.6,58.0,55.0
4.0,9.0,-34.93,138.6,58.0,96.0
4.0,15.0,-34.93,138.6,58.0,59.0
4.0,9.0,-34.93,138.6,58.0,87.0
4.0,15.0,-34.93,138.6,58.0,61.0
4.0,9.0,-34.93,138.6,58.0,59.0
4.0,15.0,-34.93,138.6,58.0,47.0
