6.0,9.0,-34.93,138.6,58.0,64.0
6.0,15.0,-34.93,138.6,58.0,51.0
6.0,9.0,-34.93,138.6,58.0,66.0
6.0,15.0,-34.93,138.6,58.0,46.0
6.0,9.0,-34.93,138.6,58.0,72.0
6.0,15.0,-34.93,138.6,58.0,56.0
6.0,9.0,-34.93,138.6,58.0,73.0
6.0,15.0,-34.93,138.6,58.0,67.0
6.0,9.0,-34.93,138.6,58.0,70.0
6.0,15.0,-34.93,138.6,58.0,62.0
6.0,9.0,-34.93,138.6,58.0,78.0
6.0,15.0,-34.93,138.6,58.0,51.0
6.0,9.0,-34.93,138.6,58.0,77.0
6.0,15.0,-34.93,138.6,58.0,54.0
6.0,9.0,-34.93,138.6,58.0,82.0
6.0,15.0,-34.93,138.6,58.0,77.0
6.0,9.0,-34.93,138.6,58.0,75.0
6.0,15.0,-34.93,138.6,58.0,60.0
6.0,9.0,-34.93,138.6,58.0,69.0
6.0,15.0,-34.93,138.6,58.0,56.0
6.0,9.0,-34.93,138.6,58.0,84.0
6.0,15.0,-34.93,138.6,58.0,60.0
6.0,9.0,-34.93,138.6,58.0,72.0
6.0,15.0,-34.93,138.6,58.0,75.0
6.0,9.0,-34.93,138.6,58.0,80.0
6.0,15.0,-34.93,138.6,58.0,66.0
6.0,9.0,-34.93,138.6,58.0,71.0
6.0,15.0,-34.93,138.6,58.0,42.0
6.0,9.0,-34.93,138.6,58.0,68.0
6.0,15.0,-34.93,138.6,58.0,43.0
6.0,9.0,-34.93,138.6,58.0,76.0
6.0,15.0,-34.93,138.6,58.0,65.0
6.0,9.0,-34.93,138.6,58.0,94.0
6.0,15.0,-34.93,138.6,58.0,69.0
6.0,9.0,-34.93,138.6,58.0,99.0
6.0,15.0,-34.93,138.6,58.0,77.0
6.0,9.0,-34.93,138.6,58.0,83.0
6.0,15.0,-34.93,138.6,58.0,69.0
6.0,9.0,-34.93,138.6,58.0,76.0
6.0,15.0,-34.93,138.6,58.0,40.0
6.0,9.0,-34.93,138.6,58.0,77.0
6.0,15.0,-34.93,138.6,58.0,64.0
6.0,9.0,-34.93,138.6,58.0,62.0
6.0,15.0,-34.93,138.6,58.0,30.0
6.0,9.0,-34.93,138.6,58.0,54.0
6.0,15.0,-34.93,138.6,58.0,51.0
6.0,9.0,-34.93,138.6,58.0,77.0
6.0,15.0,-34.93,138.6,58.0,74.0
6.0,9.0,-34.93,138.6,58.0,89.0
6.0,15.0,-34.93,138.6,58.0,77.0
6.0,9.0,-34.93,138.6,58.0,94.0
6.0,15.0,-34.93,138.6,58.0,71.0
6.0,9.0,-34.93,138.6,58.0,71.0
6.0,15.0,-34.93,138.6,58.0,68.0
6.0,9.0,-34.93,138.6,58.0,77.0
6.0,15.0,-34.93,138.6,58.0,83.0
6.0,9.0,-34.93,138.6,58.0,78.0
6.0,15.0,-34.93,138.6,58.0,73.0
6.0,9.0,-34.93,138.6,58.0,93.0
6.0,15.0,-34.93,138.6,58.0,68.0
