7.0,9.0,-34.93,138.6,58.0,59.0
7.0,15.0,-34.93,138.6,58.0,55.0
7.0,9.0,-34.93,138.6,58.0,55.0
7.0,15.0,-34.93,138.6,58.0,27.0
7.0,9.0,-34.93,138.6,58.0,57.0
7.0,15.0,-34.93,138.6,58.0,70.0
7.0,9.0,-34.93,138.6,58.0,92.0
7.0,15.0,-34.93,138.6,58.0,82.0
7.0,9.0,-34.93,138.6,58.0,83.0
7.0,15.0,-34.93,138.6,58.0,73.0
7.0,9.0,-34.93,138.6,58.0,78.0
7.0,15.0,-34.93,138.6,58.0,55.0
7.0,9.0,-34.93,138.6,58.0,84.0
7.0,15.0,-34.93,138.6,58.0,86.0
7.0,9.0,-34.93,138.6,58.0,95.0
7.0,15.0,-34.93,138.6,58.0,67.0
7.0,9.0,-34.93,138.6,58.0,79.0
7.0,15.0,-34.93,138.6,58.0,64.0
7.0,9.0,-34.93,138.6,58.0,82.0
7.0,15.0,-34.93,138.6,58.0,57.0
7.0,9.0,-34.93,138.6,58.0,79.0
7.0,15.0,-34.93,138.6,58.0,52.0
7.0,9.0,-34.93,138.6,58.0,48.0
7.0,15.0,-34.93,138.6,58.0,29.0
7.0,9.0,-34.93,138.6,58.0,55.0
7.0,15.0,-34.93,138.6,58.0,41.0
7.0,9.0,-34.93,138.6,58.0,70.0
7.0,15.0,-34.93,138.6,58.0,75.0
7.0,9.0,-34.93,138.6,58.0,87.0
7.0,15.0,-34.93,138.6,58.0,58.0
7.0,9.0,-34.93,138.6,58.0,57.0
7.0,15.0,-34.93,138.6,58.0,65.0
7.0,9.0,-34.93,138.6,58.0,79.0
7.0,15.0,-34.93,138.6,58.0,69.0
7.0,9.0,-34.93,138.6,58.0,79.0
7.0,15.0,-34.93,138.6,58.0,71.0
7.0,9.0,-34.93,138.6,58.0,70.0
7.0,15.0,-34.93,138.6,58.0,56.0
7.0,9.0,-34.93,138.6,58.0,78.0
7.0,15.0,-34.93,138.6,58.0,60.0
7.0,9.0,-34.93,138.6,58.0,52.0
7.0,15.0,-34.93,138.6,58.0,39.0
7.0,9.0,-34.93,138.6,58.0,47.0
7.0,15.0,-34.93,138.6,58.0,38.0
7.0,9.0,-34.93,138.6,58.0,95.0
7.0,15.0,-34.93,138.6,58.0,78.0
7.0,9.0,-34.93,138.6,58.0,79.0
7.0,15.0,-34.93,138.6,58.0,52.0
7.0,9.0,-34.93,138.6,58.0,64.0
7.0,15.0,-34.93,138.6,58.0,77.0
7.0,9.0,-34.93,138.6,58.0,82.0
7.0,15.0,-34.93,138.6,58.0,68.0
7.0,9.0,-34.93,138.6,58.0,57.0
7.0,15.0,-34.93,138.6,58.0,70.0
7.0,9.0,-34.93,138.6,58.0,90.0
7.0,15.0,-34.93,138.6,58.0,32.0
7.0,9.0,-34.93,138.6,58.0,21.0
7.0,15.0,-34.93,138.6,58.0,74.0
7.0,9.0,-34.93,138.6,58.0,82.0
7.0,15.0,-34.93,138.6,58.0,68.0
7.0,9.0,-34.93,138.6,58.0,72.0
7.0,15.0,-34.93,138.6,58.0,68.0
