9.0,9.0,-34.93,138.6,58.0,69.0
9.0,15.0,-34.93,138.6,58.0,63.0
9.0,9.0,-34.93,138.6,58.0,70.0
9.0,15.0,-34.93,138.6,58.0,64.0
9.0,9.0,-34.93,138.6,58.0,86.0
9.0,15.0,-34.93,138.6,58.0,58.0
9.0,9.0,-34.93,138.6,58.0,74.0
9.0,15.0,-34.93,138.6,58.0,70.0
9.0,9.0,-34.93,138.6,58.0,67.0
9.0,15.0,-34.93,138.6,58.0,61.0
9.0,9.0,-34.93,138.6,58.0,52.0
9.0,15.0,-34.93,138.6,58.0,38.0
9.0,9.0,-34.93,138.6,58.0,40.0
9.0,15.0,-34.93,138.6,58.0,36.0
9.0,9.0,-34.93,138.6,58.0,65.0
9.0,15.0,-34.93,138.6,58.0,72.0
9.0,9.0,-34.93,138.6,58.0,72.0
9.0,15.0,-34.93,138.6,58.0,72.0
9.0,9.0,-34.93,138.6,58.0,57.0
9.0,15.0,-34.93,138.6,58.0,64.0
9.0,9.0,-34.93,138.6,58.0,70.0
9.0,15.0,-34.93,138.6,58.0,56.0
9.0,9.0,-34.93,138.6,58.0,83.0
9.0,15.0,-34.93,138.6,58.0,83.0
9.0,9.0,-34.93,138.6,58.0,79.0
9.0,15.0,-34.93,138.6,58.0,90.0
9.0,9.0,-34.93,138.6,58.0,80.0
9.0,15.0,-34.93,138.6,58.0,87.0
9.0,9.0,-34.93,138.6,58.0,77.0
9.0,15.0,-34.93,138.6,58.0,59.0
9.0,9.0,-34.93,138.6,58.0,74.0
9.0,15.0,-34.93,138.6,58.0,44.0
9.0,9.0,-34.93,138.6,58.0,46.0
9.0,15.0,-34.93,138.6,58.0,79.0
9.0,9.0,-34.93,138.6,58.0,75.0
9.0,15.0,-34.93,138.6,58.0,68.0
9.0,9.0,-34.93,138.6,58.0,63.0
9.0,15.0,-34.93,138.6,58.0,42.0
9.0,9.0,-34.93,138.6,58.0,79.0
9.0,15.0,-34.93,138.6,58.0,63.0
9.0,9.0,-34.93,138.6,58.0,62.0
9.0,15.0,-34.93,138.6,58.0,60.0
9.0,9.0,-34.93,138.6,58.0,61.0
9.0,15.0,-34.93,138.6,58.0,51.0
9.0,9.0,-34.93,138.6,58.0,47.0
9.0,15.0,-34.93,138.6,58.0,47.0
9.0,9.0,-34.93,138.6,58.0,91.0
9.0,15.0,-34.93,138.6,58.0,72.0
9.0,9.0,-34.93,138.6,58.0,69.0
9.0,15.0,-34.93,138.6,58.0,50.0
9.0,9.0,-34.93,138.6,58.0,51.0
9.0,15.0,-34.93,138.6,58.0,41.0
9.0,9.0,-34.93,138.6,58.0,60.0
9.0,15.0,-34.93,138.6,58.0,54.0
9.0,9.0,-34.93,138.6,58.0,34.0
9.0,15.0,-34.93,138.6,58.0,62.0
9.0,9.0,-34.93,138.6,58.0,73.0
9.0,15.0,-34.93,138.6,58.0,93.0
9.0,9.0,-34.93,138.6,58.0,81.0
9.0,15.0,-34.93,138.6,58.0,69.0
